42.0	48.333332	65.0	63.666668	43.0	46.333332	91.0	147.66667	174.33333	189.33333	201.33333	208.33333	213.66667	215.0	214.66667	216.66667	217.33333	217.0	216.66667	216.66667	218.33333	218.0	217.0	215.66667	213.33333	210.66667	206.33333	200.0	191.33333	176.33333	153.0	119.333336	76.0	38.0	23.0	22.0	
48.0	50.666668	63.0	65.0	45.333332	49.333332	105.0	157.33333	179.33333	190.66667	200.66667	205.66667	210.33333	214.0	216.0	217.66667	218.33333	217.0	216.33333	218.33333	220.33333	217.66667	215.33333	215.0	212.33333	210.33333	208.0	203.66667	196.66667	185.33333	163.33333	136.0	98.0	52.333332	27.333334	24.0	
54.0	52.333332	62.333332	64.333336	54.666668	59.666668	118.333336	163.33333	181.66667	190.33333	199.66667	205.66667	206.66667	207.66667	211.33333	216.66667	218.0	218.0	217.0	219.0	218.33333	216.0	215.0	214.0	211.0	208.0	206.33333	204.66667	199.0	189.66667	170.0	146.0	117.0	72.333336	37.666668	26.666666	
56.333332	52.666668	68.666664	65.666664	60.0	76.666664	126.333336	159.33333	176.0	188.33333	197.0	202.33333	203.66667	205.0	209.33333	214.66667	219.33333	221.0	218.0	215.66667	213.33333	211.0	211.0	209.66667	206.66667	203.0	201.0	199.66667	195.66667	188.0	170.66667	150.0	127.333336	90.333336	50.333332	30.0	
57.666668	51.333332	74.333336	67.666664	59.333332	84.0	132.0	161.0	174.0	186.66667	192.66667	198.33333	200.33333	203.0	206.33333	210.66667	215.66667	220.66667	217.66667	211.33333	207.33333	204.66667	205.0	204.33333	201.33333	198.33333	197.33333	196.33333	192.0	184.33333	171.66667	156.33333	137.33333	105.666664	61.0	32.0	
58.0	47.666668	72.0	65.0	54.666668	88.666664	139.0	160.66667	172.33333	185.0	190.66667	194.33333	196.33333	200.0	202.66667	205.0	210.66667	216.66667	213.66667	207.0	202.66667	201.0	201.33333	199.66667	196.66667	195.66667	195.33333	193.66667	187.66667	181.66667	174.66667	164.33333	148.0	118.0	72.333336	35.666668	
56.0	44.666668	66.666664	65.0	50.0	88.666664	140.33333	156.0	169.0	183.0	189.0	193.0	194.66667	197.66667	199.33333	200.33333	204.33333	209.0	207.33333	203.33333	201.33333	199.66667	200.33333	198.33333	196.66667	194.33333	191.66667	188.0	182.33333	179.33333	177.33333	170.0	156.33333	128.66667	82.333336	37.666668	
59.0	45.333332	63.666668	66.333336	47.666668	86.0	139.0	154.33333	166.0	180.0	189.33333	194.66667	194.66667	195.66667	197.0	197.33333	200.66667	204.0	206.0	204.0	202.0	198.33333	198.33333	196.33333	195.33333	194.33333	189.66667	184.0	177.66667	176.66667	176.33333	172.0	160.33333	136.0	89.333336	39.333332	
60.666668	40.666668	57.0	63.0	45.333332	81.0	136.66667	154.33333	167.0	181.0	190.33333	196.0	194.66667	195.0	197.33333	197.66667	200.0	203.33333	206.0	204.33333	200.33333	197.33333	196.0	194.0	194.33333	194.0	187.33333	181.66667	176.66667	176.33333	177.66667	174.0	164.33333	143.66667	99.0	43.333332	
49.333332	33.666668	49.333332	57.0	42.666668	77.333336	134.66667	155.0	169.0	183.66667	193.66667	199.33333	199.0	199.0	202.0	202.0	202.66667	204.66667	207.33333	206.0	200.66667	196.66667	194.66667	193.0	192.33333	192.66667	190.0	186.33333	183.66667	184.33333	184.0	180.0	171.66667	152.0	104.0	46.666668	
34.333332	30.666666	46.333332	45.666668	38.333332	75.666664	133.0	154.0	171.33333	185.66667	196.0	203.66667	205.33333	206.66667	207.33333	206.66667	206.66667	211.0	213.0	209.66667	203.0	197.33333	194.66667	195.0	195.33333	197.66667	196.0	194.66667	193.33333	194.0	192.33333	187.33333	181.33333	166.0	113.333336	49.666668	
26.666666	37.333332	52.666668	38.333332	34.333332	73.666664	131.0	152.33333	172.33333	188.33333	198.66667	206.66667	212.33333	213.0	211.66667	212.33333	215.66667	220.0	218.66667	212.33333	205.0	199.33333	197.0	199.0	201.66667	203.33333	200.33333	198.33333	194.33333	195.66667	197.66667	196.0	191.66667	178.66667	127.0	46.0	
24.0	45.666668	55.0	36.333332	31.333334	74.0	127.333336	155.33333	179.33333	195.0	203.0	209.66667	216.33333	216.66667	215.33333	215.66667	222.0	223.66667	217.66667	209.33333	203.33333	197.66667	196.66667	198.33333	199.0	199.0	196.0	193.33333	191.0	193.0	193.33333	188.33333	180.66667	173.33333	134.0	45.0	
27.333334	54.0	52.0	34.0	31.333334	81.0	128.33333	155.66667	181.33333	192.33333	191.66667	192.33333	195.66667	201.66667	207.66667	210.33333	215.0	214.33333	208.66667	200.66667	192.66667	186.66667	185.33333	187.66667	188.66667	189.33333	185.33333	182.0	177.0	170.33333	157.66667	143.66667	132.0	126.0	112.666664	46.666668	
33.0	64.666664	49.0	31.0	35.666668	89.666664	129.0	145.0	162.33333	164.33333	153.66667	146.66667	147.66667	155.66667	161.0	167.0	169.66667	172.0	177.0	176.66667	173.33333	171.66667	173.33333	175.33333	175.66667	172.66667	162.0	146.66667	128.66667	106.0	91.666664	86.0	90.666664	91.0	90.666664	53.0	
45.333332	70.333336	43.333332	27.333334	42.0	96.0	118.0	126.666664	132.0	129.66667	124.666664	121.333336	122.0	115.666664	106.666664	99.0	98.333336	103.666664	115.0	130.0	147.66667	156.66667	166.33333	168.0	163.33333	154.0	131.66667	103.666664	86.0	80.666664	90.333336	104.666664	116.333336	116.666664	107.666664	68.0	
58.0	73.333336	41.0	28.333334	53.333332	108.333336	128.0	137.66667	138.66667	139.66667	141.33333	142.0	141.33333	135.0	121.666664	103.0	94.0	89.333336	95.666664	108.666664	135.0	154.0	167.66667	169.33333	156.0	132.66667	103.666664	92.0	94.0	100.666664	110.666664	117.666664	119.666664	120.333336	122.333336	80.0	
65.333336	75.0	42.333332	41.0	82.0	132.0	152.66667	153.33333	150.66667	146.0	136.0	129.33333	121.333336	102.333336	85.333336	77.333336	82.333336	87.333336	100.0	114.333336	134.0	158.0	174.33333	174.0	151.0	114.666664	94.666664	103.333336	96.666664	80.333336	70.333336	69.666664	76.0	92.333336	121.666664	90.333336	
79.333336	98.0	80.0	99.0	141.66667	167.33333	166.66667	151.66667	138.0	120.666664	98.333336	101.333336	113.0	80.0	50.333332	56.0	83.0	94.333336	108.0	117.0	136.33333	166.66667	187.33333	186.0	154.66667	113.0	108.333336	132.0	113.666664	63.666668	50.0	70.333336	83.0	100.0	133.0	104.0	
110.0	157.66667	166.0	178.0	188.0	181.66667	171.0	157.33333	145.33333	138.66667	133.33333	148.33333	160.33333	120.333336	86.666664	93.666664	111.333336	118.0	141.66667	142.0	147.66667	175.66667	197.33333	197.66667	164.66667	126.333336	129.66667	146.66667	143.0	108.333336	107.0	134.0	147.66667	150.33333	158.33333	122.666664	
134.0	197.66667	209.33333	206.66667	199.66667	191.66667	186.66667	181.66667	177.33333	176.66667	178.66667	183.33333	187.33333	169.33333	152.0	141.0	133.33333	143.66667	165.33333	161.66667	161.0	183.0	203.33333	204.66667	178.33333	143.0	145.66667	145.66667	153.66667	153.0	151.33333	157.66667	163.66667	164.33333	167.66667	130.66667	
135.66667	199.33333	212.33333	211.33333	202.66667	193.0	188.33333	185.66667	184.66667	181.33333	177.66667	172.33333	168.0	160.66667	150.66667	144.33333	141.0	155.33333	170.0	171.0	175.0	192.0	207.66667	213.0	193.66667	155.33333	142.0	139.0	142.33333	141.66667	139.33333	147.0	160.66667	167.0	162.33333	128.33333	
141.66667	190.66667	205.66667	212.0	205.33333	192.33333	186.66667	185.66667	186.66667	185.0	181.33333	175.66667	168.33333	162.33333	159.0	159.33333	164.0	176.66667	180.33333	179.33333	183.0	197.0	211.0	217.0	206.66667	175.66667	151.0	151.33333	150.66667	149.66667	153.66667	167.33333	179.0	179.66667	167.33333	131.33333	
151.66667	183.33333	198.66667	209.66667	206.66667	192.33333	190.0	189.0	191.66667	193.0	192.0	191.33333	191.0	188.66667	188.33333	189.33333	192.66667	193.33333	190.33333	187.0	186.33333	197.0	209.0	216.0	212.33333	190.33333	167.66667	172.0	179.33333	183.0	186.0	191.66667	195.33333	186.66667	172.33333	131.33333	
163.33333	177.66667	187.33333	198.33333	202.33333	196.66667	197.0	194.0	196.0	200.66667	200.33333	198.33333	198.66667	197.66667	198.66667	201.0	203.33333	200.0	195.33333	191.33333	190.33333	196.66667	207.0	214.0	213.0	201.66667	182.33333	180.33333	188.0	195.0	199.0	199.33333	198.33333	185.66667	169.0	121.666664	
170.66667	178.33333	181.66667	188.66667	194.66667	200.33333	198.0	193.66667	197.33333	203.0	205.0	204.33333	204.0	203.0	202.33333	203.66667	203.66667	199.0	194.33333	192.0	193.0	195.33333	205.0	213.33333	214.66667	207.0	189.0	184.66667	192.0	196.66667	202.0	203.0	199.0	185.0	163.0	111.666664	
175.66667	181.33333	184.0	185.33333	189.33333	197.33333	196.0	196.0	198.33333	204.33333	207.66667	208.66667	205.66667	203.33333	202.66667	201.66667	199.66667	195.66667	192.33333	191.0	190.0	190.66667	200.66667	212.0	216.0	211.0	192.0	178.66667	188.66667	196.33333	200.0	200.0	194.66667	181.66667	157.0	114.333336	
187.33333	184.66667	182.33333	180.33333	180.66667	184.66667	191.0	196.66667	198.0	202.0	206.0	209.66667	207.0	203.33333	199.66667	194.66667	189.0	185.0	185.66667	186.0	183.33333	185.33333	196.66667	209.66667	216.66667	215.0	196.33333	163.66667	167.66667	182.66667	189.66667	192.0	187.33333	174.33333	146.33333	117.0	
188.66667	187.0	180.33333	176.0	172.0	173.66667	186.0	195.0	196.33333	197.33333	201.0	206.0	204.66667	198.33333	190.66667	179.0	170.0	170.33333	182.66667	192.33333	193.0	191.0	196.33333	208.0	217.0	213.0	198.33333	166.33333	145.0	154.66667	169.66667	178.0	171.33333	161.66667	126.0	85.0	
186.66667	187.33333	176.0	169.0	168.33333	171.66667	181.33333	188.33333	187.66667	186.66667	188.66667	194.0	193.66667	186.33333	173.0	159.66667	157.66667	165.33333	185.33333	199.0	202.33333	200.33333	200.33333	209.0	213.66667	206.66667	193.33333	178.33333	144.0	131.33333	148.33333	157.33333	159.0	147.33333	95.666664	43.333332	
182.33333	183.33333	172.0	158.66667	161.66667	169.66667	174.66667	177.33333	179.0	176.66667	177.33333	181.33333	176.66667	164.0	153.0	152.0	164.66667	167.33333	178.0	194.33333	202.33333	199.0	198.0	204.33333	209.66667	200.33333	177.66667	172.66667	148.66667	119.0	128.0	138.66667	143.0	128.66667	74.0	34.0	
171.33333	178.66667	169.66667	153.66667	155.33333	163.33333	168.33333	170.66667	171.0	165.66667	165.66667	164.33333	153.66667	139.33333	139.66667	158.0	176.0	171.0	162.33333	162.33333	165.0	161.33333	163.66667	176.0	184.33333	168.66667	138.0	141.66667	139.66667	119.666664	114.333336	120.0	119.666664	109.666664	67.0	42.666668	
153.0	169.33333	164.33333	149.66667	148.66667	157.0	162.33333	163.33333	163.0	155.33333	148.33333	140.33333	131.33333	135.66667	147.66667	169.66667	180.33333	175.33333	159.0	138.0	121.0	113.333336	111.333336	128.33333	137.66667	119.333336	104.0	127.0	134.33333	120.666664	102.666664	101.0	107.0	98.333336	64.333336	50.333332	
135.0	152.33333	155.66667	150.33333	150.33333	154.0	155.33333	157.33333	157.66667	150.33333	135.33333	122.333336	122.666664	137.66667	150.33333	160.0	165.66667	168.33333	158.66667	141.33333	119.0	103.0	89.333336	98.333336	98.666664	90.333336	105.0	127.0	119.333336	104.333336	94.0	98.333336	106.666664	95.666664	66.666664	50.333332	
126.0	136.66667	144.66667	150.33333	149.66667	146.33333	146.33333	155.66667	156.33333	145.66667	132.33333	117.333336	121.333336	122.666664	127.0	132.0	140.33333	144.66667	140.33333	133.0	122.666664	106.333336	94.0	94.0	92.0	103.666664	128.0	131.66667	97.666664	76.333336	94.333336	117.0	107.666664	91.0	76.666664	53.333332	
137.0	129.66667	130.66667	141.33333	141.0	139.33333	140.0	151.33333	151.33333	145.0	138.33333	122.666664	110.333336	102.666664	106.333336	114.666664	123.333336	130.0	131.0	131.33333	130.66667	116.333336	106.666664	107.666664	110.0	124.666664	141.66667	131.0	92.0	73.666664	107.0	122.333336	97.0	82.333336	78.666664	61.666668	
153.66667	138.0	126.0	133.66667	134.0	135.66667	135.66667	144.0	145.33333	148.0	145.66667	126.333336	103.0	96.333336	105.0	119.666664	131.66667	143.0	148.0	146.33333	139.33333	128.66667	123.666664	125.333336	130.0	132.33333	128.33333	110.666664	94.666664	99.333336	123.0	106.333336	77.333336	69.666664	66.666664	60.0	
169.0	157.0	133.0	131.33333	136.0	131.33333	131.33333	136.66667	140.33333	146.33333	146.66667	123.0	98.0	95.666664	102.666664	110.333336	111.666664	115.333336	119.333336	123.333336	119.333336	115.0	119.666664	119.0	108.666664	94.0	89.0	99.666664	112.333336	119.0	121.666664	84.333336	59.0	53.0	48.333332	46.666668	
183.33333	174.33333	148.66667	128.33333	132.66667	125.666664	128.33333	132.66667	137.0	146.0	146.0	125.333336	114.0	123.333336	124.0	112.0	94.333336	83.333336	87.333336	102.333336	109.0	110.0	112.333336	118.666664	106.333336	91.333336	98.0	120.0	125.333336	122.0	103.0	62.666668	44.0	39.333332	38.666668	38.0	
191.0	181.66667	166.33333	138.33333	127.333336	117.333336	122.0	128.66667	132.66667	142.66667	143.0	135.33333	138.66667	150.33333	151.66667	142.66667	131.0	118.0	111.0	106.0	107.333336	114.0	113.666664	120.0	124.666664	121.666664	120.333336	131.0	129.33333	115.333336	74.0	41.666668	37.666668	36.666668	38.333332	40.0	
192.0	185.33333	178.66667	157.33333	129.66667	109.666664	117.333336	132.33333	132.0	136.66667	136.33333	136.66667	145.66667	156.0	157.33333	155.33333	147.0	141.66667	143.0	140.33333	139.66667	137.33333	132.0	133.0	138.0	130.33333	125.0	134.0	127.0	96.0	51.666668	33.333332	37.0	37.666668	38.666668	40.666668	
194.66667	182.66667	178.66667	170.33333	144.66667	116.666664	118.333336	137.0	134.33333	134.0	135.33333	137.0	147.33333	158.0	160.0	159.33333	150.33333	140.33333	136.0	134.33333	135.33333	133.33333	130.33333	129.0	126.0	116.666664	119.0	129.0	114.333336	73.666664	43.666668	39.0	41.666668	39.0	38.666668	41.333332	
194.33333	182.33333	176.33333	174.0	160.66667	134.0	119.666664	126.666664	133.66667	138.33333	139.33333	140.0	146.33333	155.0	159.33333	157.33333	149.0	133.33333	116.666664	108.333336	107.666664	110.666664	106.333336	103.666664	102.333336	107.0	121.666664	125.666664	101.333336	57.333332	42.666668	41.666668	42.0	42.666668	42.666668	44.666668	
193.66667	183.0	175.66667	173.0	163.66667	147.66667	129.66667	119.666664	128.33333	143.0	145.66667	143.33333	144.66667	151.33333	160.0	159.33333	150.66667	135.0	117.666664	98.666664	86.0	79.333336	78.0	82.666664	92.0	112.666664	130.66667	121.666664	82.0	47.333332	43.0	43.666668	44.666668	47.333332	47.666668	51.0	
185.66667	184.33333	178.33333	170.33333	160.0	150.66667	143.33333	127.666664	123.333336	135.0	141.0	141.66667	148.66667	157.0	160.33333	162.66667	158.33333	147.0	135.33333	117.333336	99.666664	88.666664	92.333336	102.333336	118.0	135.33333	138.33333	111.333336	67.666664	49.0	49.666668	46.666668	48.0	50.666668	52.666668	57.333332	
153.33333	181.0	183.66667	174.0	164.66667	155.66667	151.33333	139.33333	126.0	123.333336	128.33333	135.33333	149.66667	162.0	164.0	166.0	167.66667	164.33333	157.33333	145.33333	134.0	127.333336	132.0	142.66667	152.66667	155.33333	141.33333	99.333336	65.333336	55.333332	58.666668	56.333332	51.666668	54.333332	56.666668	60.0	
93.666664	153.33333	181.0	171.66667	168.66667	162.0	156.33333	151.0	140.33333	122.666664	118.0	124.333336	140.33333	153.33333	158.33333	163.33333	169.0	172.66667	170.33333	168.0	161.66667	158.66667	157.66667	159.66667	157.66667	155.0	136.33333	89.666664	68.666664	67.0	64.666664	61.333332	58.0	60.333332	60.333332	60.666668	
54.666668	102.666664	164.66667	172.0	172.33333	165.33333	159.66667	158.0	153.0	135.66667	121.333336	116.333336	123.666664	134.66667	142.66667	150.66667	159.33333	166.66667	166.66667	163.66667	161.0	157.33333	154.33333	151.0	144.66667	138.0	117.666664	72.666664	64.666664	69.0	67.666664	64.0	62.0	65.666664	66.666664	66.333336	
50.666668	61.666668	119.333336	161.33333	171.66667	166.0	161.33333	159.33333	155.66667	149.66667	134.66667	116.666664	111.333336	118.0	128.33333	134.0	143.33333	153.0	154.66667	155.66667	155.33333	150.33333	144.66667	140.0	133.33333	118.333336	87.0	53.666668	60.666668	69.333336	68.333336	66.0	64.333336	62.333332	61.333332	65.666664	
