38.0	29.666666	28.333334	35.333332	48.0	56.0	66.0	70.333336	72.333336	77.333336	81.666664	93.333336	108.666664	114.333336	118.0	127.333336	136.66667	148.0	155.33333	154.0	141.0	126.333336	113.0	103.333336	100.666664	94.666664	86.0	83.333336	80.666664	79.0	77.0	75.333336	54.333332	35.666668	44.0	38.666668	
36.666668	28.333334	36.333332	46.666668	53.0	55.333332	62.666668	67.666664	70.666664	77.333336	81.333336	91.0	102.666664	105.666664	105.0	111.333336	120.0	130.66667	133.33333	132.0	122.0	112.666664	106.666664	104.0	101.666664	93.666664	84.333336	81.666664	81.0	82.666664	82.666664	81.666664	65.333336	38.0	30.333334	33.333332	
30.666666	33.333332	48.666668	50.666668	48.0	48.0	54.666668	60.666668	66.0	71.666664	79.333336	87.333336	96.666664	102.333336	100.333336	103.0	107.0	112.333336	112.0	110.333336	106.333336	104.0	104.333336	105.666664	100.333336	89.666664	82.666664	78.333336	79.666664	88.0	89.0	86.333336	79.0	53.666668	30.333334	26.666666	
27.333334	39.333332	49.666668	43.666668	40.0	40.0	45.333332	51.666668	59.0	66.0	75.0	83.666664	90.666664	96.666664	96.0	98.0	100.0	101.666664	103.333336	101.0	100.666664	103.666664	107.0	106.666664	101.333336	90.666664	83.0	78.333336	79.666664	89.0	89.333336	89.0	88.333336	69.666664	42.0	26.666666	
32.333332	43.666668	41.333332	32.333332	31.0	32.333332	38.666668	44.666668	50.333332	57.0	66.666664	76.0	83.0	89.666664	90.666664	92.333336	92.666664	93.0	97.333336	98.0	98.666664	102.333336	106.666664	106.0	102.0	93.666664	85.666664	79.333336	78.333336	86.0	89.333336	94.666664	89.0	73.333336	52.666668	33.333332	
36.0	42.0	34.0	27.0	26.0	25.666666	31.0	37.333332	43.0	52.0	61.333332	72.0	81.333336	86.333336	88.333336	91.0	92.0	93.0	96.666664	98.333336	100.666664	105.0	106.666664	107.0	102.666664	95.666664	90.333336	83.0	78.333336	85.0	89.666664	93.0	84.333336	68.666664	53.666668	39.0	
34.0	37.666668	29.333334	26.333334	24.666666	24.0	29.333334	34.333332	40.666668	49.666668	57.666668	68.666664	79.666664	83.666664	86.666664	88.333336	90.0	93.0	95.0	97.333336	99.666664	102.0	104.0	105.0	102.666664	99.0	93.666664	87.666664	85.0	89.0	90.666664	86.666664	78.333336	67.666664	55.666668	39.666668	
32.333332	33.666668	25.666666	24.333334	23.333334	23.666666	28.333334	34.333332	39.666668	47.0	54.666668	65.333336	76.333336	81.666664	85.666664	87.333336	89.333336	91.666664	94.333336	98.666664	99.333336	101.0	105.0	106.333336	103.666664	100.0	94.666664	90.666664	93.0	90.666664	87.666664	78.333336	71.333336	65.333336	57.333332	41.333332	
29.666666	31.0	24.0	22.666666	23.333334	23.333334	27.666666	34.333332	40.666668	49.0	55.333332	64.0	75.0	81.666664	86.0	89.333336	91.333336	93.333336	96.666664	100.0	104.0	106.666664	109.0	109.0	106.0	100.333336	97.666664	97.0	99.666664	88.333336	77.666664	70.666664	64.333336	57.333332	55.333332	49.0	
28.666666	29.0	23.666666	22.0	23.0	24.333334	29.666666	36.666668	44.0	53.0	60.333332	68.0	76.666664	81.333336	81.666664	84.666664	87.666664	96.333336	99.333336	102.0	108.0	109.666664	110.0	111.333336	112.0	106.0	105.333336	105.666664	101.333336	88.666664	74.666664	64.0	57.666668	52.666668	52.0	48.666668	
29.666666	27.333334	23.666666	22.666666	23.333334	26.666666	34.0	41.0	49.666668	59.0	64.333336	68.666664	74.666664	80.333336	77.666664	79.666664	85.666664	92.666664	96.0	98.0	105.333336	108.666664	108.666664	109.666664	113.333336	113.333336	110.0	106.333336	96.666664	87.0	73.666664	62.0	55.0	50.666668	49.666668	47.0	
31.0	27.0	28.0	26.333334	25.666666	31.0	38.333332	45.333332	53.333332	61.0	63.0	60.333332	65.666664	76.333336	75.666664	77.0	83.666664	85.333336	83.333336	83.333336	92.0	95.0	88.666664	83.333336	89.0	96.0	97.666664	96.666664	91.0	81.666664	72.333336	63.0	53.0	48.666668	49.0	45.666668	
32.333332	30.333334	32.666668	31.666666	28.333334	32.0	38.666668	44.333332	48.666668	53.0	54.666668	52.333332	57.333332	71.0	75.0	75.666664	80.0	77.0	67.333336	57.666668	50.666668	47.666668	47.333332	51.0	60.333332	76.333336	89.333336	87.666664	79.0	71.333336	69.0	63.333332	54.333332	48.0	47.666668	46.333332	
32.666668	33.666668	34.333332	30.333334	25.333334	25.0	26.333334	28.666666	30.0	31.666666	37.0	42.666668	47.666668	57.666668	66.0	70.333336	76.666664	72.666664	57.0	41.333332	32.666668	35.666668	42.0	46.333332	54.333332	66.333336	80.666664	87.0	81.0	68.0	63.666668	63.0	59.666668	53.0	50.0	47.333332	
36.666668	35.666668	30.666666	25.333334	23.666666	24.333334	27.0	27.333334	26.333334	25.333334	26.666666	30.666666	38.333332	45.333332	58.333332	69.666664	76.666664	73.333336	57.666668	47.0	42.333332	47.666668	56.666668	64.0	72.666664	80.666664	87.0	87.0	84.666664	74.333336	63.333332	61.0	62.333332	58.333332	53.333332	45.666668	
41.333332	33.333332	29.0	26.0	28.666666	36.0	46.666668	50.0	48.0	40.666668	33.333332	28.666666	31.333334	38.666668	56.0	73.333336	81.333336	77.0	61.0	50.0	52.0	53.666668	53.333332	51.666668	52.666668	62.0	71.0	71.666664	76.666664	71.666664	63.666668	59.0	58.666668	56.333332	54.333332	48.333332	
41.666668	31.666666	26.666666	26.0	29.0	37.666668	54.333332	64.666664	65.0	59.333332	50.0	34.333332	27.333334	34.0	54.333332	80.0	90.666664	86.666664	66.333336	45.0	40.666668	35.666668	31.0	25.0	26.666666	29.333334	31.333334	35.666668	48.0	59.333332	58.0	54.333332	55.666668	51.666668	50.333332	48.666668	
37.666668	31.0	26.0	23.333334	23.0	25.333334	31.666666	37.666668	42.333332	48.666668	45.333332	39.666668	25.0	28.333334	51.666668	87.0	100.0	95.0	75.333336	46.333332	35.0	28.0	35.333332	41.333332	28.0	32.666668	23.0	25.666666	31.0	45.0	52.0	51.666668	55.0	51.0	49.333332	49.0	
36.0	35.333332	26.666666	14.333333	11.0	14.333333	16.0	23.333334	34.333332	43.0	37.0	33.0	24.0	25.666666	48.333332	84.333336	99.333336	99.0	91.666664	66.666664	42.0	42.333332	77.666664	97.666664	44.666668	29.333334	47.333332	56.0	43.333332	55.333332	59.333332	57.333332	58.0	51.666668	48.333332	48.333332	
36.0	38.0	22.0	9.333333	17.0	50.333332	33.666668	28.666666	49.666668	65.666664	48.0	34.0	26.333334	29.0	47.666668	78.333336	93.333336	94.333336	95.0	83.0	59.333332	63.333332	75.666664	85.333336	65.333336	47.666668	62.0	66.0	59.0	71.0	71.666664	65.666664	64.333336	57.666668	53.666668	53.666668	
36.0	33.0	17.0	13.0	31.0	69.333336	52.0	26.0	40.666668	71.666664	55.0	36.0	26.0	29.0	46.666668	70.333336	85.666664	85.666664	86.666664	85.0	70.333336	57.666668	55.0	58.666668	63.0	69.333336	78.0	77.333336	69.333336	70.333336	73.333336	69.0	70.0	64.666664	58.0	56.0	
33.333332	26.0	18.333334	18.666666	24.333334	33.333332	36.333332	39.0	56.333332	66.333336	64.333336	33.0	24.333334	32.333332	53.333332	78.333336	85.0	82.666664	84.666664	90.0	85.666664	71.333336	64.0	63.0	64.333336	70.333336	76.0	76.0	75.333336	78.0	80.333336	80.666664	79.333336	71.0	60.666668	56.333332	
32.333332	24.333334	21.0	22.333334	23.0	26.666666	33.333332	41.666668	56.0	62.666668	55.333332	28.666666	24.666666	42.333332	88.333336	126.333336	109.666664	84.0	78.666664	89.333336	101.0	92.666664	87.0	84.333336	80.666664	82.0	85.666664	84.0	85.666664	86.666664	92.666664	96.333336	86.0	74.333336	64.0	57.666668	
33.666668	25.333334	22.666666	24.0	26.333334	29.0	35.666668	42.666668	55.666668	58.666668	43.0	25.333334	28.0	55.0	110.0	141.33333	123.0	92.333336	73.0	76.333336	95.666664	97.0	94.666664	96.333336	90.333336	87.0	83.0	79.0	83.666664	94.0	108.666664	109.0	95.0	78.666664	65.333336	58.0	
36.666668	28.666666	27.0	31.0	35.666668	39.0	43.666668	48.333332	52.333332	48.666668	34.666668	23.333334	34.666668	69.333336	119.0	144.0	129.0	109.666664	81.333336	67.0	80.0	86.666664	87.666664	89.333336	89.666664	85.666664	80.666664	81.333336	96.0	117.333336	120.0	110.333336	99.333336	83.333336	67.0	57.0	
38.666668	30.0	30.333334	34.666668	39.666668	42.666668	47.333332	48.0	45.333332	39.666668	30.666666	25.0	45.666668	79.0	120.666664	155.33333	135.33333	114.333336	105.333336	79.0	73.0	86.0	85.0	84.0	86.666664	89.0	92.666664	102.333336	120.666664	127.0	119.666664	105.333336	94.0	81.333336	66.0	56.333332	
40.333332	30.0	30.333334	36.333332	42.666668	49.0	53.666668	51.333332	43.333332	33.0	29.0	37.333332	57.333332	75.333336	104.666664	138.0	133.0	112.666664	124.333336	124.0	94.333336	82.333336	81.333336	84.0	86.333336	94.0	101.333336	116.0	129.33333	129.33333	115.333336	97.333336	85.333336	76.0	62.0	52.333332	
43.0	31.0	30.333334	37.0	45.333332	52.333332	56.0	52.666668	42.0	36.666668	59.0	69.666664	67.666664	75.333336	92.333336	108.333336	116.666664	115.333336	129.66667	139.66667	120.333336	91.0	70.0	70.0	81.666664	96.666664	103.0	113.333336	123.0	125.666664	108.0	88.666664	76.666664	68.666664	58.333332	52.666668	
47.333332	35.0	33.666668	40.666668	48.333332	55.666668	61.0	51.666668	31.333334	39.0	59.0	60.333332	59.333332	71.333336	100.666664	118.666664	120.666664	120.333336	111.666664	106.333336	88.0	73.666664	62.666668	58.333332	60.0	75.0	87.0	97.333336	108.333336	110.666664	99.666664	82.333336	69.666664	61.666668	56.333332	53.666668	
51.333332	39.666668	34.666668	41.666668	48.666668	57.333332	54.0	33.333332	24.0	27.0	34.333332	39.666668	45.0	59.666668	81.0	96.0	105.666664	101.666664	83.333336	64.0	44.333332	50.666668	66.333336	64.666664	48.333332	52.666668	67.0	78.0	90.0	95.0	90.666664	79.333336	69.0	60.333332	57.333332	52.333332	
54.0	43.0	35.333332	40.333332	46.666668	48.666668	35.0	22.0	20.666666	15.666667	13.0	19.666666	32.0	46.0	59.333332	68.333336	76.0	73.0	65.666664	54.666668	51.0	70.666664	85.333336	79.333336	52.0	39.333332	49.0	62.0	73.0	78.333336	77.333336	72.0	66.666664	60.333332	58.0	51.0	
54.666668	45.333332	35.666668	38.666668	41.666668	36.333332	23.0	17.666666	16.0	15.666667	12.666667	10.666667	15.666667	27.0	40.333332	47.333332	55.0	59.333332	58.0	59.666668	71.0	87.0	93.0	88.333336	72.333336	46.666668	35.666668	51.0	64.0	64.333336	63.666668	61.0	60.0	58.333332	58.333332	51.666668	
53.666668	47.0	35.333332	33.0	33.666668	26.333334	18.333334	15.666667	16.666666	20.0	21.333334	19.666666	18.333334	19.666666	28.333334	40.666668	52.0	63.333332	76.666664	84.0	84.333336	80.333336	76.0	75.666664	77.333336	66.333336	42.666668	42.333332	61.0	57.333332	56.333332	55.333332	56.666668	58.0	59.333332	52.333332	
56.0	48.666668	32.666668	26.0	25.666666	19.666666	15.666667	15.333333	16.333334	20.0	23.666666	28.666666	35.333332	40.666668	52.666668	73.0	83.0	84.666664	93.666664	100.0	94.666664	80.333336	66.333336	62.333332	64.0	67.666664	57.333332	45.0	54.333332	57.0	51.666668	53.0	54.333332	58.0	60.666668	53.0	
56.666668	50.0	32.333332	23.333334	22.666666	16.666666	16.0	17.333334	21.0	23.0	24.333334	24.666666	31.333334	32.333332	37.666668	49.0	54.666668	53.333332	53.0	57.0	55.333332	47.333332	40.666668	39.666668	42.0	48.666668	51.0	51.333332	51.0	57.666668	54.0	54.333332	57.333332	61.333332	61.666668	53.333332	
56.666668	50.666668	33.333332	23.666666	23.666666	20.666666	19.333334	19.333334	18.0	17.333334	17.0	16.0	21.333334	26.0	33.666668	38.666668	53.0	59.666668	53.666668	61.666668	63.666668	69.333336	63.666668	48.0	30.666666	24.333334	35.666668	54.333332	55.0	57.333332	53.333332	55.333332	59.0	61.333332	59.333332	52.0	
57.666668	53.0	34.666668	24.666666	23.666666	23.333334	22.0	19.666666	11.333333	8.333333	16.333334	35.0	49.0	74.0	114.333336	107.333336	141.0	158.33333	140.66667	162.33333	155.0	161.66667	153.66667	125.333336	70.0	43.333332	49.0	59.333332	58.666668	57.666668	54.333332	58.333332	60.333332	59.666668	56.666668	51.333332	
58.0	56.333332	38.333332	25.0	23.333334	24.333334	24.333334	24.0	13.666667	9.333333	41.0	90.666664	132.0	160.66667	189.33333	171.0	184.33333	204.66667	189.0	199.0	179.66667	158.0	129.33333	98.333336	66.666664	69.666664	76.666664	64.666664	63.333332	55.333332	55.333332	61.333332	62.0	58.0	55.0	50.0	
59.666668	57.666668	45.666668	27.666666	22.333334	25.0	31.666666	29.666666	32.333332	21.333334	34.666668	70.333336	112.333336	149.66667	175.33333	170.33333	165.66667	181.66667	178.0	177.0	154.0	103.666664	74.666664	64.0	66.666664	86.0	88.333336	68.666664	61.333332	54.666668	59.666668	63.333332	60.666668	55.666668	53.666668	47.666668	
60.0	58.666668	52.333332	29.666666	21.0	24.333334	47.333332	45.0	48.666668	32.333332	27.0	38.0	56.333332	84.0	114.0	131.66667	129.66667	131.0	130.0	118.666664	101.0	77.666664	70.0	67.333336	78.666664	94.333336	87.666664	70.333336	56.0	57.666668	65.666664	65.666664	61.333332	55.666668	49.666668	46.0	
60.333332	60.333332	56.333332	39.0	23.666666	21.0	39.0	46.0	37.333332	28.333334	25.333334	28.666666	38.0	56.666668	76.0	88.333336	81.0	81.0	93.666664	99.666664	107.0	91.333336	80.0	76.333336	89.666664	95.333336	85.666664	71.666664	58.333332	65.666664	68.0	63.666668	57.666668	55.666668	48.333332	42.666668	
61.666668	61.0	57.666668	49.0	28.333334	20.0	25.0	39.333332	30.666666	27.0	26.666666	26.333334	31.0	48.666668	72.333336	87.666664	82.333336	78.333336	85.0	81.333336	83.666664	81.0	77.666664	85.0	94.666664	91.666664	84.0	72.0	64.666664	70.333336	66.666664	58.666668	53.666668	51.333332	45.666668	42.666668	
63.0	59.0	57.333332	52.666668	40.0	21.666666	19.333334	28.333334	29.333334	29.666666	28.666666	25.0	24.333334	34.333332	49.666668	62.666668	62.333332	59.666668	60.333332	58.333332	63.0	73.0	88.333336	94.666664	93.333336	88.666664	82.333336	72.666664	69.0	68.333336	60.333332	55.333332	52.333332	49.666668	43.333332	55.666668	
63.666668	57.666668	57.0	56.0	58.666668	29.666666	18.333334	22.333334	27.333334	29.666666	28.666666	24.666666	21.0	23.0	28.666666	35.0	41.333332	48.333332	55.0	65.333336	82.666664	95.0	100.0	95.666664	90.666664	88.666664	82.666664	73.333336	68.333336	64.0	56.333332	54.666668	50.333332	49.0	54.0	99.333336	
61.666668	56.0	51.333332	80.333336	125.333336	73.333336	22.333334	21.0	25.666666	28.0	29.666666	27.333334	25.666666	31.666666	44.0	55.0	67.666664	79.333336	89.0	98.666664	107.333336	106.666664	101.666664	96.0	92.666664	88.0	80.0	71.333336	65.333336	58.666668	53.333332	52.0	52.666668	55.0	64.333336	109.666664	
52.333332	39.0	50.0	128.0	165.66667	122.666664	39.333332	19.666666	24.333334	25.666666	30.333334	32.666668	30.666666	39.333332	53.333332	65.666664	79.666664	90.0	96.0	102.0	111.0	111.333336	103.333336	98.666664	95.0	83.333336	72.0	64.333336	59.666668	53.333332	51.333332	56.666668	64.666664	60.333332	55.333332	78.333336	
34.333332	20.333334	64.666664	155.0	170.66667	153.0	82.666664	28.0	21.666666	24.666666	28.0	34.0	34.666668	37.666668	49.0	62.666668	76.0	86.0	92.333336	98.333336	105.0	107.333336	102.333336	99.0	88.333336	70.333336	59.666668	56.333332	55.666668	56.333332	61.666668	66.666664	64.333336	54.0	58.666668	124.666664	
26.666666	15.333333	70.333336	152.0	165.66667	168.33333	131.0	59.333332	25.333334	24.333334	25.666666	29.333334	36.0	38.666668	50.666668	62.666668	71.0	77.0	82.666664	90.333336	95.333336	97.0	95.0	87.0	70.333336	61.333332	58.0	60.666668	65.333336	65.333336	64.666664	63.333332	56.666668	57.666668	118.0	196.33333	
29.666666	13.333333	59.666668	147.33333	163.33333	171.33333	172.33333	137.0	71.0	36.333332	33.0	32.0	30.666666	37.333332	48.666668	60.333332	65.666664	66.666664	69.0	77.666664	82.333336	83.0	82.333336	76.333336	71.0	70.0	68.0	63.0	60.0	63.0	66.666664	64.666664	74.0	131.66667	200.0	230.66667	
