31.333334	20.333334	15.666667	13.333333	17.333334	27.333334	57.0	88.666664	109.333336	126.333336	139.33333	149.66667	157.0	159.0	157.66667	158.0	158.33333	159.33333	156.33333	153.66667	153.66667	154.66667	154.33333	151.66667	147.0	142.66667	135.33333	118.333336	93.333336	59.666668	33.0	19.0	14.333333	12.333333	12.0	14.0	
26.0	17.333334	16.0	17.0	20.333334	38.666668	71.0	101.333336	121.0	137.33333	148.0	155.0	159.33333	160.66667	160.66667	161.0	162.0	164.33333	162.0	159.66667	157.66667	158.66667	158.0	156.66667	152.33333	148.0	139.66667	127.666664	113.333336	85.0	51.666668	28.333334	15.333333	12.0	14.666667	15.666667	
21.0	15.333333	15.666667	19.666666	28.0	58.666668	86.0	112.333336	130.66667	145.0	153.66667	159.0	160.66667	162.66667	163.0	163.33333	164.66667	167.0	165.33333	163.0	160.33333	160.33333	160.33333	159.66667	155.66667	151.66667	143.0	134.0	125.666664	107.333336	75.666664	42.666668	19.666666	13.666667	15.0	17.666666	
20.666666	15.666667	17.666666	19.0	36.666668	78.0	103.0	123.0	137.0	148.0	156.33333	160.66667	163.0	164.66667	165.0	165.0	166.66667	167.33333	165.33333	163.66667	161.0	158.66667	158.33333	159.0	157.0	151.66667	146.66667	140.0	131.66667	122.0	101.333336	67.0	30.333334	16.333334	15.666667	18.333334	
22.333334	18.666666	21.333334	23.666666	52.0	92.333336	115.333336	131.0	140.66667	152.33333	158.66667	160.33333	162.66667	164.0	165.66667	166.33333	167.0	166.33333	164.66667	164.66667	162.66667	160.0	158.33333	158.66667	155.33333	150.33333	147.66667	144.33333	135.66667	126.666664	114.333336	90.666664	47.666668	21.666666	19.333334	16.666666	
22.333334	18.333334	22.0	29.333334	67.666664	101.0	119.666664	131.66667	144.0	154.0	159.0	159.33333	163.33333	165.33333	165.66667	164.66667	163.66667	164.66667	165.33333	165.33333	163.66667	161.66667	158.66667	157.0	154.0	150.0	146.0	144.33333	138.33333	131.33333	123.333336	107.333336	68.666664	25.333334	20.333334	14.333333	
19.333334	22.0	23.666666	43.666668	84.333336	106.0	122.0	135.33333	147.0	154.0	159.33333	159.33333	163.0	166.33333	165.66667	163.0	164.33333	166.66667	166.33333	165.66667	164.33333	161.66667	159.0	157.33333	153.0	148.66667	145.0	141.0	135.0	129.66667	126.0	112.333336	85.0	37.666668	20.0	14.333333	
21.666666	27.0	24.0	54.0	92.0	108.666664	120.666664	134.33333	145.33333	153.0	160.33333	161.33333	165.0	166.66667	166.33333	165.66667	166.66667	168.33333	168.66667	169.0	168.66667	166.66667	160.0	149.33333	138.0	131.0	127.0	119.333336	114.0	113.666664	119.0	114.333336	96.666664	59.333332	26.0	15.333333	
23.666666	28.0	29.0	62.666668	96.666664	111.333336	121.0	131.0	139.33333	145.33333	151.0	152.33333	160.0	166.0	169.66667	170.33333	171.0	171.0	174.0	174.33333	174.33333	169.0	137.66667	96.666664	75.666664	64.0	60.0	61.333332	61.666668	67.333336	79.0	97.0	103.0	79.666664	40.333332	18.333334	
24.0	23.0	35.666668	72.666664	98.0	105.333336	107.0	98.333336	90.333336	82.333336	83.666664	94.333336	117.666664	141.0	162.33333	177.33333	179.33333	178.66667	179.66667	184.66667	187.33333	166.0	98.333336	57.0	46.333332	45.0	50.333332	59.0	64.0	66.666664	64.666664	62.0	73.666664	83.333336	57.0	24.666666	
23.0	23.333334	46.0	75.333336	77.666664	65.333336	56.333332	47.333332	46.0	44.0	45.333332	57.333332	78.0	109.666664	146.0	182.33333	186.33333	182.66667	183.66667	192.33333	184.33333	153.66667	102.0	85.333336	86.0	95.666664	112.333336	127.666664	139.33333	142.66667	136.33333	113.666664	78.333336	72.0	63.666668	30.666666	
18.333334	23.0	49.666668	55.0	51.666668	70.333336	77.666664	82.0	82.666664	80.333336	71.666664	71.0	81.666664	108.0	140.33333	180.0	188.33333	180.33333	181.0	185.0	169.33333	148.33333	127.0	124.0	122.0	126.333336	132.66667	134.0	136.33333	142.66667	148.0	147.0	122.333336	81.666664	67.0	38.666668	
12.0	22.333334	50.0	62.333332	102.333336	139.66667	144.0	141.0	132.66667	120.333336	112.666664	110.666664	116.666664	125.0	142.66667	169.0	180.33333	178.0	177.66667	171.0	158.0	144.33333	132.0	125.333336	110.0	96.666664	84.0	83.333336	94.0	109.333336	118.0	129.0	128.0	102.0	76.333336	48.666668	
10.666667	26.0	58.0	103.666664	143.66667	148.66667	132.66667	122.666664	115.0	98.333336	97.666664	100.333336	109.333336	117.666664	132.0	152.33333	166.66667	172.66667	171.33333	164.0	150.33333	134.33333	120.666664	100.333336	80.0	57.666668	42.0	46.0	55.666668	62.333332	79.333336	98.666664	113.333336	111.0	84.333336	58.333332	
9.333333	33.333332	69.0	112.666664	126.333336	113.666664	92.0	74.0	72.333336	62.333332	64.0	70.666664	81.0	90.333336	109.333336	136.0	152.33333	163.0	165.33333	158.0	138.33333	120.0	103.333336	92.666664	73.0	41.666668	34.0	46.333332	83.666664	59.0	52.333332	73.0	97.333336	113.666664	91.0	67.333336	
10.333333	41.0	76.0	108.666664	106.666664	89.0	58.0	41.333332	40.333332	39.333332	50.0	89.0	101.666664	91.333336	101.333336	125.666664	139.66667	154.33333	158.33333	149.33333	130.33333	116.0	97.666664	108.333336	104.333336	50.0	53.666668	51.666668	103.666664	89.0	58.0	70.333336	90.666664	111.0	95.666664	77.0	
14.0	47.666668	86.0	107.333336	96.666664	69.0	45.333332	64.666664	46.666668	46.333332	59.666668	117.666664	147.0	112.0	100.666664	122.333336	136.66667	148.66667	151.0	143.33333	129.66667	122.0	101.666664	113.0	111.0	81.666664	80.666664	77.333336	102.0	108.666664	96.666664	99.0	104.333336	109.0	101.333336	87.0	
18.333334	58.333332	95.666664	108.666664	102.0	79.0	63.0	85.666664	58.333332	59.666668	74.333336	109.0	137.33333	119.333336	114.666664	126.666664	131.33333	141.0	145.0	139.33333	129.33333	128.66667	123.0	115.333336	114.0	124.333336	134.0	128.0	127.0	126.666664	118.666664	124.333336	126.666664	124.333336	111.666664	95.666664	
25.0	71.333336	101.333336	114.0	114.0	107.666664	106.0	110.666664	106.0	109.333336	116.0	120.666664	123.0	127.0	134.66667	130.0	126.333336	136.0	141.66667	132.66667	130.66667	127.333336	133.0	132.0	129.66667	133.0	133.66667	126.666664	125.333336	128.0	127.333336	134.33333	137.0	132.0	119.333336	102.0	
29.666666	77.666664	108.0	128.33333	138.0	137.0	135.33333	133.0	131.33333	135.0	139.0	139.33333	135.33333	136.66667	136.33333	130.33333	125.666664	134.66667	145.33333	129.33333	124.333336	130.0	133.33333	140.66667	142.0	140.66667	141.0	138.66667	137.0	139.33333	138.0	138.66667	136.33333	132.33333	126.666664	109.666664	
34.666668	81.333336	114.333336	139.66667	149.66667	147.0	140.66667	135.66667	137.33333	139.66667	138.66667	140.33333	142.33333	144.0	134.0	130.33333	125.0	138.66667	153.33333	137.0	120.666664	134.0	141.33333	146.33333	148.33333	150.33333	148.33333	146.33333	146.0	143.33333	141.66667	141.33333	135.33333	131.33333	127.333336	115.666664	
42.0	87.0	119.666664	139.33333	147.66667	148.0	144.0	141.66667	142.66667	145.66667	146.33333	149.66667	149.66667	145.33333	136.0	127.666664	129.0	149.0	162.33333	153.66667	129.66667	123.666664	143.66667	152.33333	149.66667	153.66667	153.66667	152.0	150.66667	148.0	145.0	142.0	134.0	127.666664	122.666664	115.0	
49.666668	95.666664	120.666664	134.33333	142.66667	145.66667	147.33333	149.0	151.0	153.0	156.0	158.33333	152.66667	147.66667	139.0	128.0	138.33333	161.66667	172.0	168.0	151.66667	129.33333	128.66667	149.66667	160.33333	158.0	157.0	155.0	152.0	153.0	148.66667	144.33333	135.0	124.333336	118.333336	110.333336	
53.0	97.333336	118.333336	130.0	137.66667	143.33333	152.0	157.33333	161.66667	163.66667	165.0	162.0	155.66667	150.33333	141.33333	137.33333	152.33333	171.66667	184.66667	178.33333	158.33333	136.0	127.333336	135.66667	162.33333	167.0	163.33333	160.0	155.66667	155.66667	151.66667	146.0	134.0	122.666664	116.0	110.333336	
52.333332	96.666664	113.666664	124.333336	134.0	143.0	153.66667	161.0	167.66667	171.66667	172.0	164.33333	160.33333	152.66667	141.33333	122.0	127.0	159.66667	179.33333	163.66667	137.0	103.333336	107.666664	132.0	153.0	169.66667	170.66667	166.0	161.0	157.0	152.0	146.0	133.0	121.333336	115.0	109.666664	
45.666668	93.333336	115.666664	125.333336	134.66667	143.66667	150.66667	159.0	167.33333	170.0	170.0	167.33333	160.0	149.33333	137.33333	87.666664	72.333336	119.0	150.66667	140.33333	100.666664	63.666668	100.0	136.33333	141.66667	163.66667	170.66667	169.66667	165.66667	159.66667	151.33333	144.0	130.66667	117.333336	111.666664	107.333336	
43.0	89.0	119.0	129.66667	134.0	141.33333	149.0	157.33333	165.0	168.66667	168.33333	164.33333	153.33333	143.0	136.33333	124.666664	103.0	111.333336	132.0	125.0	109.666664	111.0	131.0	134.66667	143.0	159.0	163.33333	168.66667	168.0	159.66667	147.66667	139.66667	124.0	111.0	109.333336	108.0	
45.333332	83.333336	117.0	128.33333	131.66667	139.66667	148.66667	154.66667	162.33333	169.33333	168.33333	160.66667	150.33333	145.0	138.33333	137.33333	139.0	135.33333	130.66667	129.33333	143.33333	147.0	138.33333	139.33333	147.33333	152.66667	151.0	153.66667	156.33333	151.66667	142.66667	133.33333	117.666664	106.666664	107.666664	107.0	
66.333336	89.666664	115.0	125.333336	131.66667	139.66667	145.33333	150.0	156.33333	161.66667	161.66667	156.0	148.66667	148.0	147.33333	142.33333	145.33333	150.0	153.0	155.0	157.66667	151.0	146.33333	146.66667	148.0	148.66667	149.0	145.66667	138.66667	139.66667	138.33333	130.0	118.666664	110.0	111.666664	109.666664	
89.333336	100.666664	113.333336	121.666664	129.66667	137.66667	139.33333	143.0	146.66667	150.66667	153.0	151.66667	145.33333	147.33333	147.0	144.0	151.66667	157.0	153.0	156.66667	159.66667	154.33333	146.0	143.0	145.0	145.0	145.0	143.33333	135.0	134.0	134.33333	129.66667	119.333336	115.0	118.666664	115.0	
102.333336	113.0	118.333336	121.666664	127.0	132.66667	136.0	137.0	137.33333	144.0	149.0	147.33333	141.33333	139.33333	141.0	144.0	151.0	154.0	148.66667	149.33333	156.66667	155.33333	146.0	140.0	137.66667	136.66667	135.0	135.33333	133.0	133.0	136.33333	134.33333	125.666664	122.333336	126.0	119.0	
102.0	111.666664	121.333336	120.666664	128.33333	136.0	136.33333	136.0	135.66667	141.33333	147.0	144.0	139.0	134.0	136.66667	139.0	137.66667	139.33333	143.33333	142.66667	139.66667	137.33333	139.0	137.66667	135.0	133.33333	127.0	130.33333	134.66667	135.0	141.66667	139.0	130.66667	127.666664	131.33333	120.0	
116.333336	116.333336	121.666664	120.333336	133.0	141.66667	139.66667	137.0	138.66667	143.33333	148.66667	139.66667	130.33333	126.333336	118.666664	112.333336	108.0	110.333336	114.333336	118.0	119.0	111.333336	111.666664	110.333336	113.0	120.0	118.666664	128.66667	139.0	138.0	146.0	141.66667	133.33333	130.33333	132.66667	118.666664	
134.66667	134.33333	126.0	119.0	135.0	145.33333	145.66667	141.0	140.66667	145.66667	149.0	136.66667	117.666664	104.0	96.666664	114.0	136.0	150.0	165.66667	165.66667	176.0	161.0	145.66667	123.0	98.333336	87.666664	91.333336	119.333336	137.33333	141.0	149.0	142.66667	136.0	131.33333	132.33333	116.0	
150.33333	151.66667	137.0	120.0	135.66667	148.33333	151.0	146.0	141.66667	148.66667	149.33333	126.666664	90.0	92.0	125.0	167.66667	193.0	201.33333	218.0	215.33333	214.33333	201.66667	182.66667	152.66667	122.666664	105.666664	89.666664	113.666664	140.0	147.66667	148.66667	142.33333	140.0	133.0	130.0	113.666664	
143.0	156.66667	147.0	119.666664	132.66667	146.0	153.0	150.0	144.0	152.66667	149.33333	118.0	80.0	117.333336	147.0	153.0	168.33333	173.33333	190.33333	186.66667	169.66667	146.0	122.333336	102.666664	85.333336	78.0	91.333336	131.0	148.0	151.0	146.0	144.66667	142.66667	134.0	125.0	108.333336	
85.666664	125.0	133.0	110.333336	128.66667	143.66667	152.0	151.33333	144.66667	156.0	153.0	131.66667	97.0	76.333336	82.666664	94.666664	103.333336	105.666664	117.666664	123.333336	126.333336	121.666664	112.333336	100.0	81.333336	74.666664	104.0	135.66667	145.66667	149.0	144.0	148.33333	146.66667	133.66667	119.333336	99.0	
28.333334	39.666668	46.0	72.333336	118.333336	138.0	150.33333	154.33333	143.33333	154.66667	157.33333	138.0	117.0	90.333336	77.666664	91.666664	108.0	114.666664	122.666664	129.66667	135.33333	137.0	115.0	92.333336	87.0	97.0	119.666664	133.66667	145.66667	149.0	143.66667	150.33333	143.0	126.333336	108.0	86.0	
26.0	19.0	14.333333	44.0	110.333336	130.33333	145.0	155.0	145.0	151.33333	157.0	141.66667	128.66667	117.333336	102.666664	97.666664	124.0	139.66667	149.0	158.0	157.33333	151.66667	128.66667	109.0	106.0	111.333336	125.666664	135.66667	146.0	145.0	142.66667	149.0	136.33333	116.666664	97.333336	70.0	
26.666666	18.0	13.333333	25.0	91.333336	122.0	137.66667	151.0	146.0	148.33333	154.33333	143.66667	134.33333	127.666664	121.333336	114.666664	122.333336	132.66667	134.0	133.0	134.0	126.0	113.666664	111.333336	112.333336	121.0	134.33333	136.33333	143.33333	137.33333	140.33333	143.0	126.666664	104.0	84.333336	52.666668	
24.666666	19.333334	15.666667	16.666666	61.333332	113.0	128.66667	145.66667	147.33333	145.0	151.66667	145.33333	141.66667	137.0	134.66667	129.33333	127.333336	133.33333	136.0	134.33333	136.0	128.33333	121.333336	124.0	127.0	133.66667	137.66667	139.0	140.66667	132.33333	138.66667	137.33333	116.666664	93.0	69.0	40.666668	
25.666666	23.333334	17.666666	14.333333	34.333332	94.0	122.0	136.33333	145.33333	141.33333	148.33333	147.33333	144.33333	143.33333	141.66667	143.33333	138.66667	137.0	137.66667	137.0	137.33333	135.33333	135.33333	138.66667	140.0	139.33333	136.66667	139.66667	136.66667	129.66667	134.66667	129.0	106.0	82.666664	54.0	34.333332	
27.0	24.333334	16.666666	15.666667	19.666666	60.0	108.333336	124.333336	138.33333	139.33333	145.66667	153.0	147.0	146.33333	145.66667	148.0	149.33333	147.33333	146.0	146.0	146.66667	148.0	148.33333	146.33333	142.0	141.0	140.0	140.66667	133.0	126.666664	128.66667	118.0	91.666664	68.666664	44.666668	41.333332	
38.666668	23.333334	20.0	23.0	17.666666	28.0	79.666664	116.666664	132.66667	136.33333	140.33333	150.33333	151.33333	150.66667	149.66667	151.33333	153.66667	153.66667	151.66667	150.33333	153.33333	155.66667	152.66667	147.66667	143.0	142.0	141.66667	137.33333	126.666664	124.666664	124.0	106.333336	80.0	56.0	39.666668	37.333332	
71.0	49.666668	37.666668	43.666668	25.666666	14.666667	40.0	97.0	124.0	134.66667	133.0	140.66667	152.0	154.66667	155.66667	159.0	164.33333	166.66667	164.66667	163.66667	167.0	165.66667	157.0	149.0	146.33333	144.66667	143.0	132.0	118.333336	121.0	119.333336	94.0	62.333332	45.666668	34.0	29.333334	
88.666664	84.333336	51.0	44.666668	28.666666	19.333334	23.0	70.333336	114.333336	128.0	127.333336	133.66667	147.0	153.66667	156.0	159.66667	165.33333	170.66667	171.0	171.66667	173.0	169.0	160.66667	153.0	150.33333	146.0	139.33333	123.666664	111.666664	114.0	104.0	75.333336	54.666668	50.666668	29.666666	32.0	
107.0	101.333336	49.666668	30.666666	26.666666	25.333334	28.333334	62.0	103.0	120.333336	124.0	125.0	136.0	147.33333	154.33333	160.33333	166.0	173.33333	179.33333	182.33333	183.0	174.66667	163.33333	156.0	149.66667	142.33333	131.66667	111.666664	102.333336	100.666664	79.666664	61.666668	66.666664	64.0	34.333332	44.0	
115.666664	101.0	44.333332	23.333334	28.333334	31.0	43.333332	63.0	100.333336	111.0	113.0	113.0	122.0	137.33333	148.0	159.33333	165.33333	175.66667	188.66667	186.66667	184.33333	177.33333	165.33333	154.33333	144.0	131.33333	115.666664	98.666664	87.333336	72.333336	63.0	74.333336	84.666664	66.666664	35.333332	44.0	
114.0	97.0	45.333332	29.333334	40.0	62.0	79.333336	66.666664	98.0	111.0	108.333336	103.666664	108.666664	119.666664	133.0	147.66667	155.66667	167.0	178.66667	174.0	170.66667	166.33333	153.0	138.33333	126.666664	113.0	93.333336	77.333336	64.0	59.333332	72.333336	91.333336	90.666664	67.0	43.666668	53.666668	
