71.333336	72.333336	77.0	80.0	100.0	125.666664	138.66667	155.0	163.66667	169.66667	177.33333	184.66667	192.33333	202.33333	207.66667	206.33333	200.33333	192.0	182.66667	179.66667	176.0	173.66667	172.0	165.0	153.0	140.0	125.666664	112.333336	90.666664	78.0	72.666664	34.333332	12.0	6.0	8.333333	10.666667	
69.0	75.333336	77.0	88.0	119.333336	136.33333	148.33333	162.66667	169.0	174.66667	183.0	192.33333	202.33333	211.66667	216.33333	215.33333	205.33333	194.66667	184.66667	180.33333	176.0	172.33333	169.66667	165.33333	157.66667	147.33333	135.66667	120.333336	99.0	88.0	86.666664	52.0	19.0	7.3333335	6.3333335	9.0	
76.0	77.666664	76.0	104.333336	133.0	142.66667	159.0	167.33333	174.33333	180.0	187.0	198.0	204.33333	215.0	217.0	214.33333	207.66667	195.33333	186.33333	179.66667	173.33333	169.33333	169.66667	166.0	156.66667	148.33333	138.66667	126.666664	108.333336	92.666664	90.0	69.333336	29.333334	10.666667	5.3333335	7.3333335	
81.0	74.666664	82.0	124.0	139.0	152.66667	169.33333	168.33333	177.66667	182.0	188.33333	195.33333	202.0	214.0	213.66667	211.0	210.66667	198.33333	186.0	179.0	173.33333	170.0	170.0	165.33333	155.33333	146.66667	138.0	126.333336	114.333336	101.333336	91.333336	75.333336	36.666668	14.333333	6.6666665	6.3333335	
86.0	69.0	94.0	134.0	141.0	163.0	170.66667	167.66667	178.0	183.0	187.33333	192.0	197.33333	205.33333	208.66667	209.66667	208.33333	195.66667	185.0	178.66667	174.0	168.66667	165.0	164.0	157.0	147.33333	142.0	131.0	120.0	110.333336	101.666664	70.666664	35.333332	16.333334	8.666667	5.3333335	
85.666664	63.0	102.666664	133.66667	145.66667	170.0	169.0	167.33333	177.0	183.0	187.0	192.33333	199.33333	205.33333	208.66667	210.66667	209.33333	196.66667	187.0	180.66667	173.33333	169.0	165.33333	164.0	159.0	149.66667	146.33333	137.66667	124.666664	113.666664	109.333336	73.333336	32.666668	18.333334	10.0	4.6666665	
69.0	55.333332	106.333336	129.0	152.0	173.33333	167.66667	171.0	178.0	185.0	188.0	193.66667	201.66667	207.66667	209.66667	208.33333	204.0	191.33333	185.0	182.33333	175.33333	170.66667	167.33333	165.66667	161.0	152.33333	147.66667	138.33333	124.666664	115.666664	115.666664	85.0	32.333332	15.666667	11.0	6.3333335	
52.0	51.666668	106.666664	127.333336	159.66667	173.66667	170.0	178.0	182.66667	188.33333	191.66667	196.33333	202.66667	208.33333	209.33333	208.0	199.33333	186.33333	185.66667	185.33333	177.66667	171.66667	168.66667	168.33333	164.0	155.33333	148.0	137.33333	123.333336	117.333336	118.333336	94.333336	38.666668	15.666667	12.0	8.333333	
35.333332	50.666668	108.333336	131.0	162.66667	170.0	171.33333	178.0	181.66667	187.66667	192.0	198.0	205.0	209.66667	209.66667	203.66667	193.33333	185.0	187.0	188.66667	182.66667	174.66667	172.0	170.66667	165.66667	157.33333	149.33333	138.0	124.666664	120.0	116.666664	97.666664	51.0	17.333334	12.666667	8.666667	
23.0	55.666668	113.333336	135.66667	163.0	167.33333	175.66667	180.0	182.0	188.0	193.33333	196.66667	202.33333	209.0	208.66667	200.0	187.0	186.0	191.66667	194.0	189.66667	180.66667	170.66667	164.66667	158.66667	153.33333	147.66667	139.33333	131.33333	127.666664	121.333336	104.333336	66.0	19.333334	12.666667	8.666667	
16.666666	58.0	113.0	140.66667	161.66667	170.0	183.33333	184.66667	184.0	188.33333	193.33333	196.0	200.33333	205.33333	209.33333	205.33333	186.66667	187.33333	200.0	203.33333	197.0	182.0	167.0	159.33333	153.33333	151.66667	148.66667	144.33333	141.0	138.0	135.0	117.333336	84.0	26.666666	13.0	11.0	
17.333334	69.0	122.666664	147.33333	160.66667	174.66667	185.66667	188.33333	187.0	188.33333	193.33333	198.0	199.66667	198.0	200.33333	206.33333	188.33333	181.66667	193.0	199.33333	197.33333	180.0	163.33333	154.33333	150.33333	153.0	148.66667	144.33333	142.0	140.33333	135.66667	116.0	83.333336	31.333334	12.333333	12.666667	
18.666666	81.333336	132.33333	153.0	157.66667	160.0	166.33333	177.33333	182.33333	178.66667	175.33333	177.0	182.33333	184.33333	181.33333	183.33333	173.66667	164.66667	171.33333	186.0	185.0	164.66667	152.33333	142.66667	138.33333	137.33333	125.333336	114.333336	110.666664	107.0	101.666664	88.333336	61.666668	27.0	12.333333	12.666667	
23.333334	85.666664	133.33333	145.33333	127.0	123.0	133.0	142.0	137.66667	124.0	116.333336	111.333336	121.666664	138.66667	149.66667	152.0	155.33333	152.0	165.66667	182.0	169.66667	147.66667	123.333336	103.666664	93.666664	82.0	67.333336	61.333332	61.333332	57.0	51.333332	47.333332	32.333332	17.333334	13.333333	12.666667	
23.333334	87.333336	126.0	112.333336	82.666664	80.0	89.333336	96.333336	93.666664	67.666664	59.0	57.333332	73.333336	99.0	117.333336	127.0	138.33333	154.66667	178.66667	179.66667	152.33333	118.0	81.333336	59.333332	47.333332	38.333332	28.333334	26.333334	28.666666	32.666668	33.666668	25.333334	18.333334	16.0	13.333333	11.333333	
23.666666	86.0	120.666664	104.666664	89.666664	89.0	92.0	109.0	123.333336	95.0	58.0	42.0	49.0	70.0	92.333336	116.333336	141.66667	175.33333	193.33333	178.33333	135.66667	87.666664	52.0	35.333332	24.333334	19.0	17.0	28.333334	49.666668	67.333336	67.0	50.666668	38.666668	29.666666	16.666666	10.333333	
26.666666	86.333336	128.0	128.66667	132.33333	140.33333	144.0	132.0	113.0	85.0	48.666668	43.0	52.0	62.666668	81.333336	106.333336	143.66667	181.33333	194.33333	174.33333	121.0	54.333332	24.333334	16.333334	15.333333	19.333334	25.0	31.333334	32.333332	50.0	61.0	59.333332	56.333332	49.666668	25.666666	11.0	
31.333334	89.333336	140.66667	148.66667	151.33333	138.66667	98.666664	65.666664	51.333332	44.0	45.0	73.666664	88.0	92.0	114.333336	122.666664	144.0	181.0	190.33333	171.0	112.333336	39.0	17.333334	18.333334	29.0	55.333332	64.333336	55.666668	54.666668	60.0	51.333332	36.0	46.333332	58.0	35.666668	14.666667	
35.333332	94.666664	150.33333	161.0	147.66667	108.666664	98.666664	114.333336	120.333336	116.666664	110.666664	116.333336	121.666664	125.666664	149.33333	157.66667	155.33333	174.33333	186.0	168.33333	111.0	41.333332	24.666666	37.0	72.333336	113.666664	137.66667	132.0	119.666664	112.0	100.0	76.0	58.0	70.333336	60.666668	26.333334	
46.0	100.666664	149.66667	160.0	152.0	150.0	163.0	171.33333	173.33333	166.0	150.66667	135.66667	134.66667	142.0	153.33333	160.66667	158.66667	171.66667	180.0	166.66667	118.333336	48.333332	27.333334	55.666668	107.0	129.66667	141.0	138.0	128.66667	118.333336	117.0	106.0	102.666664	112.0	102.333336	58.333332	
55.333332	109.0	158.0	172.66667	179.33333	177.0	174.33333	171.0	166.0	157.66667	151.0	147.33333	156.66667	165.33333	167.66667	161.66667	160.0	168.66667	174.0	160.66667	116.666664	53.0	32.666668	59.333332	109.333336	132.0	136.33333	135.66667	131.66667	127.333336	134.0	139.0	140.33333	128.0	114.666664	87.0	
65.0	120.333336	164.33333	175.66667	183.33333	183.33333	177.0	166.66667	168.0	172.33333	177.66667	181.33333	184.33333	183.66667	172.33333	160.66667	162.33333	167.0	170.0	155.0	105.333336	50.0	35.0	55.0	103.333336	136.33333	147.33333	155.0	158.66667	156.66667	157.0	155.0	148.33333	137.0	122.333336	100.666664	
79.666664	133.66667	167.0	174.66667	181.0	187.0	186.66667	178.0	176.33333	181.0	185.33333	193.0	191.66667	181.66667	166.0	163.0	165.33333	166.0	171.66667	153.66667	94.0	44.666668	32.666668	43.0	93.0	142.33333	153.0	155.66667	160.33333	162.33333	161.0	159.0	145.0	132.66667	122.333336	98.666664	
89.333336	143.0	168.0	173.66667	179.0	189.0	195.0	188.33333	180.66667	181.66667	187.0	188.33333	183.66667	171.66667	167.0	168.66667	169.33333	170.0	177.66667	154.33333	97.333336	44.333332	30.333334	43.333332	99.666664	142.0	152.33333	158.0	163.33333	166.33333	162.0	157.33333	142.66667	126.666664	111.333336	88.0	
99.333336	149.66667	165.66667	171.33333	179.33333	192.33333	202.0	203.33333	190.66667	183.0	186.0	185.66667	184.0	175.0	167.0	167.0	167.66667	182.66667	194.0	160.66667	113.666664	62.666668	33.0	47.0	101.0	138.0	148.33333	154.66667	161.0	161.66667	156.33333	153.33333	145.33333	128.0	106.666664	80.333336	
104.333336	155.33333	168.0	173.66667	180.66667	191.0	204.66667	212.33333	203.0	193.66667	193.0	185.0	164.33333	159.33333	164.66667	168.33333	172.0	201.33333	213.66667	175.33333	135.33333	85.0	42.0	55.666668	83.0	105.666664	130.33333	144.0	153.33333	153.0	152.66667	150.0	144.0	129.0	105.666664	74.333336	
103.333336	157.0	171.66667	178.33333	184.66667	191.66667	200.33333	207.66667	204.33333	193.66667	171.33333	137.66667	129.33333	154.0	169.0	169.66667	177.66667	213.33333	215.0	185.66667	144.0	93.666664	45.666668	61.666668	73.0	60.666668	99.666664	130.66667	146.0	152.0	149.66667	149.0	138.66667	123.666664	101.0	67.333336	
99.333336	155.66667	172.66667	181.0	185.66667	190.0	191.66667	193.66667	187.66667	162.66667	121.333336	112.0	148.66667	164.33333	169.33333	166.66667	169.0	192.33333	195.0	177.0	135.33333	81.666664	40.0	44.333332	52.0	37.333332	78.666664	126.666664	140.0	144.33333	145.33333	143.33333	125.333336	112.666664	92.0	60.0	
94.0	151.0	169.66667	180.0	182.66667	181.66667	178.66667	174.0	157.0	122.0	97.0	141.66667	174.33333	170.66667	154.33333	130.33333	133.66667	158.66667	164.33333	147.33333	103.333336	54.666668	36.0	33.666668	30.333334	26.666666	54.333332	104.666664	132.66667	134.66667	135.0	130.33333	114.666664	102.666664	84.666664	54.666668	
90.666664	147.0	164.0	171.66667	170.66667	168.66667	165.66667	154.66667	125.0	87.0	117.666664	165.66667	169.33333	163.66667	146.33333	100.333336	99.0	127.0	134.33333	111.666664	60.0	25.666666	17.666666	15.333333	16.0	24.333334	37.666668	67.333336	111.333336	123.333336	119.0	116.666664	107.0	94.333336	74.333336	50.0	
87.0	142.0	157.66667	160.33333	157.33333	155.66667	150.0	131.33333	86.333336	85.333336	141.0	157.66667	153.0	135.0	123.0	118.333336	123.333336	125.0	106.0	71.333336	27.666666	12.0	7.6666665	9.0	15.0	22.0	27.0	43.0	81.333336	105.0	101.0	96.333336	99.0	92.0	68.0	50.0	
80.666664	132.66667	151.0	152.66667	143.66667	146.33333	133.66667	98.666664	60.333332	102.333336	131.33333	128.33333	128.66667	112.333336	100.0	99.666664	104.333336	107.333336	86.0	53.666668	22.666666	16.0	14.333333	12.0	14.666667	24.666666	27.0	36.0	56.0	68.333336	75.333336	92.666664	109.666664	105.0	72.0	55.666668	
70.0	115.666664	142.33333	147.33333	139.0	145.0	127.0	70.0	59.0	99.333336	99.333336	103.333336	113.0	109.666664	92.666664	87.333336	90.666664	95.0	106.333336	102.666664	65.666664	49.666668	39.333332	28.666666	22.333334	29.333334	29.0	36.666668	42.666668	46.666668	57.666668	79.666664	116.333336	126.333336	83.0	63.333332	
61.0	103.0	130.0	138.33333	135.0	152.66667	128.33333	56.333332	55.0	68.666664	75.0	80.0	89.666664	92.333336	83.0	72.666664	69.0	90.333336	129.33333	125.0	93.333336	71.333336	51.0	40.0	29.0	28.333334	23.333334	32.0	27.666666	33.333332	53.666668	74.0	108.333336	134.33333	87.0	63.333332	
49.0	91.333336	113.666664	128.0	122.666664	146.0	134.66667	70.0	55.0	55.0	50.0	46.333332	59.666668	74.333336	88.333336	78.333336	65.0	77.333336	101.0	95.666664	84.0	78.333336	61.666668	51.333332	38.666668	31.0	17.666666	15.333333	13.0	31.0	61.0	96.333336	109.333336	119.333336	75.0	56.333332	
42.333332	83.666664	107.333336	123.0	116.333336	125.0	136.66667	96.0	75.333336	91.0	73.0	53.666668	108.666664	134.33333	147.33333	151.0	124.0	127.0	154.0	157.33333	144.33333	160.0	132.0	110.0	80.666664	54.0	26.333334	14.666667	26.666666	61.0	97.333336	125.333336	106.333336	96.0	59.333332	48.333332	
32.333332	70.0	97.0	119.333336	123.0	112.666664	124.666664	112.0	90.0	117.333336	135.33333	108.333336	152.33333	179.0	183.0	193.0	182.33333	179.0	206.0	210.0	194.66667	205.66667	182.0	157.0	103.666664	66.666664	40.333332	44.333332	74.333336	113.0	131.66667	127.666664	94.0	67.666664	45.0	40.666668	
22.0	62.0	92.333336	113.0	127.666664	108.666664	103.333336	116.0	100.666664	131.66667	159.0	144.33333	127.666664	142.66667	159.0	184.66667	190.33333	194.66667	207.0	208.66667	200.66667	199.33333	172.66667	132.0	87.333336	75.333336	69.666664	79.0	106.0	140.33333	145.33333	116.0	71.0	47.333332	40.0	36.0	
20.333334	49.666668	88.666664	106.333336	128.33333	125.333336	96.333336	101.666664	96.0	120.333336	148.66667	154.33333	132.66667	120.333336	123.333336	142.66667	150.33333	159.66667	172.66667	175.0	161.66667	156.0	138.66667	112.0	93.666664	86.333336	81.666664	86.0	120.666664	137.0	131.66667	87.666664	50.333332	40.0	40.0	33.333332	
14.333333	31.0	71.333336	91.333336	114.0	130.33333	106.0	90.666664	89.333336	102.666664	133.33333	153.0	142.66667	133.33333	129.33333	138.33333	150.66667	151.0	152.33333	156.66667	156.33333	146.66667	129.0	108.666664	91.666664	85.0	78.666664	91.0	129.0	138.66667	120.0	65.666664	42.0	40.0	37.333332	29.666666	
11.333333	19.333334	46.666668	71.0	86.333336	107.333336	109.0	84.666664	77.0	88.666664	118.0	144.66667	142.66667	138.66667	136.66667	137.33333	143.66667	147.66667	148.33333	152.66667	150.66667	137.33333	120.333336	110.333336	99.333336	90.0	84.666664	101.0	127.333336	126.333336	93.666664	47.666668	35.0	38.0	32.333332	22.666666	
13.666667	17.333334	33.333332	57.0	76.0	88.0	102.666664	90.0	66.666664	66.333336	96.666664	126.666664	135.66667	134.0	132.33333	134.66667	135.0	131.66667	131.66667	134.0	134.33333	128.66667	119.666664	116.333336	109.0	95.0	89.0	108.0	120.333336	108.666664	65.333336	32.333332	30.0	30.666666	23.0	17.666666	
25.0	19.333334	25.0	41.333332	62.0	67.666664	74.666664	78.666664	60.0	56.666668	76.666664	99.333336	124.0	128.33333	119.666664	122.666664	115.0	110.333336	110.333336	112.666664	115.333336	111.333336	102.333336	99.0	95.0	89.666664	93.333336	111.333336	115.666664	84.666664	43.666668	23.333334	27.333334	27.0	18.0	13.333333	
38.666668	22.0	22.0	34.0	49.0	64.666664	67.0	64.666664	52.666668	48.0	64.333336	84.333336	111.333336	120.333336	112.333336	111.0	95.333336	88.666664	84.666664	82.0	94.666664	98.666664	90.666664	89.666664	80.333336	76.333336	81.0	92.0	94.333336	62.666668	27.666666	17.666666	19.666666	20.666666	15.333333	13.0	
57.333332	36.0	21.333334	23.333334	44.666668	54.333332	51.0	50.666668	39.0	36.0	53.666668	75.333336	102.0	113.333336	106.666664	100.0	88.0	79.666664	77.333336	69.0	71.333336	79.666664	79.0	81.333336	78.0	82.333336	87.0	80.0	65.666664	46.666668	20.0	16.333334	16.333334	15.333333	15.333333	16.0	
52.666668	50.0	38.333332	26.333334	64.0	84.666664	43.0	43.0	43.0	30.666666	37.0	64.666664	91.333336	106.666664	99.0	92.333336	89.666664	83.0	80.666664	72.333336	66.666664	75.333336	73.666664	71.333336	71.333336	85.333336	95.666664	79.0	52.333332	35.666668	16.0	14.666667	14.666667	13.0	16.0	19.0	
37.666668	45.333332	57.333332	46.666668	76.333336	133.33333	88.333336	50.0	47.0	38.666668	30.0	48.666668	65.0	87.0	90.666664	93.0	94.0	83.666664	78.0	72.0	67.666664	70.666664	76.0	66.0	59.666668	68.0	72.0	64.333336	41.666668	24.666666	14.666667	15.666667	16.0	16.0	18.666666	23.666666	
24.0	25.0	35.333332	46.0	70.333336	145.66667	135.33333	83.666664	58.666668	45.0	38.0	33.666668	42.666668	66.333336	76.333336	87.333336	89.0	81.333336	70.666664	66.666664	60.0	68.333336	79.333336	71.333336	57.666668	53.0	47.0	39.666668	27.666666	20.0	20.0	21.333334	19.666666	18.666666	22.333334	28.666666	
19.0	21.0	29.666666	36.333332	53.0	140.0	162.66667	129.66667	89.0	50.333332	43.0	33.333332	31.333334	47.666668	56.333332	66.666664	77.333336	78.0	67.0	56.0	52.0	59.666668	63.666668	67.0	53.333332	39.0	28.333334	20.666666	15.666667	18.0	23.666666	24.666666	22.0	23.333334	28.666666	37.333332	
