236.33333	231.66667	234.33333	246.0	251.33333	251.33333	243.33333	221.33333	189.33333	170.0	162.33333	161.0	159.66667	154.33333	149.0	148.0	148.33333	151.0	151.33333	151.66667	152.0	151.66667	153.33333	155.0	156.33333	156.0	156.0	156.0	155.66667	153.0	151.33333	149.66667	138.33333	116.666664	102.0	92.666664	
202.66667	190.33333	195.66667	226.0	245.66667	250.33333	239.66667	207.0	176.33333	165.33333	162.33333	159.33333	157.33333	151.66667	150.33333	153.66667	154.66667	153.0	155.0	157.33333	156.33333	154.66667	153.66667	155.66667	157.66667	156.0	154.33333	156.0	157.33333	153.0	150.33333	150.0	139.0	114.333336	94.666664	84.666664	
173.33333	161.66667	175.0	211.66667	235.33333	246.0	233.66667	198.33333	170.66667	163.0	161.33333	156.33333	155.33333	153.0	152.0	154.66667	157.66667	157.33333	158.66667	161.33333	160.33333	157.0	155.0	156.0	156.66667	152.66667	150.66667	153.66667	156.0	156.66667	151.0	146.33333	133.66667	110.0	92.0	81.0	
152.0	152.0	178.66667	209.66667	231.0	239.33333	224.33333	196.66667	172.66667	166.0	163.66667	159.66667	160.0	161.66667	157.33333	156.33333	157.66667	159.0	158.0	156.66667	154.66667	152.66667	151.66667	150.66667	149.33333	147.33333	147.66667	149.0	148.66667	151.0	146.0	141.0	127.666664	109.0	95.0	80.0	
141.33333	148.33333	179.0	210.33333	229.66667	230.66667	219.33333	198.66667	172.0	165.33333	163.33333	159.66667	160.0	163.33333	161.66667	160.0	159.33333	158.66667	156.0	151.33333	146.33333	143.66667	143.0	140.33333	138.33333	142.0	146.0	143.66667	140.33333	139.33333	135.33333	130.33333	118.666664	105.666664	95.0	80.333336	
137.33333	148.0	180.66667	213.33333	223.66667	219.0	216.33333	196.0	169.0	163.0	161.66667	161.0	159.0	155.33333	156.33333	157.0	154.0	151.66667	147.0	144.33333	141.33333	137.33333	136.0	133.33333	132.0	136.66667	136.33333	133.0	132.0	129.33333	125.0	121.666664	115.0	105.333336	95.0	80.666664	
131.0	146.0	190.33333	214.0	219.66667	217.33333	215.66667	195.0	176.0	169.33333	164.66667	165.0	159.33333	152.33333	154.66667	155.33333	151.0	146.33333	139.66667	135.66667	136.0	135.33333	133.0	133.66667	135.66667	134.0	129.66667	125.666664	125.666664	121.0	117.0	118.333336	119.666664	107.0	92.333336	82.0	
117.333336	141.33333	191.0	209.66667	220.0	219.0	210.33333	190.33333	176.66667	170.0	170.0	167.0	162.66667	158.0	158.0	154.0	151.33333	150.0	143.66667	136.33333	137.0	135.66667	130.33333	133.33333	135.66667	131.33333	126.666664	123.0	119.333336	115.666664	112.333336	117.0	122.333336	107.333336	89.666664	81.666664	
99.333336	130.66667	177.0	210.0	221.66667	219.0	210.33333	192.33333	176.0	169.0	169.0	164.33333	161.33333	159.66667	159.0	156.0	153.33333	152.66667	146.66667	139.33333	138.33333	136.0	131.0	131.33333	131.33333	128.0	125.0	120.0	115.666664	113.333336	113.333336	114.666664	118.0	108.333336	89.333336	81.0	
94.666664	129.66667	185.33333	219.66667	220.33333	215.33333	207.33333	189.33333	171.0	164.66667	162.33333	157.66667	156.66667	156.33333	154.66667	155.0	153.66667	150.0	145.0	140.33333	139.0	137.33333	132.33333	130.33333	130.33333	129.0	129.33333	125.666664	114.333336	110.666664	115.333336	113.0	110.0	102.0	87.0	78.666664	
86.666664	126.0	195.0	229.0	222.33333	210.66667	199.66667	185.66667	163.66667	153.0	149.66667	145.0	146.33333	145.0	141.66667	147.66667	154.0	151.33333	148.66667	145.33333	143.33333	141.33333	138.33333	135.66667	135.0	135.33333	136.33333	133.0	119.333336	114.333336	115.333336	107.0	101.0	98.0	86.0	74.666664	
91.0	126.666664	199.66667	224.33333	211.33333	196.33333	187.33333	177.66667	157.33333	147.0	139.66667	133.0	135.0	132.66667	133.0	141.33333	148.0	148.33333	148.0	147.33333	145.33333	145.66667	145.33333	141.0	139.66667	139.33333	137.66667	132.0	122.666664	116.666664	113.666664	105.333336	103.333336	104.333336	93.666664	77.666664	
118.333336	144.66667	201.0	193.33333	169.33333	163.0	161.66667	159.33333	148.0	139.66667	132.33333	126.666664	129.33333	125.333336	126.666664	135.33333	140.66667	143.33333	145.0	145.33333	145.0	147.33333	149.33333	146.0	144.0	142.66667	137.66667	130.33333	124.333336	121.0	117.666664	111.666664	109.666664	106.666664	95.333336	78.0	
155.66667	164.33333	188.0	157.66667	125.0	115.666664	114.333336	118.666664	119.0	117.666664	118.666664	116.666664	125.0	121.0	113.666664	126.333336	136.66667	138.33333	135.33333	135.66667	133.66667	131.0	135.0	136.66667	139.0	139.66667	135.33333	127.0	123.333336	122.333336	121.333336	117.0	116.333336	109.333336	96.0	81.666664	
188.0	192.33333	185.0	144.0	106.666664	91.0	87.333336	85.666664	81.666664	89.333336	94.666664	99.0	118.0	114.333336	98.666664	108.0	112.0	109.666664	111.666664	109.666664	108.0	109.333336	112.666664	114.333336	117.0	121.666664	123.333336	121.666664	125.333336	125.666664	121.333336	119.666664	122.666664	115.333336	102.333336	85.0	
167.33333	197.66667	204.33333	167.66667	124.333336	105.0	93.0	82.0	68.666664	69.333336	70.666664	88.333336	115.333336	109.666664	87.0	84.333336	79.0	80.0	87.333336	83.333336	83.666664	87.666664	93.333336	97.0	99.333336	103.0	111.0	118.666664	123.333336	126.333336	117.333336	116.0	122.666664	119.333336	105.333336	86.0	
119.666664	167.0	211.33333	186.0	128.33333	94.333336	65.333336	53.333332	57.666668	64.333336	67.333336	96.666664	124.666664	108.0	85.0	68.333336	65.0	76.666664	77.666664	69.666664	71.0	75.333336	78.333336	83.666664	88.333336	90.0	98.666664	109.666664	112.666664	117.0	111.666664	113.333336	119.0	122.0	108.333336	89.666664	
88.0	120.666664	195.0	199.33333	162.0	125.666664	73.333336	56.666668	65.666664	70.666664	67.333336	115.666664	143.33333	126.666664	102.333336	71.0	64.0	76.0	73.333336	74.666664	86.333336	94.333336	91.0	83.333336	79.333336	81.333336	88.0	97.0	106.333336	112.0	110.333336	115.0	117.333336	119.666664	112.0	96.333336	
73.333336	85.666664	171.33333	201.66667	191.66667	161.66667	116.333336	97.333336	94.333336	91.0	94.0	148.0	159.66667	141.0	110.0	76.333336	64.0	67.666664	63.0	66.0	68.333336	72.0	82.666664	90.333336	90.333336	90.0	91.666664	96.0	108.0	112.333336	109.666664	115.333336	119.333336	121.666664	117.0	106.333336	
53.0	58.666668	152.66667	195.0	184.0	156.66667	131.33333	119.0	112.0	108.0	134.66667	170.66667	159.0	137.66667	112.333336	88.333336	80.333336	83.333336	80.666664	84.666664	72.666664	58.333332	63.0	72.333336	77.0	82.333336	91.666664	98.0	107.666664	112.666664	117.333336	122.333336	120.666664	121.666664	120.333336	115.333336	
35.0	45.666668	150.0	187.0	166.33333	141.33333	126.0	123.666664	122.333336	131.33333	173.66667	177.33333	153.33333	133.0	113.666664	101.666664	98.333336	99.0	97.333336	100.666664	104.666664	104.333336	102.333336	103.0	97.0	93.0	98.0	105.333336	115.666664	114.333336	111.333336	111.333336	111.333336	118.666664	119.333336	114.666664	
31.0	55.333332	160.0	184.33333	156.66667	130.33333	115.0	113.0	116.0	152.66667	194.66667	169.66667	146.66667	123.333336	115.333336	117.333336	113.666664	109.333336	106.666664	110.0	118.0	123.666664	122.666664	123.333336	121.333336	122.333336	129.33333	129.66667	128.66667	123.0	115.0	111.333336	108.333336	111.0	112.666664	105.666664	
41.666668	78.0	174.66667	188.66667	159.66667	137.66667	132.66667	131.0	138.66667	180.33333	199.66667	164.66667	143.66667	119.333336	114.666664	120.0	120.333336	118.0	116.333336	115.0	116.333336	118.666664	120.666664	120.333336	119.0	123.0	128.66667	129.33333	128.66667	120.0	110.0	107.666664	107.666664	110.0	109.333336	101.333336	
59.0	96.666664	186.33333	191.33333	157.33333	145.33333	146.0	151.0	168.66667	204.0	194.0	159.66667	142.0	127.666664	123.0	125.666664	127.333336	123.333336	119.0	114.333336	113.333336	113.666664	115.0	115.333336	114.333336	121.0	125.666664	123.333336	124.0	121.0	113.0	107.333336	107.333336	110.0	108.333336	100.0	
85.666664	107.333336	178.0	174.66667	142.66667	137.33333	135.66667	138.0	158.66667	207.33333	182.66667	153.0	142.33333	131.0	125.0	125.0	124.333336	124.0	128.33333	130.33333	124.0	116.333336	116.333336	123.0	127.0	125.666664	124.666664	120.666664	116.333336	115.0	112.666664	109.666664	107.0	106.333336	103.333336	94.666664	
93.333336	108.0	160.0	150.33333	124.666664	119.333336	113.333336	108.333336	148.66667	198.0	166.66667	147.66667	139.0	124.0	112.0	107.0	109.0	108.666664	118.0	132.33333	138.0	139.33333	139.66667	143.33333	142.0	134.33333	128.66667	123.666664	117.0	112.666664	111.666664	111.666664	108.333336	103.666664	97.333336	91.666664	
65.333336	83.666664	140.0	132.0	110.0	102.666664	94.666664	107.0	174.0	182.0	152.33333	142.33333	134.33333	120.0	114.666664	114.666664	115.333336	99.333336	91.0	107.333336	125.0	137.33333	141.66667	143.33333	143.0	138.33333	133.0	126.333336	119.0	115.0	114.666664	113.333336	110.333336	105.0	94.666664	90.333336	
42.333332	50.333332	114.666664	120.333336	95.666664	87.333336	84.0	126.333336	184.66667	159.66667	142.33333	135.0	126.333336	122.333336	129.33333	127.0	115.666664	90.666664	78.666664	91.0	106.0	120.333336	129.0	137.0	138.33333	135.66667	131.66667	124.666664	118.666664	114.0	112.666664	114.333336	114.333336	112.0	104.333336	96.666664	
36.666668	36.333332	88.666664	106.666664	74.666664	64.666664	75.333336	125.333336	154.0	126.666664	120.666664	112.666664	107.666664	111.0	118.0	110.0	95.333336	81.666664	84.0	89.0	91.333336	102.0	115.666664	123.333336	125.333336	127.333336	125.0	121.333336	118.333336	113.333336	109.333336	114.666664	115.0	113.0	110.0	103.0	
29.666666	28.333334	63.666668	95.333336	61.666668	63.0	91.666664	136.0	142.0	101.333336	89.333336	81.0	71.666664	68.0	66.0	67.666664	75.0	86.333336	97.666664	100.0	90.666664	90.666664	100.666664	105.666664	106.0	110.0	112.333336	114.333336	115.0	108.333336	104.0	108.666664	109.666664	108.0	108.0	106.333336	
29.333334	26.666666	55.333332	103.0	85.0	94.666664	120.0	153.0	148.33333	101.666664	72.333336	58.333332	49.0	46.0	54.0	68.333336	88.333336	104.333336	108.333336	105.666664	93.666664	81.0	80.0	87.333336	89.0	92.666664	97.333336	102.666664	107.333336	102.666664	98.333336	102.666664	104.666664	104.333336	104.666664	106.333336	
24.666666	25.0	45.333332	102.0	103.666664	101.666664	122.333336	152.0	139.33333	104.0	78.333336	66.666664	66.333336	71.333336	78.0	90.0	101.333336	106.333336	106.666664	100.333336	89.666664	76.333336	68.0	68.333336	73.666664	79.666664	86.0	92.333336	100.0	98.666664	92.666664	95.666664	100.666664	104.0	103.666664	102.666664	
20.666666	21.0	32.0	80.0	104.333336	95.333336	107.0	136.33333	122.0	100.0	81.0	81.333336	82.0	82.666664	81.333336	89.666664	96.666664	100.0	101.666664	96.333336	89.0	79.0	67.666664	53.0	55.666668	61.0	65.0	74.666664	84.333336	90.333336	86.666664	86.333336	92.333336	100.0	100.666664	99.0	
21.333334	22.333334	27.0	57.666668	97.333336	96.333336	89.0	119.333336	124.333336	99.0	87.333336	94.0	89.666664	84.666664	81.666664	85.333336	86.666664	87.0	86.666664	84.333336	83.333336	72.0	59.0	47.333332	58.333332	65.333336	63.666668	66.333336	70.666664	80.666664	85.333336	82.333336	84.666664	91.333336	96.666664	95.333336	
23.0	23.0	26.0	38.333332	88.0	105.0	93.666664	135.0	161.66667	101.666664	85.333336	84.666664	80.666664	77.666664	74.333336	73.0	71.333336	68.333336	65.666664	60.0	53.333332	46.0	44.333332	43.333332	63.666668	78.333336	72.666664	65.666664	66.0	75.666664	81.0	79.666664	80.666664	84.333336	89.333336	88.666664	
23.0	21.666666	25.333334	27.666666	74.333336	111.333336	104.333336	157.33333	201.0	119.0	85.333336	77.0	64.333336	61.666668	60.0	57.333332	56.666668	55.0	53.666668	45.666668	46.333332	53.666668	55.333332	52.0	70.666664	82.333336	72.666664	66.333336	70.666664	75.0	75.666664	75.333336	81.0	84.333336	84.333336	83.0	
24.0	22.666666	21.0	25.0	54.666668	103.666664	113.666664	161.0	205.66667	138.66667	97.0	99.0	93.333336	92.0	80.333336	69.666664	65.333336	69.333336	77.666664	72.333336	80.333336	87.333336	75.0	63.333332	78.0	82.666664	70.0	67.333336	75.333336	76.666664	74.666664	73.333336	79.0	80.0	77.666664	75.333336	
23.666666	21.333334	17.666666	22.333334	34.666668	84.0	118.666664	154.33333	179.66667	140.66667	109.666664	111.666664	109.333336	107.666664	92.666664	85.333336	83.666664	92.0	99.333336	93.666664	93.333336	95.333336	86.0	73.666664	78.666664	77.666664	65.333336	74.333336	81.666664	77.0	74.666664	73.666664	73.0	68.666664	66.333336	67.666664	
20.666666	18.666666	17.666666	18.0	21.666666	63.0	115.333336	140.33333	140.33333	118.0	113.0	122.333336	117.0	107.0	101.0	101.0	100.333336	102.333336	96.666664	92.333336	93.666664	90.666664	85.0	78.0	79.333336	73.333336	65.666664	84.0	84.0	73.0	67.666664	65.333336	65.0	63.333332	61.0	63.666668	
17.0	17.0	16.0	15.666667	15.666667	38.333332	99.0	138.33333	122.333336	85.666664	83.333336	96.666664	102.0	100.0	99.333336	97.333336	94.0	91.0	87.0	89.333336	89.666664	85.333336	83.333336	80.333336	78.666664	67.666664	63.333332	75.666664	71.666664	65.666664	63.666668	62.333332	61.0	61.0	60.333332	62.333332	
12.333333	11.666667	12.0	12.0	9.666667	19.333334	76.0	132.66667	130.0	85.0	64.666664	62.0	66.666664	71.666664	74.666664	76.333336	78.333336	79.666664	81.333336	84.333336	84.0	83.0	86.666664	84.666664	78.0	65.0	61.333332	66.333336	67.666664	65.666664	64.333336	62.666668	58.666668	58.333332	60.333332	63.333332	
9.0	8.0	9.333333	12.0	13.0	20.333334	64.666664	131.33333	143.0	101.333336	71.666664	57.0	54.333332	56.0	60.666668	64.666664	71.333336	73.333336	78.333336	84.0	84.0	86.333336	92.333336	87.666664	74.333336	63.0	69.333336	72.0	71.0	67.666664	63.666668	60.0	59.0	61.666668	65.0	67.666664	
13.0	17.0	25.0	35.666668	47.333332	64.666664	87.666664	124.333336	144.0	120.333336	93.333336	74.666664	67.333336	64.666664	60.666668	64.666664	73.666664	77.0	82.666664	88.666664	91.333336	93.0	93.0	86.0	69.333336	64.666664	77.0	75.333336	67.333336	64.666664	65.333336	64.0	61.666668	64.0	70.333336	76.333336	
37.333332	42.666668	47.333332	48.333332	54.333332	69.0	85.333336	102.666664	135.0	134.66667	117.666664	103.666664	92.666664	83.0	79.0	79.333336	84.333336	89.666664	94.0	95.666664	96.333336	93.333336	86.0	76.333336	64.666664	69.666664	77.0	71.333336	66.666664	67.666664	69.0	67.333336	64.666664	65.333336	72.666664	79.666664	
33.0	29.0	30.0	38.0	53.666668	71.666664	82.666664	74.0	111.333336	134.66667	121.666664	116.333336	112.0	110.0	105.333336	99.666664	101.666664	105.333336	102.0	96.0	90.333336	83.333336	73.333336	66.0	61.666668	67.333336	69.0	64.333336	65.666664	69.666664	70.0	69.666664	69.333336	70.0	76.0	80.666664	
16.666666	22.0	34.666668	49.666668	60.333332	72.333336	75.666664	50.333332	76.666664	115.666664	111.666664	111.333336	111.0	107.0	104.333336	103.0	105.666664	104.0	96.0	89.666664	83.0	73.0	65.0	60.666668	58.333332	62.666668	61.333332	61.333332	64.666664	66.333336	67.0	70.0	72.0	74.666664	78.666664	98.666664	
18.0	26.0	40.0	54.666668	66.333336	78.0	70.333336	39.0	42.333332	93.333336	98.0	96.333336	102.333336	99.0	99.0	98.666664	97.333336	91.666664	82.666664	76.666664	69.666664	61.333332	58.0	56.0	52.666668	56.333332	58.0	63.666668	64.666664	65.666664	68.0	70.333336	72.0	73.333336	91.0	152.33333	
24.666666	36.0	47.0	56.0	66.333336	74.0	61.0	33.666668	34.666668	124.666664	129.33333	81.0	78.333336	81.0	83.333336	82.333336	79.333336	73.333336	69.333336	60.333332	53.333332	52.0	52.666668	52.333332	50.333332	55.666668	60.0	63.666668	64.333336	66.0	72.666664	71.666664	70.666664	95.333336	156.33333	204.66667	
31.666666	44.0	53.0	59.0	67.333336	69.666664	53.666668	29.666666	35.333332	152.66667	193.33333	104.666664	57.333332	59.333332	59.0	57.333332	61.666668	59.666668	54.333332	49.666668	49.0	54.666668	57.333332	56.333332	52.0	53.333332	61.666668	64.666664	65.666664	69.0	69.666664	68.0	97.666664	166.33333	208.0	211.66667	
