154.0	162.66667	159.33333	161.66667	172.33333	181.0	182.33333	185.66667	186.0	188.66667	190.0	192.66667	195.66667	197.66667	198.33333	194.66667	189.66667	181.66667	169.0	169.33333	172.0	171.33333	172.0	172.66667	176.0	177.33333	174.0	168.33333	162.33333	156.0	151.66667	146.66667	135.0	138.66667	155.0	142.0	
149.33333	158.33333	151.0	157.0	168.0	173.0	175.33333	181.66667	183.33333	186.0	188.33333	190.66667	192.33333	193.66667	193.0	192.0	191.33333	186.33333	178.0	176.66667	175.66667	177.0	178.66667	178.0	179.33333	178.0	172.33333	168.66667	162.33333	152.33333	144.66667	139.66667	131.0	129.33333	140.66667	148.0	
148.0	155.0	148.66667	151.33333	159.33333	165.33333	170.0	178.66667	182.33333	185.33333	182.66667	183.0	186.0	188.33333	187.0	187.33333	187.66667	186.33333	182.66667	180.0	177.33333	179.66667	181.0	178.0	175.0	171.0	166.33333	162.33333	157.0	148.66667	138.66667	131.66667	123.666664	120.333336	125.666664	139.0	
148.66667	151.33333	149.66667	145.66667	151.33333	162.33333	167.33333	172.33333	176.33333	178.33333	175.66667	178.0	182.33333	184.66667	184.0	183.66667	183.66667	184.66667	182.66667	181.0	179.33333	178.33333	176.33333	174.66667	173.0	168.33333	162.33333	158.0	154.33333	147.66667	137.33333	126.0	117.333336	118.0	118.666664	127.0	
143.0	145.0	145.66667	140.33333	143.33333	156.0	163.33333	167.33333	168.33333	165.33333	167.66667	173.0	178.33333	182.0	180.66667	181.0	181.33333	181.0	180.66667	180.66667	180.66667	176.33333	172.0	170.33333	170.0	165.66667	158.33333	153.0	151.0	145.66667	134.0	120.666664	112.666664	114.666664	115.0	122.666664	
134.33333	137.33333	136.33333	135.66667	137.33333	147.66667	154.66667	160.66667	163.66667	161.33333	164.0	166.0	171.33333	177.0	178.0	178.0	178.33333	177.0	178.33333	179.33333	177.33333	173.0	170.0	168.33333	164.66667	160.33333	157.33333	153.33333	150.0	144.0	132.66667	117.666664	104.0	106.666664	106.666664	113.333336	
127.0	129.33333	129.33333	129.66667	134.66667	142.66667	144.33333	152.66667	163.0	164.66667	165.66667	170.0	174.0	174.0	173.0	172.33333	172.66667	172.33333	175.66667	175.33333	170.66667	168.33333	170.0	172.0	170.33333	167.66667	162.33333	156.0	151.33333	139.66667	126.666664	113.0	102.333336	101.0	91.333336	93.666664	
128.33333	123.666664	123.333336	125.333336	132.33333	139.0	141.33333	146.66667	157.33333	163.66667	166.33333	170.0	174.33333	174.33333	173.66667	174.33333	174.66667	175.66667	177.0	175.0	173.66667	175.0	178.33333	181.0	180.0	175.33333	166.66667	156.33333	147.33333	135.33333	118.0	106.0	101.666664	99.333336	89.666664	88.0	
127.0	119.333336	120.333336	124.333336	127.666664	133.33333	139.0	140.33333	145.66667	157.0	165.66667	170.0	174.33333	181.33333	185.33333	184.66667	184.0	180.33333	177.66667	177.0	179.0	181.33333	182.33333	182.0	182.0	178.66667	170.66667	162.0	149.33333	133.0	114.666664	105.0	104.0	98.333336	93.333336	89.0	
115.0	113.0	117.0	120.666664	124.0	130.0	135.33333	136.33333	142.33333	153.66667	163.0	166.66667	171.66667	182.0	189.0	190.33333	190.0	185.0	175.33333	177.0	180.0	183.0	181.66667	183.0	184.0	180.66667	174.0	164.66667	150.33333	130.66667	118.666664	112.666664	103.0	95.666664	90.0	89.0	
108.666664	111.333336	114.333336	116.666664	123.0	131.0	136.66667	138.33333	146.0	156.66667	163.66667	162.0	169.0	178.66667	181.66667	182.33333	186.33333	185.0	176.66667	177.33333	180.66667	184.33333	183.0	180.33333	178.0	173.0	164.0	153.66667	145.33333	136.33333	130.66667	121.333336	105.333336	92.333336	81.333336	84.0	
107.0	113.0	117.333336	117.666664	120.333336	131.0	143.33333	149.0	155.66667	163.0	167.66667	166.33333	169.66667	172.33333	174.0	173.33333	176.66667	173.0	161.33333	168.33333	175.0	178.0	172.66667	167.0	161.66667	157.66667	154.0	149.66667	149.0	150.0	144.0	128.33333	112.0	93.0	80.333336	73.0	
105.0	112.333336	117.333336	114.0	117.0	130.66667	150.33333	162.66667	167.33333	171.33333	172.33333	166.66667	163.33333	165.0	169.66667	165.0	165.66667	162.66667	148.66667	154.66667	157.0	161.33333	162.0	155.66667	152.33333	151.0	153.33333	153.33333	153.33333	153.33333	144.33333	133.33333	118.0	97.666664	86.0	70.666664	
108.333336	114.0	116.666664	115.0	119.666664	131.33333	152.33333	157.33333	149.33333	150.0	155.33333	151.33333	144.33333	149.0	159.66667	159.0	153.33333	148.66667	138.33333	141.33333	133.33333	134.66667	142.33333	141.0	141.0	135.33333	131.0	128.66667	129.0	126.333336	118.0	120.333336	112.333336	100.333336	93.0	74.0	
114.333336	123.333336	128.66667	127.333336	124.0	123.0	123.0	115.0	108.333336	105.666664	99.333336	88.0	82.666664	97.333336	119.666664	130.66667	133.66667	132.0	121.666664	126.666664	119.0	112.666664	124.0	122.333336	116.0	101.666664	87.333336	80.333336	80.666664	83.333336	81.666664	89.333336	92.666664	91.666664	95.0	80.666664	
119.333336	129.0	135.66667	131.66667	115.333336	93.666664	81.333336	82.0	85.666664	76.333336	63.0	45.666668	40.666668	51.666668	67.333336	82.333336	101.666664	107.333336	100.333336	120.666664	121.666664	99.333336	105.0	98.0	84.666664	60.0	53.0	53.666668	54.666668	60.0	60.666668	65.0	70.333336	83.0	98.333336	88.666664	
112.333336	128.0	135.33333	129.33333	114.666664	85.0	69.666664	79.0	86.333336	86.333336	88.0	79.0	65.333336	56.0	54.666668	63.0	73.0	79.666664	91.0	123.666664	122.333336	86.333336	75.666664	77.0	80.666664	77.333336	73.666664	74.666664	79.666664	81.666664	79.666664	82.333336	82.666664	98.666664	109.666664	95.666664	
83.0	120.333336	135.66667	132.33333	122.666664	101.666664	90.666664	98.666664	94.333336	78.666664	67.666664	63.0	67.333336	74.333336	74.333336	89.333336	89.333336	79.666664	89.0	114.333336	117.333336	82.666664	68.0	83.0	84.0	58.333332	51.333332	50.0	56.0	63.0	63.666668	80.666664	92.0	102.0	113.333336	96.0	
65.666664	84.333336	118.0	133.66667	127.0	121.666664	111.666664	86.333336	58.666668	41.0	27.0	35.333332	69.0	97.0	93.0	94.333336	100.0	101.333336	101.0	125.666664	124.666664	92.333336	81.0	90.333336	73.666664	46.666668	34.333332	32.0	55.0	65.0	49.333332	55.0	79.333336	83.333336	99.333336	92.333336	
92.666664	79.333336	76.666664	100.666664	116.0	117.0	106.0	85.0	82.0	79.0	62.333332	63.333332	89.0	110.666664	110.333336	110.333336	114.0	103.0	110.0	136.66667	132.0	93.0	71.333336	87.666664	89.0	83.666664	77.333336	73.0	85.666664	96.0	90.333336	79.666664	86.666664	96.0	99.0	82.0	
107.333336	110.666664	92.0	70.0	77.0	84.333336	94.666664	112.333336	128.33333	123.333336	116.666664	121.0	129.66667	128.33333	119.666664	115.0	104.0	78.0	101.0	137.66667	150.0	113.666664	77.0	97.0	109.333336	108.0	116.666664	111.666664	111.666664	116.666664	114.0	111.666664	116.666664	111.666664	85.0	66.333336	
109.333336	115.0	113.333336	103.666664	97.333336	98.333336	112.333336	123.666664	132.0	132.66667	131.33333	129.33333	127.0	116.666664	114.0	120.666664	112.333336	87.0	116.333336	155.66667	166.66667	135.33333	90.666664	107.666664	126.666664	118.666664	119.0	116.333336	114.0	115.333336	120.333336	118.666664	126.0	118.666664	95.333336	77.333336	
106.333336	110.666664	114.333336	115.666664	119.333336	117.666664	118.333336	123.333336	124.0	119.333336	116.333336	118.333336	122.0	124.666664	133.33333	134.33333	122.333336	118.666664	139.33333	169.66667	172.33333	144.66667	108.333336	109.666664	130.33333	136.33333	131.0	122.333336	120.666664	119.666664	123.333336	130.66667	129.33333	115.666664	95.0	80.666664	
104.666664	104.333336	111.333336	118.333336	121.666664	114.666664	117.333336	130.66667	134.0	127.666664	127.666664	136.0	146.0	148.0	147.0	142.66667	132.33333	132.33333	148.66667	173.66667	176.33333	150.0	120.666664	112.666664	126.666664	140.33333	134.66667	125.666664	123.333336	129.33333	135.33333	135.0	120.0	104.333336	92.333336	83.333336	
105.666664	104.333336	112.666664	121.0	131.0	135.0	140.0	151.0	157.33333	153.66667	152.0	156.66667	160.33333	157.66667	153.0	149.33333	136.0	134.0	154.33333	172.33333	179.0	158.0	127.333336	117.333336	130.66667	147.0	150.0	146.33333	146.33333	154.33333	160.66667	154.0	129.0	106.333336	95.333336	85.0	
99.333336	104.666664	119.0	129.66667	140.66667	153.0	158.33333	165.33333	174.0	172.33333	168.0	168.66667	168.0	159.33333	143.66667	132.0	126.333336	135.66667	161.0	174.33333	175.0	165.66667	144.33333	121.333336	119.333336	143.33333	158.66667	160.33333	163.0	165.33333	163.66667	155.66667	134.33333	114.0	95.666664	79.0	
95.0	105.666664	120.333336	134.33333	145.66667	157.0	163.33333	167.66667	171.33333	171.0	170.66667	169.66667	160.66667	142.33333	122.333336	121.333336	129.0	138.66667	156.0	167.0	166.0	158.66667	143.0	128.0	113.666664	113.333336	131.33333	143.0	150.0	153.0	146.33333	140.33333	134.33333	123.666664	101.666664	79.666664	
100.666664	108.0	120.0	132.33333	143.66667	153.33333	161.33333	164.0	162.66667	164.0	163.66667	148.33333	124.666664	111.333336	113.666664	128.33333	132.66667	137.33333	145.0	154.66667	158.66667	152.33333	138.0	124.666664	123.666664	106.666664	96.0	105.666664	127.333336	133.66667	134.0	132.66667	128.0	119.666664	106.0	88.666664	
109.666664	112.0	119.0	127.0	137.0	145.66667	153.0	152.66667	148.33333	151.33333	142.66667	115.666664	99.666664	105.333336	115.666664	127.0	125.333336	126.666664	132.66667	142.33333	146.0	140.33333	119.666664	107.0	116.333336	107.666664	88.333336	82.333336	96.666664	110.666664	117.666664	122.0	120.0	111.666664	101.0	94.333336	
117.333336	115.666664	118.0	122.333336	129.33333	139.66667	144.0	139.0	131.0	127.666664	114.0	96.0	101.666664	111.333336	109.333336	107.666664	105.666664	108.666664	108.0	119.333336	121.0	104.666664	87.666664	82.0	93.333336	96.333336	93.666664	86.333336	77.333336	81.0	92.333336	104.666664	109.333336	100.0	89.666664	93.666664	
115.333336	116.0	117.666664	117.666664	118.0	124.0	128.33333	126.0	114.666664	101.666664	94.333336	101.666664	112.666664	113.333336	104.333336	98.0	85.333336	80.0	78.666664	83.333336	83.666664	76.0	60.333332	62.0	79.333336	98.666664	99.333336	89.0	76.0	72.0	72.333336	86.333336	95.666664	87.333336	78.0	86.0	
113.666664	114.0	113.666664	113.0	111.333336	112.0	113.0	106.333336	92.333336	88.0	99.0	110.0	111.666664	111.333336	110.333336	105.666664	84.0	73.333336	75.666664	69.666664	62.0	64.666664	58.666668	62.333332	79.333336	101.666664	105.333336	91.0	82.0	84.333336	71.333336	75.333336	86.333336	80.666664	76.0	81.666664	
109.333336	106.666664	108.333336	110.333336	108.666664	105.333336	103.0	90.666664	84.333336	84.666664	93.333336	104.0	106.0	101.333336	97.666664	89.666664	79.666664	75.333336	75.666664	73.0	65.0	64.666664	60.666668	58.0	68.666664	80.666664	88.333336	86.333336	87.0	89.666664	77.666664	78.666664	91.333336	82.666664	78.0	76.0	
102.0	100.0	104.333336	111.666664	110.0	106.0	101.333336	88.0	90.333336	76.333336	61.666668	70.0	74.666664	72.333336	73.666664	74.0	69.0	62.333332	64.0	60.0	61.0	61.666668	62.666668	59.333332	67.666664	68.0	66.666664	68.0	66.666664	75.333336	84.666664	93.333336	104.0	90.333336	80.666664	73.333336	
100.666664	99.0	102.0	111.333336	111.666664	106.666664	108.333336	100.0	100.333336	91.333336	64.0	49.666668	46.0	47.666668	54.333332	57.333332	53.0	62.666668	58.0	50.333332	63.666668	60.666668	57.666668	56.666668	56.0	53.0	44.0	40.0	37.666668	59.333332	93.333336	113.333336	113.666664	91.666664	82.666664	77.0	
110.0	101.666664	98.666664	106.333336	110.333336	106.0	111.0	110.666664	114.333336	117.0	96.666664	74.333336	58.0	47.333332	45.333332	55.0	65.333336	73.666664	71.666664	73.0	77.666664	75.333336	63.666668	57.0	47.666668	42.0	39.666668	47.666668	63.666668	85.333336	111.0	122.333336	107.666664	88.666664	81.0	82.0	
110.333336	106.666664	100.666664	101.666664	111.0	114.0	113.0	117.666664	120.0	127.666664	116.333336	105.666664	95.333336	83.666664	70.666664	69.0	80.666664	102.0	105.0	109.666664	106.666664	112.666664	99.666664	86.666664	64.0	56.333332	65.666664	75.666664	93.0	107.0	122.0	121.333336	99.0	87.333336	84.666664	87.0	
112.0	113.333336	102.333336	101.0	112.0	120.0	113.666664	120.666664	124.333336	131.0	122.333336	111.0	106.666664	106.666664	104.0	103.0	103.333336	105.666664	107.666664	111.666664	107.333336	112.0	101.333336	91.333336	83.666664	79.333336	81.333336	88.666664	96.333336	109.666664	121.666664	111.0	93.333336	89.666664	92.666664	91.0	
123.666664	119.0	113.0	104.333336	110.333336	123.0	117.333336	120.333336	131.33333	134.0	124.0	115.0	111.333336	114.0	118.0	122.0	123.666664	124.333336	128.66667	124.666664	119.666664	117.0	111.666664	105.0	101.333336	91.0	86.0	90.666664	99.0	107.666664	114.0	98.666664	89.333336	94.333336	97.666664	93.0	
173.0	122.0	117.666664	112.0	108.333336	124.0	126.666664	123.333336	135.0	138.0	130.66667	121.333336	116.0	120.0	122.333336	123.666664	123.0	121.333336	124.0	125.666664	120.666664	116.333336	116.0	109.666664	102.0	93.0	89.666664	94.0	106.333336	105.666664	105.0	94.666664	94.333336	99.333336	99.333336	94.333336	
204.66667	142.33333	116.333336	120.333336	111.0	117.333336	128.33333	129.33333	128.66667	136.0	137.33333	128.33333	116.0	120.0	121.0	123.666664	126.666664	117.666664	114.666664	114.666664	111.666664	106.0	105.333336	104.666664	98.0	93.0	94.666664	101.0	107.0	105.666664	102.333336	99.0	125.666664	124.333336	115.0	104.0	
211.66667	180.0	117.0	120.0	119.666664	117.0	127.333336	135.33333	127.666664	132.66667	136.66667	134.66667	120.666664	119.666664	117.666664	118.0	121.0	118.333336	116.333336	114.333336	110.666664	106.666664	107.666664	107.0	102.333336	100.0	104.666664	110.333336	110.666664	109.333336	99.333336	116.666664	180.0	187.33333	179.33333	171.66667	
203.66667	218.33333	146.0	117.0	123.0	120.0	124.666664	132.66667	130.66667	134.66667	137.0	142.0	135.66667	131.0	126.0	120.666664	115.0	119.666664	122.333336	119.666664	113.333336	112.0	112.666664	112.0	109.333336	110.333336	116.666664	119.666664	114.333336	104.333336	106.0	161.33333	184.66667	187.66667	200.0	217.66667	
190.66667	229.66667	202.66667	130.66667	122.333336	117.333336	120.0	130.33333	131.0	136.0	141.33333	145.66667	147.66667	144.33333	139.0	136.33333	132.33333	135.0	135.33333	133.66667	126.666664	123.333336	121.666664	118.333336	116.666664	119.666664	127.0	120.666664	110.333336	95.333336	122.666664	207.33333	215.66667	189.66667	183.66667	189.33333	
182.0	217.66667	235.66667	180.0	130.0	115.0	114.0	128.0	130.66667	132.0	139.0	141.33333	150.0	154.0	148.66667	143.0	140.33333	140.0	140.66667	146.66667	145.33333	135.33333	129.66667	125.666664	123.666664	126.333336	130.66667	115.666664	97.0	97.333336	133.66667	203.0	229.66667	216.0	197.0	182.0	
180.66667	197.66667	237.33333	232.0	173.66667	127.333336	114.666664	117.333336	122.0	123.333336	123.666664	129.66667	141.33333	152.0	152.66667	147.0	144.33333	140.0	142.33333	154.33333	151.66667	136.33333	130.66667	128.0	125.333336	128.66667	123.333336	105.666664	90.666664	134.33333	166.66667	181.33333	218.66667	222.66667	216.0	200.0	
182.33333	183.0	223.33333	244.66667	228.0	173.0	129.0	113.333336	113.666664	116.0	113.0	118.333336	131.0	142.33333	148.66667	147.0	144.0	137.66667	134.66667	146.0	147.66667	137.66667	124.0	118.666664	122.666664	123.666664	108.333336	88.0	104.333336	183.66667	184.0	164.33333	199.66667	220.0	217.0	212.0	
185.0	177.66667	200.66667	240.66667	246.33333	230.0	182.33333	138.66667	119.0	114.666664	113.666664	111.333336	116.333336	125.333336	134.33333	139.66667	141.33333	135.33333	126.666664	128.33333	129.33333	125.333336	115.0	110.666664	112.0	104.0	89.666664	84.666664	139.0	207.0	188.33333	159.0	179.33333	213.33333	214.66667	211.66667	
187.33333	180.0	182.0	225.0	246.0	247.33333	236.66667	200.66667	155.66667	128.66667	119.333336	114.0	110.333336	110.666664	118.666664	126.666664	131.66667	127.666664	122.333336	118.666664	111.333336	108.333336	105.0	97.666664	93.666664	83.0	80.0	100.666664	179.0	210.66667	189.66667	156.33333	164.66667	198.66667	215.66667	211.66667	
