62.333332	69.666664	81.666664	109.0	153.33333	166.33333	184.33333	189.33333	193.33333	192.0	192.66667	196.0	197.33333	196.66667	196.33333	191.0	184.33333	184.66667	186.33333	189.66667	191.33333	188.66667	185.66667	188.0	189.33333	188.33333	192.0	194.66667	192.33333	189.66667	187.0	187.66667	185.66667	181.33333	163.66667	118.666664	
77.0	83.333336	94.666664	131.33333	164.0	177.33333	185.0	192.0	197.33333	198.33333	202.33333	201.33333	200.66667	199.66667	203.0	204.66667	203.66667	205.33333	207.66667	206.66667	203.0	199.66667	197.0	197.0	197.0	193.0	193.66667	196.0	194.66667	191.33333	188.66667	189.0	187.66667	184.66667	169.66667	128.33333	
83.0	87.333336	105.333336	145.0	174.33333	181.33333	184.66667	191.0	199.66667	202.33333	202.33333	202.33333	202.33333	203.0	204.33333	205.66667	207.66667	209.0	211.33333	209.66667	206.33333	204.0	202.66667	201.66667	200.66667	198.33333	194.66667	194.33333	193.0	191.0	189.66667	188.66667	187.66667	183.33333	168.0	134.66667	
92.333336	100.333336	117.0	150.66667	175.66667	181.33333	187.0	193.33333	202.0	205.66667	203.66667	204.33333	204.0	203.33333	205.33333	206.66667	208.33333	209.66667	209.33333	207.66667	206.66667	205.0	203.33333	198.66667	196.66667	196.33333	196.33333	196.33333	193.33333	190.0	187.66667	187.66667	184.0	178.33333	167.66667	141.33333	
93.666664	97.666664	119.0	152.0	175.0	181.33333	189.0	194.0	202.33333	205.0	203.0	201.66667	201.66667	200.66667	203.33333	206.0	207.33333	208.66667	207.66667	206.0	204.66667	203.66667	202.66667	198.33333	196.0	195.66667	194.0	195.33333	194.0	191.66667	190.0	188.66667	184.33333	178.33333	165.66667	143.33333	
98.666664	109.333336	132.33333	159.66667	175.33333	181.33333	188.0	191.33333	198.33333	202.0	200.33333	199.66667	199.66667	200.0	201.66667	204.0	204.66667	205.0	205.0	204.33333	202.0	200.0	199.0	197.0	196.0	194.0	190.66667	191.33333	192.66667	191.33333	189.66667	189.33333	187.66667	179.0	166.66667	145.66667	
98.666664	109.0	134.0	161.0	173.33333	182.33333	187.66667	190.0	196.33333	199.33333	199.0	199.0	199.33333	199.66667	201.66667	202.33333	202.0	201.66667	203.0	203.0	199.66667	196.33333	194.66667	194.0	192.0	190.0	190.0	188.33333	187.0	187.33333	186.66667	187.66667	185.66667	176.0	164.66667	149.0	
90.333336	109.666664	141.33333	165.0	175.0	184.0	186.0	186.0	192.0	195.66667	197.33333	199.33333	199.66667	200.0	202.0	203.0	200.66667	200.66667	202.0	202.0	200.33333	198.66667	196.0	194.33333	191.0	188.33333	189.33333	187.0	182.33333	183.66667	187.33333	187.33333	183.66667	178.33333	163.66667	144.0	
91.666664	118.0	140.66667	161.66667	174.66667	181.33333	185.33333	185.66667	190.33333	196.33333	195.33333	196.66667	199.0	201.0	202.0	201.66667	199.66667	199.66667	200.66667	200.33333	200.66667	200.33333	198.0	196.33333	193.66667	190.66667	187.66667	186.66667	186.0	186.33333	185.66667	183.66667	183.33333	174.66667	156.66667	138.66667	
84.0	105.333336	126.333336	157.33333	176.66667	182.0	186.0	185.33333	189.66667	194.33333	191.33333	192.66667	197.33333	202.33333	202.66667	200.0	199.33333	199.66667	201.33333	203.33333	201.66667	200.0	199.0	196.0	193.66667	191.0	189.33333	188.0	186.66667	185.66667	183.0	183.33333	182.66667	173.66667	153.0	129.66667	
67.0	91.666664	126.0	160.33333	175.0	183.33333	188.33333	189.0	190.0	191.0	193.33333	194.33333	197.0	198.66667	199.0	196.33333	196.0	195.66667	197.33333	200.33333	200.33333	198.66667	197.33333	196.33333	192.0	188.33333	187.0	186.66667	188.0	190.0	187.0	183.66667	178.0	176.0	166.0	142.33333	
63.333332	90.333336	133.33333	164.0	176.66667	185.0	190.0	191.0	191.33333	192.0	192.0	186.0	184.66667	187.0	192.0	194.66667	194.0	191.0	190.66667	190.33333	192.66667	187.66667	183.66667	186.0	187.66667	190.66667	192.0	188.66667	186.0	189.66667	190.0	185.66667	180.33333	177.33333	175.0	161.33333	
73.666664	101.666664	148.0	169.33333	174.66667	182.33333	183.0	183.66667	187.66667	185.66667	171.0	155.33333	150.66667	158.33333	176.33333	185.33333	189.33333	191.0	192.66667	185.0	183.66667	171.0	153.33333	141.33333	142.33333	159.33333	173.0	176.66667	173.66667	171.0	176.0	179.33333	178.0	175.66667	179.33333	175.33333	
78.666664	114.333336	162.0	169.66667	168.33333	164.66667	154.0	155.0	155.66667	141.66667	121.333336	122.0	133.33333	145.33333	164.0	172.0	184.0	192.33333	193.66667	184.0	172.33333	155.66667	136.33333	116.333336	99.0	100.333336	113.666664	133.33333	142.66667	143.33333	153.66667	164.0	168.66667	171.0	176.66667	181.66667	
85.666664	124.0	168.0	166.33333	148.0	128.0	120.0	122.333336	118.333336	105.333336	101.0	111.333336	125.666664	135.33333	150.33333	168.66667	189.0	193.33333	195.66667	189.33333	161.0	136.66667	116.333336	107.333336	106.0	106.333336	111.666664	125.333336	137.33333	142.0	151.0	154.66667	154.0	163.0	173.33333	179.0	
89.0	124.333336	166.0	158.66667	138.33333	128.0	130.33333	138.33333	140.66667	141.66667	139.66667	132.33333	131.33333	127.333336	134.33333	167.66667	190.33333	195.33333	197.66667	190.33333	153.33333	113.333336	95.333336	95.333336	105.333336	119.333336	133.0	145.66667	160.0	166.0	167.0	165.33333	154.33333	158.66667	169.66667	175.33333	
79.666664	122.0	165.66667	154.0	142.66667	153.0	161.33333	164.0	160.0	152.33333	136.0	115.333336	114.666664	113.0	122.666664	158.0	182.66667	187.33333	187.66667	183.66667	151.0	109.333336	95.333336	92.333336	95.0	83.333336	80.666664	87.666664	107.333336	127.666664	145.0	164.0	164.66667	158.33333	168.0	177.0	
76.333336	127.0	168.0	158.33333	153.66667	154.66667	140.33333	119.0	101.333336	87.666664	85.666664	93.0	103.333336	104.666664	121.333336	155.0	178.0	181.33333	181.0	178.33333	160.33333	133.66667	119.0	115.0	123.0	98.333336	82.333336	88.666664	100.666664	107.666664	110.666664	126.0	147.0	152.33333	165.66667	175.66667	
83.0	137.0	167.33333	158.66667	151.0	136.0	124.0	115.0	107.333336	100.333336	107.0	128.0	132.33333	128.0	146.0	165.0	175.66667	178.66667	179.33333	173.66667	166.0	158.66667	152.0	150.33333	151.0	151.33333	155.33333	163.66667	166.66667	170.0	161.33333	145.0	147.0	160.33333	169.66667	175.0	
88.0	137.33333	166.0	162.33333	152.0	152.0	167.33333	175.33333	175.66667	166.66667	163.0	155.66667	153.66667	162.66667	169.33333	170.33333	174.33333	183.33333	183.33333	174.66667	170.0	174.33333	177.33333	173.0	165.66667	160.66667	162.33333	169.0	172.66667	172.0	172.33333	177.33333	172.0	168.66667	172.66667	174.0	
111.333336	147.66667	167.66667	168.0	168.0	172.33333	169.33333	167.33333	168.33333	166.0	161.66667	167.0	175.66667	182.0	179.66667	172.0	174.66667	186.66667	185.66667	176.33333	171.33333	177.0	183.0	185.33333	184.33333	177.66667	172.33333	171.66667	175.33333	177.0	183.66667	189.33333	183.66667	176.66667	176.0	174.66667	
128.66667	157.33333	169.33333	177.33333	180.0	181.66667	179.66667	172.66667	169.66667	170.66667	176.66667	183.66667	187.0	184.0	180.33333	174.0	178.33333	188.33333	188.0	177.33333	174.33333	179.66667	182.66667	186.33333	186.33333	185.66667	184.33333	180.66667	180.0	185.33333	191.0	192.33333	186.33333	181.0	178.33333	173.33333	
140.33333	159.33333	168.66667	177.66667	180.33333	185.33333	188.33333	187.66667	186.66667	187.66667	186.33333	187.66667	187.66667	185.66667	182.33333	177.33333	182.33333	186.66667	186.0	177.66667	175.66667	182.66667	181.66667	185.33333	189.0	189.0	191.66667	186.66667	184.0	187.66667	190.66667	192.66667	189.0	183.0	178.66667	173.0	
167.33333	163.0	167.66667	179.0	183.0	189.0	192.0	190.66667	189.66667	191.33333	191.33333	188.0	178.0	173.66667	175.66667	180.33333	190.0	191.33333	188.0	181.0	174.0	174.66667	168.66667	166.33333	178.33333	192.0	193.0	186.33333	178.66667	187.33333	192.33333	192.66667	188.66667	183.0	176.66667	169.33333	
177.33333	164.33333	167.0	180.0	184.66667	188.0	189.66667	191.0	192.66667	194.66667	191.0	174.0	160.0	165.33333	172.66667	180.33333	190.33333	194.66667	190.0	182.66667	177.66667	172.66667	167.0	157.66667	159.66667	181.66667	192.66667	191.0	183.0	189.33333	194.33333	192.33333	186.0	180.0	174.66667	167.66667	
184.33333	167.33333	164.66667	173.66667	180.66667	187.0	191.33333	195.66667	195.66667	190.0	172.33333	150.33333	161.0	174.0	177.0	185.0	191.66667	195.0	195.33333	191.33333	182.0	176.66667	171.33333	160.33333	141.33333	159.0	182.33333	191.33333	193.33333	191.66667	193.0	189.33333	181.0	176.0	171.66667	167.33333	
184.0	170.0	164.66667	168.33333	176.66667	186.66667	191.66667	191.33333	184.66667	173.0	148.66667	133.33333	148.0	143.33333	144.0	168.66667	182.33333	180.0	180.66667	175.66667	150.0	123.0	120.333336	142.66667	138.66667	135.0	162.66667	179.66667	187.66667	190.0	189.33333	185.33333	176.66667	172.66667	172.66667	172.33333	
187.66667	170.0	166.33333	169.66667	171.66667	179.66667	182.66667	179.0	171.0	154.0	132.33333	140.33333	145.0	105.666664	98.333336	132.0	155.33333	156.0	159.0	149.33333	122.333336	104.666664	113.666664	144.66667	153.66667	140.33333	141.0	155.66667	168.0	179.66667	186.33333	182.0	173.33333	174.33333	178.33333	179.0	
187.33333	170.0	168.0	171.66667	167.0	172.33333	173.66667	170.0	161.66667	144.33333	142.66667	163.66667	168.33333	147.33333	136.33333	130.0	117.666664	119.0	130.33333	127.666664	137.0	141.66667	149.66667	160.66667	164.0	161.66667	141.0	145.66667	160.66667	171.0	179.0	176.66667	172.0	178.33333	183.66667	181.33333	
184.33333	171.66667	167.33333	170.0	165.0	166.33333	167.0	162.66667	152.66667	145.0	160.33333	176.33333	172.0	162.66667	150.33333	136.66667	117.666664	108.0	111.333336	118.333336	134.66667	147.0	158.66667	164.66667	173.33333	173.33333	158.33333	144.0	152.33333	166.33333	173.33333	172.66667	174.0	182.0	183.0	178.66667	
185.33333	174.66667	167.0	170.0	165.66667	163.33333	163.33333	156.0	147.33333	154.0	168.66667	173.66667	170.66667	165.66667	158.33333	148.33333	142.0	135.0	133.66667	137.33333	148.33333	156.66667	159.33333	166.66667	173.33333	177.0	170.33333	155.33333	148.0	164.0	174.0	177.33333	180.0	184.0	182.0	177.0	
158.66667	166.66667	165.33333	172.33333	170.0	170.0	168.33333	152.66667	148.0	161.0	166.33333	169.33333	168.33333	166.33333	166.33333	163.33333	162.0	162.66667	161.0	159.0	162.66667	166.66667	163.0	166.0	166.66667	175.66667	172.33333	168.0	151.66667	162.66667	179.0	183.66667	184.0	182.33333	178.66667	173.0	
69.333336	112.333336	156.33333	171.0	173.0	176.0	173.66667	154.66667	155.0	163.66667	166.0	169.33333	171.33333	171.66667	167.0	160.33333	159.0	164.33333	162.0	155.33333	156.33333	161.0	168.33333	171.0	169.33333	169.0	169.66667	167.0	154.66667	160.0	180.66667	186.66667	185.0	179.66667	176.0	170.66667	
20.333334	66.333336	150.0	172.33333	173.0	179.0	181.66667	162.0	159.33333	164.0	167.33333	168.0	155.66667	138.33333	129.66667	123.666664	127.333336	136.33333	134.33333	129.0	123.666664	126.666664	137.0	149.33333	162.0	168.33333	168.0	163.66667	154.66667	161.0	181.0	187.33333	185.0	178.33333	174.66667	168.0	
18.0	55.0	140.66667	167.66667	173.33333	178.66667	185.0	171.33333	165.0	167.66667	163.33333	139.66667	114.0	103.666664	128.33333	149.66667	152.0	151.33333	158.33333	168.0	150.66667	139.0	111.0	112.333336	122.333336	136.33333	158.0	159.33333	157.33333	166.33333	181.0	185.0	182.0	177.33333	171.0	164.0	
17.333334	43.333332	127.0	164.0	172.33333	175.33333	183.66667	178.0	165.33333	159.66667	151.66667	140.33333	132.66667	121.0	154.66667	186.66667	197.0	195.66667	196.66667	193.0	177.66667	155.33333	131.66667	137.33333	144.33333	139.66667	143.33333	147.66667	158.33333	175.0	184.33333	182.33333	178.66667	175.66667	168.33333	160.66667	
19.0	35.333332	115.666664	158.0	168.33333	169.0	178.66667	182.0	170.66667	160.66667	165.33333	167.0	165.66667	148.66667	132.66667	144.66667	163.0	156.66667	158.33333	159.33333	148.66667	138.0	151.33333	168.0	170.0	167.0	162.0	154.66667	162.0	175.33333	179.33333	175.33333	171.0	169.33333	161.33333	154.66667	
19.333334	25.0	96.666664	154.0	161.33333	164.0	171.0	179.66667	177.33333	174.66667	176.33333	168.33333	163.66667	170.66667	171.33333	170.0	167.33333	160.33333	160.66667	165.66667	173.66667	178.0	178.33333	171.0	162.33333	169.33333	171.33333	163.33333	164.0	174.0	174.0	170.0	163.33333	165.0	158.33333	155.33333	
20.333334	20.333334	67.0	146.0	158.0	160.66667	162.66667	171.0	174.66667	176.33333	180.33333	175.33333	160.33333	158.66667	169.0	176.33333	174.66667	170.66667	170.33333	174.0	176.33333	170.33333	160.33333	158.33333	163.66667	172.66667	173.33333	170.0	165.66667	170.33333	169.66667	162.66667	158.0	163.66667	159.33333	154.0	
20.666666	19.333334	43.333332	122.666664	153.33333	155.0	155.0	162.33333	169.33333	173.0	175.0	178.33333	171.33333	152.66667	143.0	143.33333	144.33333	144.33333	143.33333	142.33333	140.0	142.33333	149.0	163.0	173.33333	173.0	172.66667	175.33333	168.66667	166.0	159.0	151.0	158.33333	164.0	156.33333	147.66667	
22.0	20.333334	25.0	80.333336	146.0	157.0	153.0	152.66667	163.0	170.0	171.33333	174.66667	175.33333	163.0	146.33333	135.0	132.33333	130.66667	135.33333	138.66667	141.33333	148.66667	159.0	165.0	166.33333	169.33333	172.66667	171.66667	162.33333	157.0	150.33333	150.33333	160.33333	157.66667	149.66667	138.33333	
21.0	19.666666	20.0	37.0	114.333336	153.0	160.0	156.33333	159.33333	167.0	171.33333	175.33333	172.66667	167.33333	164.33333	159.0	151.66667	144.33333	145.33333	149.66667	160.0	167.0	165.33333	163.66667	166.0	170.33333	175.33333	173.33333	163.66667	156.66667	153.66667	156.33333	157.0	146.33333	139.66667	132.66667	
21.333334	19.0	19.0	16.666666	57.333332	129.33333	158.66667	163.33333	158.0	163.0	172.0	175.66667	172.66667	169.66667	169.33333	170.33333	169.66667	163.33333	163.0	168.0	177.66667	179.0	171.0	170.0	171.66667	170.66667	171.33333	170.0	160.66667	154.0	156.33333	157.0	149.0	138.0	135.33333	138.66667	
20.0	18.0	14.333333	11.0	17.0	69.666664	141.0	160.0	157.66667	156.33333	167.0	176.33333	178.33333	175.0	172.33333	174.33333	175.66667	174.33333	175.33333	175.33333	180.33333	179.66667	174.0	176.66667	177.33333	173.33333	170.33333	163.66667	156.0	154.33333	153.0	149.33333	142.33333	137.33333	138.33333	146.0	
18.666666	14.333333	11.666667	9.0	9.666667	25.0	105.0	151.0	153.66667	152.0	160.66667	173.33333	177.0	177.0	175.0	175.33333	175.33333	173.66667	172.33333	171.33333	174.66667	175.0	174.66667	179.33333	177.66667	173.0	169.33333	157.66667	154.0	151.66667	143.66667	139.33333	137.33333	141.33333	145.66667	149.33333	
13.666667	12.0	9.0	7.0	8.0	16.0	87.666664	140.33333	142.0	147.0	153.33333	166.0	174.66667	178.0	176.0	175.66667	175.33333	173.33333	173.0	171.0	170.66667	174.0	178.33333	177.0	175.0	169.66667	162.0	151.33333	145.66667	139.66667	135.33333	136.66667	137.33333	145.33333	152.0	154.66667	
11.666667	9.666667	6.6666665	6.0	7.3333335	14.0	79.0	135.0	134.0	134.33333	142.66667	156.66667	166.33333	170.66667	169.33333	171.0	171.33333	172.66667	171.33333	169.0	170.66667	174.0	173.0	165.0	166.33333	163.0	153.0	145.66667	136.66667	132.66667	135.0	139.66667	144.66667	152.66667	155.33333	156.0	
10.0	9.0	8.333333	7.3333335	10.0	19.333334	92.666664	147.0	134.33333	127.666664	131.33333	142.33333	151.33333	158.66667	161.66667	161.33333	162.33333	163.0	158.33333	155.0	158.0	155.0	153.0	151.0	149.33333	146.0	139.66667	136.33333	131.0	133.33333	139.33333	143.33333	149.66667	154.66667	153.0	159.0	
10.333333	9.666667	9.666667	10.333333	14.666667	31.666666	129.33333	171.0	141.66667	136.33333	129.66667	127.666664	129.66667	135.33333	145.0	145.66667	145.0	143.66667	140.33333	137.33333	140.33333	136.33333	137.0	133.66667	131.33333	137.66667	136.0	131.66667	131.66667	137.33333	141.66667	147.0	151.66667	150.66667	151.66667	181.0	
