84.333336	83.333336	70.666664	63.0	71.666664	71.333336	56.0	35.0	22.666666	18.333334	17.333334	17.333334	21.333334	24.666666	22.666666	21.333334	22.666666	23.666666	23.0	21.333334	19.0	16.333334	16.666666	19.666666	24.0	23.333334	35.0	40.666668	54.333332	92.0	123.666664	125.666664	95.0	63.0	49.333332	50.333332	
78.333336	64.666664	65.0	72.666664	59.0	36.0	21.0	13.666667	14.333333	18.333334	20.0	19.666666	21.666666	23.666666	22.0	20.666666	22.333334	24.333334	25.0	24.333334	24.666666	23.0	14.333333	16.333334	20.333334	15.666667	14.0	22.666666	37.0	47.0	66.0	109.0	129.33333	120.0	89.333336	62.0	
62.0	66.333336	61.333332	41.333332	25.333334	19.666666	19.333334	17.666666	17.0	19.333334	21.666666	22.0	23.0	23.666666	22.333334	20.666666	21.0	21.666666	21.333334	20.0	19.0	18.0	18.0	16.0	16.666666	14.0	11.0	11.0	18.0	25.0	35.666668	52.0	81.666664	127.666664	145.0	120.0	
68.666664	52.666668	28.666666	20.0	20.0	21.666666	23.333334	21.0	21.0	21.0	21.666666	23.333334	24.0	25.666666	27.333334	26.333334	25.0	23.666666	23.0	21.333334	20.0	20.0	19.0	16.333334	15.666667	15.666667	13.666667	13.0	11.666667	15.0	21.666666	33.666668	47.0	68.666664	115.0	151.66667	
42.333332	24.0	21.333334	23.666666	26.0	26.666666	22.666666	20.333334	23.0	24.0	26.0	28.0	30.0	34.333332	38.0	38.0	37.666668	35.333332	33.666668	35.333332	34.666668	34.333332	31.0	30.666666	29.666666	25.666666	19.666666	17.666666	17.0	16.0	13.0	19.666666	30.0	39.0	56.0	92.666664	
27.333334	23.333334	25.0	27.666666	28.666666	29.0	27.0	28.0	31.0	34.0	37.333332	38.0	41.666668	44.666668	47.666668	48.666668	48.666668	46.333332	45.0	47.666668	50.333332	53.0	50.666668	50.333332	48.333332	40.0	32.0	28.666666	23.666666	19.666666	16.666666	18.0	15.0	18.0	27.666666	41.333332	
32.666668	30.0	32.666668	35.333332	34.333332	34.0	34.333332	36.333332	38.333332	38.333332	40.333332	46.0	54.0	58.0	60.0	61.666668	61.666668	62.666668	63.0	64.0	66.0	65.333336	63.0	62.0	54.333332	44.333332	37.0	34.333332	29.333334	24.333334	23.0	22.333334	16.666666	17.666666	17.333334	20.666666	
35.333332	34.333332	34.333332	37.0	35.333332	33.666668	33.333332	31.333334	29.0	27.0	32.0	42.666668	56.333332	67.0	71.0	77.0	78.666664	78.333336	78.666664	79.333336	77.0	68.0	59.666668	51.333332	39.666668	28.333334	21.666666	21.666666	24.333334	23.666666	23.0	20.333334	18.666666	20.0	20.0	16.333334	
42.666668	39.333332	38.0	32.666668	23.666666	25.0	24.333334	19.333334	16.666666	15.0	20.333334	28.0	43.666668	61.333332	73.333336	84.333336	87.666664	84.666664	81.666664	79.0	70.333336	57.333332	44.0	34.666668	25.333334	17.0	13.0	11.666667	13.0	14.333333	14.0	13.666667	18.0	24.0	20.666666	18.333334	
50.666668	41.333332	37.333332	27.666666	15.0	15.0	14.666667	12.0	15.0	20.0	24.333334	30.666666	43.666668	58.666668	71.666664	85.666664	89.333336	88.0	83.666664	73.0	57.666668	47.333332	42.333332	35.0	30.0	22.666666	17.333334	19.0	19.0	18.666666	15.333333	12.0	10.666667	15.0	20.0	26.333334	
61.333332	50.666668	33.666668	20.333334	19.0	24.666666	26.666666	29.0	36.666668	45.666668	51.333332	63.666668	72.0	75.333336	80.0	88.0	89.666664	92.0	88.666664	78.666664	62.666668	51.666668	50.333332	45.333332	41.666668	40.666668	45.0	54.0	58.0	54.666668	44.333332	35.666668	26.333334	21.333334	24.0	33.0	
83.666664	73.666664	47.0	40.0	54.0	70.333336	76.666664	78.666664	78.666664	76.0	73.666664	78.333336	79.666664	87.333336	93.666664	96.0	99.666664	98.666664	91.0	83.333336	69.0	54.333332	48.333332	47.333332	47.0	53.333332	62.666668	71.333336	71.0	65.333336	58.666668	58.0	50.666668	41.666668	40.0	39.333332	
96.666664	87.666664	72.0	81.666664	96.666664	102.666664	101.666664	93.0	76.0	63.0	54.666668	53.333332	58.666668	71.333336	86.666664	100.0	110.0	107.0	95.333336	84.666664	69.0	49.666668	39.333332	38.0	30.666666	31.333334	31.666666	35.333332	38.0	42.666668	37.333332	45.0	50.666668	49.666668	47.0	42.666668	
96.333336	93.666664	93.666664	103.666664	103.0	84.666664	67.0	54.0	38.333332	28.0	31.666666	36.333332	46.666668	57.666668	76.333336	96.0	105.0	104.666664	95.0	80.666664	62.666668	47.0	40.333332	34.333332	22.333334	27.333334	16.0	12.666667	20.333334	39.333332	30.333334	24.0	29.0	37.333332	39.666668	44.333332	
91.0	95.666664	101.0	103.0	77.0	51.333332	51.0	29.0	18.333334	28.666666	62.333332	45.333332	47.666668	60.666668	73.333336	89.0	96.666664	97.0	91.333336	74.666664	59.0	49.666668	45.0	36.666668	30.666666	50.0	34.333332	19.0	35.0	63.333332	42.333332	20.333334	22.666666	32.333332	40.0	49.333332	
95.666664	99.333336	99.666664	86.666664	50.333332	44.0	72.666664	47.666668	24.333334	43.333332	78.333336	56.666668	52.666668	64.0	75.333336	87.666664	95.333336	99.0	97.333336	78.666664	60.666668	53.333332	50.0	46.0	48.333332	63.666668	57.333332	41.333332	47.666668	57.333332	46.666668	40.0	44.333332	50.0	52.0	61.0	
91.0	100.0	96.333336	81.666664	63.666668	60.0	71.0	65.666664	56.0	63.333332	72.666664	63.666668	63.0	72.333336	88.0	98.666664	110.666664	126.333336	125.666664	103.0	78.333336	65.333336	58.666668	58.333332	61.0	67.0	68.666664	64.666664	63.333332	70.333336	74.666664	75.666664	81.333336	82.666664	77.333336	80.666664	
96.333336	103.333336	99.666664	91.333336	92.333336	93.333336	96.0	96.0	94.666664	91.666664	89.666664	81.333336	79.333336	90.333336	102.333336	111.333336	126.666664	150.66667	151.66667	129.66667	103.666664	82.0	68.666664	72.333336	75.666664	77.333336	83.0	87.666664	91.666664	99.666664	103.666664	99.333336	102.666664	104.666664	103.333336	104.0	
106.0	110.0	108.666664	107.666664	112.0	117.333336	125.333336	128.66667	126.0	119.333336	112.333336	108.0	108.333336	110.666664	113.666664	121.666664	139.66667	164.0	162.0	146.0	127.333336	105.666664	87.666664	88.333336	94.666664	97.0	98.0	100.333336	108.0	116.0	119.666664	117.0	117.333336	120.666664	124.333336	124.666664	
115.333336	118.0	119.0	117.0	119.666664	124.333336	131.66667	137.0	136.33333	133.0	130.0	129.66667	124.333336	117.666664	120.666664	137.66667	158.0	178.0	173.66667	155.33333	139.66667	123.666664	106.0	101.0	109.333336	117.333336	115.333336	113.333336	119.0	123.333336	128.33333	131.0	130.66667	132.66667	134.66667	133.0	
125.666664	128.33333	128.66667	124.666664	126.0	130.0	134.66667	141.33333	140.0	136.33333	140.0	143.0	133.33333	124.0	128.0	146.66667	170.33333	190.33333	183.66667	157.33333	140.0	131.33333	123.0	117.0	121.666664	131.66667	131.33333	129.0	129.33333	131.33333	134.66667	138.33333	138.66667	136.0	134.0	133.0	
131.0	135.66667	133.33333	128.33333	129.66667	133.33333	138.0	142.33333	141.0	140.66667	147.33333	148.33333	136.33333	127.666664	132.0	152.66667	179.33333	196.33333	185.33333	156.66667	143.0	137.66667	124.0	120.333336	127.333336	139.66667	143.66667	144.0	140.66667	139.0	139.33333	142.0	140.33333	131.66667	127.333336	128.66667	
131.66667	134.66667	133.0	128.66667	130.33333	135.66667	140.33333	144.0	143.66667	150.66667	156.66667	149.0	135.0	130.66667	135.66667	149.66667	166.0	174.0	161.33333	143.66667	141.66667	146.0	137.33333	125.0	135.66667	147.33333	151.66667	151.33333	146.66667	144.33333	141.66667	140.33333	138.66667	129.33333	126.0	127.0	
135.0	132.33333	130.33333	128.33333	130.66667	137.33333	142.0	146.0	147.66667	154.0	163.33333	157.33333	143.33333	136.0	129.66667	133.0	148.66667	149.66667	142.0	117.666664	105.666664	115.666664	133.66667	126.666664	133.0	148.66667	151.66667	150.0	148.33333	150.0	146.66667	139.0	134.66667	128.66667	126.666664	127.666664	
138.66667	134.33333	131.66667	131.66667	134.0	136.66667	140.0	146.33333	149.33333	154.33333	162.0	159.33333	146.33333	120.0	76.0	75.0	114.666664	125.333336	108.333336	60.0	35.0	47.666668	96.333336	123.333336	137.33333	148.0	151.0	152.0	150.33333	149.0	144.33333	138.0	130.66667	126.333336	126.0	125.666664	
138.66667	135.66667	134.0	134.66667	135.33333	136.0	139.66667	146.66667	151.0	158.66667	161.33333	156.66667	145.33333	111.333336	53.666668	35.0	73.0	99.666664	85.0	47.0	31.666666	38.333332	77.333336	111.333336	142.66667	155.0	156.33333	157.66667	154.0	148.66667	144.66667	140.66667	130.33333	123.333336	123.333336	121.333336	
134.33333	137.0	137.33333	136.0	134.33333	135.33333	141.0	147.0	153.0	162.0	162.33333	157.33333	144.66667	114.666664	83.333336	73.333336	89.333336	97.0	95.333336	99.0	97.0	88.333336	87.0	107.0	150.0	162.66667	161.0	159.0	156.33333	151.0	146.0	138.0	127.666664	121.333336	122.0	119.0	
130.66667	135.66667	134.33333	135.0	133.33333	135.0	142.0	148.0	153.66667	159.0	159.0	158.33333	141.33333	111.666664	101.666664	109.0	116.333336	119.333336	128.33333	135.33333	134.66667	128.33333	111.666664	125.666664	159.0	168.66667	166.33333	163.0	157.66667	152.33333	146.33333	138.0	129.0	123.0	120.333336	115.333336	
132.33333	135.66667	135.33333	132.66667	132.66667	133.0	141.66667	148.33333	152.66667	157.0	156.33333	155.33333	145.66667	124.666664	123.666664	129.0	137.66667	138.0	141.33333	141.66667	144.66667	148.0	141.66667	150.0	167.66667	167.66667	167.66667	166.0	160.33333	154.0	146.66667	138.66667	130.33333	124.333336	116.666664	111.666664	
131.33333	131.66667	138.66667	132.66667	132.0	134.0	140.0	146.33333	151.66667	157.33333	157.33333	154.33333	153.66667	142.33333	142.0	150.66667	146.66667	133.33333	133.33333	124.333336	136.33333	148.66667	148.33333	145.33333	159.0	165.66667	165.33333	162.66667	161.0	156.33333	146.66667	138.33333	130.66667	124.333336	116.666664	112.666664	
138.0	131.66667	139.66667	136.0	134.33333	137.33333	140.33333	145.0	153.0	160.0	159.66667	152.66667	151.66667	147.33333	144.66667	139.33333	118.0	118.666664	134.0	119.666664	124.0	135.0	136.66667	139.66667	143.0	146.66667	151.0	156.0	158.66667	156.66667	147.33333	138.66667	133.0	127.0	123.0	117.666664	
145.66667	132.33333	138.0	138.66667	138.33333	141.0	143.33333	148.66667	156.66667	162.0	161.66667	155.33333	149.33333	139.33333	126.0	118.666664	130.66667	149.66667	164.33333	159.33333	142.0	126.0	114.0	118.0	127.333336	134.33333	139.33333	146.66667	150.0	152.33333	148.0	141.66667	135.66667	130.0	127.333336	121.666664	
138.66667	127.666664	130.33333	137.0	137.66667	140.66667	146.33333	154.66667	160.66667	161.66667	159.33333	161.0	146.33333	125.0	116.666664	118.0	130.33333	138.0	137.33333	131.0	117.666664	111.333336	110.0	107.0	107.333336	123.333336	132.66667	135.33333	140.0	145.66667	147.66667	144.33333	135.66667	128.33333	128.66667	125.666664	
136.0	129.33333	128.0	132.66667	135.33333	139.66667	148.33333	159.0	161.33333	156.0	148.0	145.0	124.0	108.333336	116.666664	109.333336	104.333336	98.0	91.333336	91.666664	89.666664	84.0	86.0	94.666664	90.666664	98.333336	116.333336	126.333336	133.0	139.0	144.0	144.66667	139.33333	132.66667	130.33333	125.333336	
142.66667	136.66667	129.33333	128.0	133.0	140.33333	150.0	159.0	159.66667	152.66667	144.0	125.0	99.333336	103.0	100.666664	76.0	67.666664	60.666668	54.333332	49.0	42.666668	42.0	42.333332	61.0	68.666664	72.333336	94.0	118.666664	131.0	136.66667	143.0	146.0	142.33333	136.0	130.33333	126.333336	
143.0	140.0	132.66667	131.66667	135.0	140.33333	149.66667	157.0	156.0	150.33333	138.66667	110.0	90.0	85.0	58.666668	31.666666	22.666666	22.333334	22.0	20.333334	20.666666	24.666666	30.0	35.0	42.0	57.666668	78.0	107.333336	128.0	137.0	141.33333	143.0	136.66667	128.66667	125.666664	126.666664	
142.66667	141.0	136.33333	137.66667	135.33333	137.0	144.0	158.33333	155.66667	147.66667	129.66667	93.666664	71.666664	59.666668	45.0	51.333332	57.0	58.666668	56.666668	63.0	80.0	91.0	92.0	76.0	74.666664	86.666664	84.333336	101.333336	127.0	138.33333	138.33333	137.0	129.0	120.666664	122.333336	125.0	
143.66667	144.0	137.0	136.66667	135.0	134.66667	140.33333	156.33333	158.33333	149.33333	115.333336	88.333336	91.666664	102.333336	115.0	133.0	147.33333	157.66667	154.33333	160.0	167.66667	151.33333	127.0	115.0	119.333336	127.0	113.333336	105.333336	120.0	134.33333	132.0	128.0	122.666664	119.0	119.333336	120.666664	
145.66667	148.33333	141.66667	136.66667	134.33333	133.33333	141.33333	147.33333	153.66667	149.0	111.666664	106.333336	134.33333	147.0	147.0	145.33333	156.33333	171.66667	170.66667	164.0	151.0	127.0	113.0	112.666664	116.333336	129.0	132.33333	114.0	107.0	123.333336	122.333336	118.0	116.666664	118.666664	119.0	120.666664	
148.0	153.33333	146.66667	136.33333	134.33333	133.66667	138.33333	140.0	145.0	142.33333	117.0	131.66667	149.33333	142.66667	128.0	119.333336	114.333336	115.0	115.333336	107.0	94.666664	85.333336	89.0	102.0	115.333336	131.66667	138.33333	118.333336	95.333336	112.666664	117.333336	116.333336	117.333336	118.0	119.333336	121.0	
152.0	156.33333	152.66667	136.66667	133.66667	134.33333	134.0	137.33333	139.33333	135.0	118.666664	142.33333	159.33333	144.0	121.0	106.333336	90.666664	79.0	70.333336	62.666668	61.0	68.0	84.666664	104.666664	122.666664	133.66667	134.0	115.666664	89.333336	107.0	117.0	117.333336	117.333336	116.0	119.333336	116.0	
155.33333	158.33333	155.0	136.0	133.0	130.66667	130.33333	138.33333	137.0	132.0	121.666664	134.0	150.0	144.0	130.33333	115.0	93.0	75.666664	68.666664	65.666664	71.666664	89.0	107.0	120.0	130.66667	133.66667	129.0	112.333336	87.333336	102.0	117.0	116.0	112.0	112.0	116.333336	109.0	
158.0	161.0	155.66667	135.33333	130.0	128.66667	128.66667	135.66667	136.0	132.66667	121.0	125.0	138.0	141.0	141.33333	129.66667	108.0	94.333336	93.333336	93.666664	102.0	116.333336	126.666664	130.0	130.33333	131.33333	126.0	111.333336	85.0	97.666664	116.666664	117.333336	112.0	112.666664	112.333336	103.0	
158.0	161.66667	158.66667	135.33333	124.666664	128.33333	131.66667	133.66667	135.33333	136.0	116.666664	119.666664	135.66667	142.66667	146.0	141.0	135.0	132.0	128.33333	125.666664	133.66667	142.66667	144.33333	139.33333	132.66667	132.0	125.666664	114.0	88.333336	93.333336	115.0	118.333336	114.333336	109.666664	107.666664	99.0	
159.33333	163.33333	163.0	138.0	122.333336	126.666664	132.0	134.66667	134.33333	136.0	114.0	120.666664	139.66667	149.66667	156.66667	159.33333	166.0	172.0	165.66667	158.33333	159.0	165.0	164.0	151.66667	139.33333	134.0	123.666664	117.0	93.0	86.333336	109.0	114.333336	113.333336	106.666664	101.333336	93.666664	
162.66667	165.66667	162.33333	139.33333	121.333336	122.333336	128.0	135.33333	133.33333	132.66667	113.333336	125.0	141.66667	153.66667	163.66667	163.0	163.66667	168.66667	167.33333	169.33333	167.0	168.0	161.33333	146.66667	141.33333	141.0	126.333336	112.333336	84.666664	76.0	105.666664	109.333336	104.333336	102.0	96.333336	91.666664	
164.66667	166.0	160.33333	139.66667	118.666664	116.666664	122.0	132.66667	134.0	128.0	107.0	117.0	136.0	152.66667	159.0	149.33333	148.0	151.0	147.0	146.66667	148.66667	145.66667	136.33333	119.0	121.0	133.33333	117.666664	95.0	66.666664	59.666668	98.0	103.666664	97.666664	97.333336	92.666664	92.0	
165.0	167.0	160.33333	137.33333	120.666664	115.0	116.333336	126.666664	132.33333	123.0	95.666664	95.333336	114.333336	130.66667	125.0	108.333336	116.333336	121.0	116.333336	118.666664	113.0	100.666664	103.0	93.0	92.333336	103.666664	88.666664	69.666664	48.0	46.666668	87.333336	99.333336	95.333336	93.666664	89.666664	93.333336	
166.66667	168.0	162.33333	137.0	124.0	121.333336	113.0	117.333336	129.33333	125.333336	91.666664	76.333336	89.0	94.333336	87.666664	78.666664	92.0	92.333336	92.0	93.333336	86.0	75.666664	75.333336	68.0	71.0	78.666664	67.666664	50.666668	34.333332	42.333332	83.666664	99.666664	91.666664	89.0	87.0	93.333336	
