14.666667	22.0	28.0	35.0	47.0	60.333332	76.666664	92.666664	126.666664	162.66667	182.0	185.66667	188.0	188.66667	192.66667	197.0	200.0	205.0	206.66667	203.0	200.0	195.66667	191.66667	186.33333	183.33333	182.66667	180.0	173.33333	160.33333	139.33333	70.333336	18.0	7.6666665	8.0	8.0	9.333333	
18.0	24.666666	27.333334	39.333332	58.0	69.333336	78.333336	103.666664	143.33333	172.66667	187.33333	187.66667	189.66667	191.33333	194.66667	197.33333	199.33333	205.0	206.33333	204.33333	200.0	193.66667	188.66667	183.66667	177.66667	176.33333	177.66667	174.33333	165.0	153.33333	114.333336	40.333332	9.666667	7.0	7.0	6.0	
17.333334	24.666666	33.333332	45.0	58.333332	70.666664	91.333336	125.666664	155.0	174.66667	186.33333	189.33333	192.33333	194.33333	194.66667	196.0	198.33333	202.0	203.33333	201.66667	198.0	190.33333	183.66667	180.0	175.33333	174.0	176.0	173.33333	165.33333	157.0	142.33333	82.0	17.0	5.6666665	5.0	3.0	
22.666666	27.666666	35.333332	41.0	56.666668	81.0	110.0	132.0	156.0	175.66667	185.33333	189.66667	192.0	193.33333	193.66667	194.33333	194.33333	197.33333	198.0	195.33333	189.66667	183.33333	179.0	177.33333	175.33333	172.66667	172.66667	170.0	164.66667	156.33333	148.66667	116.333336	42.333332	7.0	4.6666665	3.0	
25.333334	32.666668	33.666668	42.333332	66.666664	91.666664	101.666664	126.0	155.0	173.66667	181.33333	187.0	191.33333	192.66667	191.66667	191.0	191.66667	194.0	194.33333	190.33333	185.66667	182.0	178.66667	178.0	176.33333	171.66667	168.33333	164.66667	161.33333	153.33333	149.0	136.33333	76.666664	17.0	6.0	3.3333333	
22.333334	23.0	28.0	49.666668	72.666664	78.0	90.666664	128.0	156.0	174.33333	180.66667	184.33333	188.33333	191.0	191.33333	189.66667	189.0	191.66667	191.0	190.33333	189.0	187.33333	185.66667	182.66667	177.66667	171.33333	168.0	164.0	158.66667	153.0	149.0	141.33333	105.666664	38.333332	7.6666665	3.6666667	
17.333334	19.666666	30.333334	58.666668	61.666668	53.0	87.333336	125.0	156.66667	177.33333	184.0	185.66667	186.66667	187.66667	188.0	190.0	192.0	194.0	193.0	192.0	191.33333	190.66667	190.0	183.66667	176.0	172.0	169.33333	165.0	160.0	155.66667	152.33333	142.66667	122.0	67.333336	13.0	3.0	
12.666667	17.666666	32.333332	49.666668	37.0	51.333332	87.333336	126.333336	160.33333	180.0	184.66667	185.0	187.33333	186.66667	186.33333	192.0	196.0	196.66667	197.66667	196.33333	193.66667	191.33333	191.0	185.33333	178.66667	174.33333	172.0	169.33333	165.33333	160.0	156.66667	148.0	132.0	93.666664	27.0	3.0	
21.0	26.333334	32.333332	32.0	32.333332	56.666668	92.333336	134.0	161.66667	175.0	179.66667	185.0	187.33333	184.66667	187.0	194.66667	196.0	197.33333	197.33333	194.66667	191.33333	188.33333	187.66667	184.0	179.33333	175.0	173.33333	175.0	174.33333	166.0	163.0	154.0	139.33333	113.0	46.0	5.0	
19.666666	24.0	24.333334	25.0	42.666668	77.0	117.666664	148.0	164.0	169.66667	175.0	184.33333	189.66667	191.0	189.66667	186.66667	187.66667	192.66667	190.66667	186.66667	183.0	180.66667	179.33333	177.66667	174.66667	171.33333	171.66667	177.0	177.66667	170.66667	169.33333	163.0	147.0	124.0	68.0	9.333333	
5.0	11.666667	21.333334	38.0	77.666664	120.333336	145.33333	158.33333	167.0	172.0	177.33333	183.0	178.33333	158.66667	134.33333	120.666664	125.0	129.33333	130.33333	139.33333	149.33333	162.33333	163.66667	162.33333	162.0	163.33333	168.33333	172.66667	169.66667	164.66667	163.0	165.33333	154.66667	129.66667	84.0	15.0	
4.0	11.333333	35.0	79.666664	123.666664	148.66667	157.0	161.0	168.33333	175.33333	179.0	157.0	110.0	84.0	77.666664	71.0	65.333336	58.666668	45.666668	55.666668	75.666664	101.0	123.666664	138.33333	148.66667	157.33333	160.33333	160.66667	156.0	154.33333	156.33333	158.0	153.0	140.33333	98.333336	21.666666	
9.333333	24.0	72.666664	123.0	144.33333	155.33333	159.66667	164.33333	172.0	174.0	129.33333	77.333336	56.333332	56.0	55.666668	50.333332	45.0	41.0	26.666666	25.0	29.0	32.0	51.333332	84.0	114.333336	133.33333	144.33333	144.66667	136.0	134.33333	132.33333	134.33333	131.33333	133.0	110.333336	34.0	
12.0	43.333332	104.0	139.66667	151.33333	157.0	161.33333	167.33333	173.33333	140.0	70.0	52.333332	53.0	50.0	43.0	36.333332	33.0	30.666666	22.666666	20.333334	20.666666	17.666666	20.666666	36.333332	66.666664	106.333336	117.0	110.0	97.666664	86.0	71.0	68.333336	69.0	77.0	79.0	31.666666	
20.666666	68.0	125.666664	149.33333	160.33333	163.0	159.66667	150.66667	140.66667	86.666664	45.0	48.666668	48.333332	37.666668	27.666666	21.0	19.333334	16.666666	11.333333	12.0	14.666667	15.333333	19.0	25.0	31.0	77.333336	122.333336	103.333336	77.333336	49.333332	32.0	32.0	32.333332	37.0	39.0	21.0	
27.0	67.333336	113.333336	128.66667	139.33333	142.33333	134.33333	101.666664	78.666664	53.0	44.0	42.333332	32.333332	27.333334	22.666666	16.333334	14.333333	12.666667	8.333333	7.6666665	10.666667	13.666667	19.0	27.666666	29.666666	54.333332	105.333336	91.333336	62.333332	36.666668	16.0	17.333334	19.666666	20.666666	22.666666	19.666666	
37.666668	74.333336	118.0	140.66667	156.33333	161.0	157.0	142.33333	113.333336	64.333336	43.666668	27.0	17.0	15.333333	18.0	13.666667	9.333333	4.6666665	4.6666665	8.0	12.666667	16.666666	20.666666	31.666666	36.333332	51.333332	89.333336	70.333336	39.0	18.333334	12.0	14.666667	14.333333	11.333333	18.333334	20.0	
57.666668	91.666664	126.0	145.66667	155.33333	161.0	160.66667	152.33333	130.33333	73.0	58.666668	42.333332	30.0	25.0	26.0	25.666666	19.0	11.333333	10.0	11.666667	18.0	26.0	33.666668	39.666668	46.0	85.0	122.333336	78.0	32.333332	12.0	12.0	16.0	15.333333	10.333333	16.333334	16.0	
73.666664	114.0	149.0	161.66667	160.66667	162.33333	161.33333	158.66667	149.66667	99.0	89.333336	72.333336	50.666668	35.333332	25.666666	26.333334	25.333334	20.0	18.666666	20.666666	28.333334	38.666668	46.333332	50.333332	64.666664	115.333336	131.0	84.0	34.666668	13.0	14.333333	14.666667	17.666666	21.333334	20.666666	15.333333	
84.0	130.66667	162.33333	170.66667	171.0	169.0	168.0	167.66667	169.0	138.33333	111.333336	99.666664	75.0	47.333332	30.666666	24.333334	23.333334	15.0	16.0	22.666666	31.0	44.0	53.333332	57.333332	84.0	148.66667	159.0	107.666664	42.0	17.0	21.333334	26.0	32.0	35.0	31.333334	14.333333	
93.0	137.66667	163.33333	168.66667	172.0	178.0	179.33333	175.33333	178.0	169.0	134.66667	114.0	107.333336	77.666664	55.333332	44.666668	36.666668	29.333334	35.0	41.666668	49.333332	59.666668	62.666668	63.0	120.333336	182.66667	187.0	140.33333	56.333332	26.666666	37.666668	49.333332	51.666668	47.666668	42.0	17.0	
100.0	141.33333	161.33333	163.66667	170.0	176.0	184.0	187.33333	184.33333	173.0	158.66667	131.66667	107.666664	93.666664	85.0	74.0	66.666664	63.0	66.666664	66.333336	67.333336	72.666664	83.0	100.333336	162.66667	204.0	200.33333	169.33333	84.333336	41.0	45.0	56.0	60.333332	58.666668	53.0	22.333334	
102.666664	138.66667	157.33333	158.66667	165.33333	172.66667	182.33333	189.66667	190.66667	184.66667	168.0	154.0	135.0	117.333336	102.333336	92.333336	89.333336	88.0	86.333336	87.0	90.333336	99.333336	119.333336	151.66667	196.0	210.33333	207.0	190.0	124.333336	76.0	60.0	66.666664	67.666664	72.333336	66.666664	29.333334	
98.0	129.33333	149.33333	155.0	161.0	171.33333	181.33333	187.33333	192.0	190.66667	184.33333	166.33333	152.0	149.33333	138.66667	129.33333	127.0	122.666664	118.333336	114.666664	110.666664	119.0	145.33333	182.66667	205.0	212.66667	211.33333	199.0	157.66667	103.666664	81.0	82.0	88.666664	87.333336	78.666664	36.666668	
94.666664	124.666664	142.66667	150.33333	156.33333	167.66667	177.0	184.0	186.0	186.66667	192.66667	188.0	173.0	168.0	163.0	155.33333	151.33333	146.66667	138.33333	124.666664	112.0	127.666664	159.0	181.0	200.66667	214.33333	212.66667	209.0	180.33333	131.0	113.0	91.0	93.0	96.333336	88.333336	51.333332	
100.0	126.333336	138.33333	144.0	147.66667	160.0	171.33333	181.0	185.33333	188.33333	190.0	194.66667	196.0	195.66667	192.66667	187.66667	179.0	167.66667	154.66667	127.333336	108.666664	147.66667	178.66667	182.66667	198.0	210.66667	212.66667	209.0	192.66667	156.0	130.66667	113.333336	101.0	97.0	88.333336	58.333332	
114.666664	129.33333	137.66667	144.0	145.0	155.66667	165.0	170.66667	174.33333	180.33333	184.33333	190.33333	195.33333	198.66667	197.33333	191.33333	182.0	169.0	149.0	111.666664	119.333336	180.0	197.0	188.66667	181.66667	180.33333	187.33333	187.33333	184.33333	164.33333	149.66667	146.0	134.33333	119.333336	109.0	85.666664	
126.666664	136.33333	140.33333	144.33333	145.33333	151.0	158.0	162.33333	163.66667	168.33333	176.33333	181.33333	185.0	187.0	183.33333	176.33333	166.33333	147.66667	122.0	108.666664	126.0	167.66667	172.0	150.33333	125.666664	119.333336	130.0	135.33333	139.0	134.33333	142.66667	161.33333	165.66667	153.0	138.66667	111.666664	
131.33333	142.66667	146.0	149.0	149.66667	150.0	153.0	155.0	157.0	160.66667	164.66667	169.0	172.33333	169.66667	168.0	159.0	143.0	120.666664	111.0	137.33333	125.666664	112.333336	95.0	68.333336	59.333332	82.333336	90.0	90.0	98.333336	107.0	120.333336	146.0	163.66667	162.0	156.66667	128.66667	
134.0	146.0	151.33333	155.0	154.66667	151.33333	149.66667	152.0	151.66667	152.0	156.0	158.33333	158.0	151.66667	147.66667	136.0	117.666664	108.666664	131.33333	164.66667	159.33333	119.666664	83.666664	71.0	59.0	70.666664	74.666664	74.666664	88.333336	101.333336	101.0	125.0	149.33333	151.66667	149.0	126.0	
132.33333	144.0	152.0	157.66667	156.66667	153.0	149.66667	150.0	149.66667	147.66667	146.33333	146.0	144.66667	136.66667	128.0	113.0	104.333336	120.0	156.0	176.33333	178.33333	167.33333	151.66667	132.0	90.0	73.333336	81.666664	89.0	107.333336	118.0	106.666664	109.333336	128.33333	139.33333	137.0	110.666664	
129.0	143.66667	151.66667	158.0	158.33333	152.66667	148.66667	150.33333	149.33333	144.33333	139.33333	137.66667	136.33333	125.666664	110.666664	96.0	112.0	143.66667	171.66667	185.0	188.0	184.66667	177.0	163.33333	122.666664	98.666664	103.333336	109.0	122.0	129.0	113.666664	99.333336	109.666664	122.333336	122.333336	90.0	
127.666664	144.33333	151.33333	157.0	160.0	152.0	151.33333	156.66667	151.66667	142.33333	141.33333	140.0	137.0	124.333336	106.333336	101.666664	134.33333	166.0	186.66667	192.66667	190.33333	182.0	171.66667	163.33333	146.33333	136.66667	138.66667	130.66667	128.66667	133.0	119.666664	99.0	98.333336	108.0	111.666664	64.0	
126.333336	145.33333	155.33333	160.66667	159.0	154.66667	153.33333	158.33333	153.33333	139.66667	146.0	148.66667	145.66667	139.33333	116.0	125.0	153.0	174.66667	180.33333	164.33333	149.33333	137.66667	126.333336	119.0	115.666664	118.0	119.0	119.333336	124.333336	131.0	123.0	101.0	93.666664	98.666664	96.666664	39.0	
124.333336	150.0	160.66667	166.0	163.0	160.33333	158.0	159.66667	159.33333	151.33333	154.33333	157.33333	156.0	153.0	132.66667	131.33333	131.66667	133.33333	110.666664	99.666664	90.333336	85.0	81.666664	85.666664	88.333336	86.333336	85.0	84.0	89.666664	104.333336	115.333336	104.333336	99.333336	101.0	82.666664	17.666666	
120.0	148.66667	161.66667	169.0	169.0	166.0	162.66667	161.33333	163.33333	163.33333	161.66667	160.66667	161.66667	161.66667	144.33333	118.0	89.666664	74.0	64.666664	62.666668	59.333332	72.0	87.0	97.666664	92.666664	77.0	73.333336	61.666668	60.666668	74.333336	96.0	108.0	119.0	112.666664	68.666664	9.0	
108.666664	139.66667	160.0	166.0	167.66667	167.0	161.33333	160.0	160.66667	165.33333	165.33333	163.33333	161.66667	163.33333	155.0	157.0	149.0	118.666664	104.333336	90.333336	79.333336	89.333336	109.333336	137.66667	129.33333	120.333336	109.333336	67.0	40.333332	55.0	77.333336	104.333336	126.0	113.0	50.0	4.0	
100.0	132.0	153.66667	160.66667	163.66667	163.33333	160.33333	157.33333	155.33333	159.33333	161.0	159.66667	159.33333	161.0	160.0	176.33333	185.0	172.0	159.0	153.33333	154.66667	151.33333	139.0	128.66667	114.0	115.666664	101.666664	74.333336	66.333336	73.0	84.666664	109.0	126.333336	102.333336	32.666668	3.6666667	
87.666664	119.666664	144.0	154.0	157.33333	159.0	159.66667	152.33333	148.33333	150.0	152.66667	152.66667	153.66667	155.33333	162.33333	175.33333	184.33333	180.66667	160.0	140.33333	139.0	150.0	159.0	152.66667	145.33333	138.33333	132.33333	133.0	134.66667	121.666664	110.0	118.0	122.666664	82.666664	19.666666	6.0	
82.0	100.666664	124.0	139.0	145.0	149.33333	151.66667	149.0	143.0	142.66667	146.0	146.0	145.0	151.66667	163.66667	177.66667	183.33333	180.66667	166.0	137.66667	117.333336	109.0	109.0	120.666664	128.66667	132.33333	140.0	141.0	133.66667	115.333336	106.333336	120.0	114.333336	61.333332	12.0	7.6666665	
85.333336	88.0	103.0	119.666664	129.33333	140.0	141.0	140.0	136.33333	136.33333	139.33333	141.33333	141.66667	150.66667	166.0	180.66667	184.33333	182.66667	171.0	159.33333	140.66667	105.333336	78.666664	75.333336	86.0	102.333336	110.666664	102.0	94.333336	91.666664	109.0	122.666664	98.666664	34.333332	8.333333	7.3333335	
83.0	90.333336	82.666664	91.666664	111.666664	124.0	128.66667	131.0	131.0	133.0	135.0	138.66667	143.0	152.33333	167.0	180.0	184.66667	187.33333	182.33333	170.0	154.66667	134.33333	107.333336	82.0	67.333336	70.0	73.333336	70.0	80.0	98.333336	120.333336	128.66667	78.0	15.333333	6.6666665	4.0	
77.0	103.0	71.0	64.0	82.666664	101.0	113.333336	118.0	122.666664	126.0	130.33333	136.33333	141.0	149.0	163.66667	177.0	185.0	189.66667	189.33333	181.0	168.33333	162.0	150.33333	133.33333	111.0	96.333336	92.333336	92.333336	100.0	115.666664	132.33333	122.666664	49.333332	8.333333	6.6666665	5.6666665	
75.666664	115.333336	85.333336	56.666668	55.666668	68.666664	85.0	95.0	105.333336	111.333336	118.333336	129.0	136.33333	143.66667	152.0	164.33333	177.0	183.33333	188.0	190.33333	187.0	187.33333	182.66667	173.0	166.66667	159.33333	147.66667	138.33333	134.0	137.0	138.66667	96.333336	21.333334	4.3333335	5.3333335	9.333333	
74.666664	122.666664	110.0	78.666664	54.333332	49.666668	58.333332	65.0	77.666664	92.333336	102.666664	116.0	128.33333	133.0	137.0	148.66667	165.0	175.0	183.33333	191.33333	192.33333	189.66667	190.33333	183.33333	179.0	172.66667	166.66667	165.0	158.0	149.33333	133.33333	59.333332	7.0	3.3333333	7.6666665	11.333333	
71.666664	125.333336	125.0	106.0	76.0	51.666668	47.666668	46.666668	54.333332	69.333336	82.666664	101.0	113.666664	123.333336	126.0	135.33333	152.0	163.33333	170.66667	177.66667	181.33333	181.0	181.0	176.66667	169.33333	162.33333	162.0	164.0	157.66667	147.0	115.0	32.0	2.6666667	5.3333335	8.666667	10.333333	
67.333336	124.666664	133.0	127.333336	104.0	72.333336	50.0	42.0	42.0	48.333332	56.333332	73.666664	89.0	105.0	112.333336	117.666664	125.0	139.66667	148.33333	150.33333	152.33333	158.33333	156.0	154.66667	149.66667	147.66667	142.33333	140.0	134.33333	127.0	78.0	14.333333	5.0	5.0	8.666667	11.0	
65.0	123.666664	139.0	138.33333	127.0	99.666664	71.0	52.666668	40.666668	38.333332	40.666668	44.333332	55.0	70.333336	83.333336	95.0	97.0	106.0	111.333336	114.333336	114.0	119.0	120.666664	121.666664	122.0	121.333336	109.333336	107.0	105.666664	88.333336	35.666668	5.0	4.6666665	5.3333335	9.666667	7.6666665	
64.666664	121.666664	137.66667	141.33333	140.0	125.333336	97.666664	75.0	59.0	48.333332	36.666668	31.333334	33.666668	39.0	50.0	62.333332	64.0	69.333336	73.0	76.333336	74.333336	74.0	75.0	78.333336	80.0	77.666664	74.666664	75.666664	73.333336	45.333332	10.0	3.0	4.3333335	6.6666665	6.0	4.0	
