180.66667	182.66667	178.0	166.66667	165.66667	171.33333	183.0	194.33333	198.66667	198.33333	198.66667	197.0	196.0	197.66667	201.66667	204.66667	208.66667	213.0	221.0	228.66667	233.33333	237.33333	241.66667	243.0	241.66667	238.66667	233.0	228.66667	223.66667	213.66667	202.66667	194.66667	198.0	198.66667	157.33333	91.333336	
186.33333	193.0	198.66667	199.66667	202.33333	208.33333	216.33333	220.33333	220.0	218.66667	219.66667	218.66667	217.33333	217.0	217.66667	218.66667	217.0	215.0	219.33333	225.66667	230.66667	234.33333	238.33333	239.66667	240.0	236.66667	231.66667	227.33333	224.33333	218.33333	209.0	197.66667	203.66667	216.0	194.0	122.666664	
185.0	195.33333	207.33333	211.33333	210.66667	213.33333	215.33333	213.66667	212.66667	215.0	217.66667	220.33333	221.33333	219.0	215.66667	215.66667	216.0	215.33333	215.0	219.33333	224.66667	227.0	228.33333	229.33333	231.33333	231.0	228.33333	225.33333	222.33333	217.33333	211.66667	202.66667	208.33333	224.66667	219.0	148.33333	
178.0	191.33333	206.66667	208.66667	205.0	202.33333	198.66667	196.66667	198.0	199.66667	203.66667	211.33333	215.66667	213.66667	211.33333	214.66667	215.66667	215.33333	214.66667	216.66667	220.66667	220.0	219.0	219.33333	221.33333	221.33333	220.66667	220.66667	217.66667	213.33333	210.0	204.33333	211.66667	229.0	233.66667	176.66667	
166.0	178.33333	193.0	197.33333	193.66667	188.33333	184.0	181.0	183.66667	186.66667	191.33333	201.33333	210.33333	209.66667	207.66667	211.33333	212.33333	211.33333	211.33333	215.0	217.66667	215.66667	212.66667	212.66667	214.33333	214.0	213.66667	215.33333	214.0	210.0	206.33333	204.66667	212.33333	231.0	239.0	200.0	
157.66667	163.33333	177.33333	185.66667	185.33333	180.66667	176.66667	173.0	174.0	177.33333	182.66667	191.0	200.33333	204.0	203.0	205.33333	208.33333	207.33333	210.0	214.33333	217.66667	216.33333	214.0	214.33333	215.66667	215.66667	214.0	213.0	212.0	208.33333	203.66667	205.66667	208.66667	228.33333	235.0	207.66667	
152.33333	153.66667	165.66667	177.66667	181.0	179.66667	175.0	171.0	172.66667	179.0	185.66667	194.66667	203.33333	208.0	207.66667	209.66667	213.33333	214.33333	216.0	219.33333	223.33333	222.0	222.0	223.66667	225.0	222.0	217.0	213.33333	212.33333	208.66667	204.0	204.33333	203.0	220.0	228.66667	208.0	
150.33333	151.0	159.33333	171.66667	177.66667	179.0	176.0	174.33333	178.0	190.33333	200.0	209.33333	217.0	221.33333	223.0	225.33333	226.0	225.66667	224.0	223.33333	225.33333	225.66667	227.66667	228.33333	230.0	227.66667	222.0	217.33333	215.0	211.0	206.33333	203.0	198.66667	211.0	222.33333	209.0	
151.66667	153.66667	158.33333	165.66667	173.33333	179.66667	179.0	180.33333	187.66667	199.0	209.33333	218.66667	224.0	228.66667	231.66667	233.0	233.0	233.66667	231.0	228.66667	228.33333	228.66667	230.66667	231.33333	231.66667	229.66667	225.33333	222.66667	220.33333	216.33333	208.66667	203.33333	193.33333	199.33333	216.33333	210.66667	
150.33333	154.33333	157.66667	160.33333	167.33333	177.0	181.0	185.0	194.66667	205.0	214.66667	223.0	227.66667	230.66667	234.0	234.0	234.66667	236.66667	235.0	230.66667	229.0	230.0	231.33333	232.33333	231.0	229.0	227.0	225.66667	225.33333	220.66667	212.66667	205.66667	185.66667	184.66667	208.33333	214.33333	
147.33333	153.66667	158.66667	160.66667	164.66667	171.0	178.33333	187.33333	197.33333	203.33333	209.66667	216.0	220.0	223.0	225.66667	225.33333	227.66667	231.0	230.0	228.33333	225.33333	225.0	225.33333	227.33333	227.0	225.33333	227.33333	228.0	227.66667	223.33333	217.66667	206.33333	177.66667	173.33333	204.33333	218.66667	
146.0	153.33333	160.33333	165.66667	170.66667	178.66667	189.0	198.66667	203.66667	203.66667	204.33333	204.66667	205.33333	205.33333	205.0	203.66667	207.33333	213.0	216.66667	218.33333	214.66667	214.66667	215.66667	219.33333	219.33333	219.33333	222.66667	225.0	224.66667	222.66667	219.66667	207.33333	178.0	170.66667	203.66667	217.66667	
148.66667	154.66667	163.66667	171.0	181.66667	193.33333	205.0	210.66667	209.0	206.33333	202.66667	197.66667	191.33333	184.0	177.66667	172.66667	174.0	182.66667	194.66667	197.0	187.0	188.0	197.0	198.66667	192.66667	188.0	183.0	177.0	179.0	193.66667	207.33333	207.66667	184.66667	169.33333	203.0	210.0	
153.0	159.33333	167.66667	174.66667	184.33333	193.33333	201.66667	200.0	192.33333	184.33333	179.33333	173.0	161.33333	146.0	135.66667	133.33333	131.0	146.66667	173.0	173.66667	150.33333	140.66667	149.0	146.0	132.0	122.0	114.0	111.333336	120.0	146.33333	173.0	194.66667	186.66667	165.0	201.66667	196.66667	
157.66667	161.66667	168.0	171.33333	174.66667	173.33333	170.0	158.0	141.33333	120.333336	109.0	100.333336	91.666664	81.333336	78.333336	80.666664	80.333336	114.0	162.0	162.33333	116.666664	92.333336	103.0	104.0	89.333336	82.666664	77.666664	77.0	92.0	122.0	151.0	179.66667	183.0	168.0	195.33333	181.0	
160.0	162.66667	165.66667	160.0	152.0	140.33333	125.333336	106.0	89.666664	72.333336	61.0	54.666668	55.666668	54.666668	57.333332	60.333332	67.0	119.333336	178.33333	189.66667	147.33333	95.666664	82.0	78.666664	65.333336	65.333336	69.666664	76.333336	95.333336	117.333336	142.33333	175.0	182.33333	181.0	192.33333	177.33333	
166.0	168.0	168.66667	154.33333	133.66667	110.666664	92.0	78.666664	67.333336	57.333332	52.666668	53.666668	52.0	50.0	55.333332	68.0	99.333336	153.66667	197.66667	213.0	192.66667	131.33333	79.333336	54.666668	43.0	40.333332	45.666668	59.0	83.333336	97.666664	128.66667	170.66667	181.66667	189.0	194.33333	185.0	
163.33333	169.0	172.0	158.66667	134.66667	101.0	74.333336	61.0	44.333332	32.666668	35.666668	52.0	42.0	34.666668	44.666668	78.0	137.66667	179.33333	212.0	219.0	201.66667	166.66667	108.0	55.666668	41.333332	42.666668	49.333332	71.666664	89.666664	87.666664	112.333336	157.66667	180.33333	176.33333	171.0	156.33333	
159.0	153.0	152.33333	149.33333	129.33333	83.0	50.666668	48.0	42.333332	36.333332	37.666668	49.666668	38.666668	33.333332	41.333332	77.333336	140.33333	174.33333	213.33333	225.0	210.66667	173.33333	120.0	75.0	65.666664	79.0	101.0	124.666664	141.0	143.0	145.33333	165.66667	170.0	144.33333	143.66667	114.0	
162.33333	141.0	118.666664	100.0	85.0	74.666664	82.0	91.0	80.0	72.333336	71.333336	67.0	52.0	45.333332	56.333332	91.0	139.33333	174.66667	215.66667	232.33333	229.0	196.66667	146.66667	107.666664	93.0	99.666664	116.0	142.33333	158.33333	169.33333	180.33333	187.33333	164.33333	132.66667	139.0	80.666664	
156.0	144.66667	128.33333	114.666664	113.0	117.333336	121.333336	115.0	105.333336	94.333336	90.0	81.0	66.0	70.333336	97.666664	132.66667	160.0	189.0	220.66667	233.66667	234.33333	223.0	191.66667	167.33333	147.33333	130.66667	133.33333	154.66667	170.33333	193.33333	208.33333	210.33333	186.33333	169.0	149.0	51.333332	
156.33333	154.0	151.0	149.33333	153.33333	154.33333	147.0	133.33333	126.666664	120.333336	115.0	112.333336	118.666664	133.0	148.0	160.66667	174.0	198.0	219.66667	233.66667	236.33333	223.33333	202.66667	201.33333	200.33333	195.33333	199.0	204.0	208.33333	220.66667	224.33333	221.0	210.66667	204.0	143.33333	34.333332	
157.33333	158.66667	164.66667	171.66667	178.0	182.0	185.66667	184.0	182.33333	180.66667	177.66667	172.33333	172.0	173.66667	170.33333	164.66667	179.0	202.0	223.0	234.66667	237.0	229.66667	209.33333	201.33333	208.0	214.33333	217.0	220.66667	224.0	226.33333	226.33333	223.33333	219.0	210.0	131.33333	32.333332	
165.33333	168.0	176.0	186.0	192.66667	198.33333	205.66667	209.0	210.33333	208.33333	204.33333	200.0	194.0	185.66667	172.66667	161.0	185.0	207.33333	226.33333	233.0	234.33333	233.33333	213.33333	192.33333	195.33333	204.66667	210.66667	220.66667	227.66667	230.0	227.66667	224.33333	217.33333	205.33333	128.33333	34.0	
164.33333	168.66667	179.0	188.66667	194.33333	200.66667	207.33333	209.66667	210.33333	205.66667	198.33333	196.33333	186.33333	160.33333	143.33333	145.0	179.66667	204.0	224.33333	230.0	235.66667	235.0	216.0	187.0	165.66667	170.66667	190.0	210.0	222.33333	227.66667	228.0	221.66667	210.0	200.0	128.0	30.666666	
160.33333	167.66667	178.0	186.0	193.66667	201.0	205.33333	203.0	198.0	187.33333	176.33333	163.0	140.33333	118.666664	136.33333	170.0	189.0	200.66667	219.33333	225.33333	234.0	237.0	229.66667	209.0	167.33333	142.33333	158.0	185.33333	204.66667	218.66667	224.33333	219.66667	206.66667	197.33333	127.666664	27.0	
162.66667	168.66667	177.66667	185.0	190.66667	193.33333	191.0	183.33333	171.66667	157.33333	144.33333	122.333336	104.666664	108.0	151.0	194.33333	196.33333	192.66667	206.33333	213.0	219.66667	224.0	223.33333	213.66667	172.0	124.666664	125.333336	150.66667	177.0	200.66667	213.66667	216.0	207.33333	195.0	126.0	26.666666	
165.33333	167.33333	173.33333	179.66667	181.66667	177.0	170.33333	161.66667	148.33333	131.33333	116.0	99.333336	93.0	96.666664	121.333336	150.0	166.0	170.0	177.33333	180.33333	183.0	190.33333	202.0	195.66667	160.0	118.333336	104.0	118.666664	147.66667	176.66667	198.0	205.0	205.0	192.0	130.33333	30.666666	
163.66667	160.66667	163.0	169.33333	169.66667	162.33333	152.0	140.33333	126.333336	111.666664	96.333336	86.333336	87.333336	91.333336	89.666664	83.666664	95.0	114.0	128.0	132.33333	130.66667	138.0	163.33333	178.66667	163.33333	129.66667	99.333336	95.666664	120.666664	154.33333	179.0	190.33333	199.33333	196.0	146.33333	44.666668	
159.66667	153.66667	154.0	160.0	159.66667	150.66667	136.33333	121.666664	107.333336	93.333336	81.333336	77.666664	86.666664	98.0	98.0	80.0	64.666664	65.666664	82.666664	91.0	95.0	114.666664	150.66667	176.66667	171.66667	145.66667	116.666664	95.666664	100.666664	130.0	162.33333	182.66667	194.0	201.0	158.33333	46.666668	
160.0	153.0	151.33333	150.0	147.0	136.66667	120.666664	104.666664	89.0	78.0	79.666664	84.666664	97.666664	107.333336	109.666664	106.0	89.333336	66.0	61.666668	65.666664	88.0	129.0	168.33333	187.0	186.0	171.66667	140.0	106.0	97.666664	110.666664	140.66667	173.33333	190.66667	207.66667	169.66667	42.666668	
168.0	164.33333	159.66667	146.66667	137.0	125.333336	110.0	93.0	78.333336	78.666664	101.666664	118.0	128.33333	123.666664	124.333336	120.0	114.333336	93.0	78.666664	78.666664	99.333336	145.33333	174.33333	185.33333	190.66667	187.0	166.66667	138.66667	119.666664	113.333336	126.666664	164.66667	195.66667	218.66667	179.0	45.666668	
183.0	176.33333	168.33333	159.0	150.66667	134.0	116.0	96.0	89.666664	93.666664	113.0	135.33333	132.33333	124.0	135.0	129.66667	115.0	96.0	96.666664	102.0	108.666664	139.66667	155.33333	161.0	174.33333	177.33333	171.0	154.66667	134.33333	126.666664	132.0	166.0	207.66667	228.33333	193.0	59.666668	
189.0	179.33333	174.0	174.33333	170.0	153.66667	137.33333	112.666664	85.333336	68.666664	76.666664	97.333336	92.666664	97.666664	120.666664	115.333336	90.666664	71.333336	86.0	95.666664	93.0	112.0	125.0	125.333336	130.66667	129.66667	108.666664	90.333336	102.333336	135.33333	151.0	178.66667	221.0	237.0	206.33333	82.666664	
186.0	182.33333	180.33333	178.66667	175.0	170.0	159.0	135.0	72.333336	30.0	36.0	43.666668	48.333332	61.666668	78.333336	81.0	72.0	61.333332	72.333336	82.0	85.666664	102.333336	122.0	128.33333	129.0	125.0	98.333336	69.666664	90.0	151.33333	179.66667	198.66667	226.33333	233.66667	192.0	81.333336	
184.66667	188.33333	186.33333	179.0	175.33333	173.0	168.0	157.33333	99.666664	45.666668	58.333332	70.666664	87.0	101.333336	111.0	108.0	97.0	83.0	91.0	102.666664	119.666664	148.66667	173.33333	178.66667	178.0	174.66667	162.0	136.33333	134.0	173.0	200.0	214.0	227.33333	226.0	162.66667	61.333332	
180.33333	182.0	178.66667	177.66667	179.0	172.66667	172.66667	170.66667	144.66667	96.0	99.0	115.333336	125.666664	133.66667	144.66667	143.33333	131.66667	118.666664	124.0	133.0	147.66667	168.33333	186.0	191.66667	196.0	195.66667	192.33333	188.66667	187.0	200.66667	211.0	221.66667	230.66667	222.0	137.33333	47.333332	
179.0	176.0	173.66667	175.0	175.0	172.0	175.0	171.0	168.33333	147.33333	138.33333	140.0	143.66667	144.0	143.33333	137.66667	132.66667	128.66667	136.66667	144.33333	148.66667	162.0	180.0	187.0	195.33333	197.33333	205.66667	220.0	220.33333	223.0	223.33333	230.66667	232.66667	205.66667	105.666664	31.333334	
175.0	174.33333	176.33333	171.66667	167.66667	169.0	169.66667	168.0	182.66667	185.0	176.66667	171.33333	169.0	163.0	153.33333	140.66667	144.0	150.33333	162.33333	166.66667	158.0	170.33333	190.0	194.0	199.0	202.66667	216.33333	234.66667	241.33333	238.33333	231.66667	236.0	232.33333	190.33333	107.666664	56.666668	
172.66667	176.33333	177.0	169.66667	164.66667	164.66667	165.33333	166.66667	187.33333	203.66667	204.0	199.33333	190.66667	181.0	175.33333	171.0	179.66667	183.33333	192.66667	194.33333	179.66667	187.33333	201.33333	204.66667	210.66667	217.33333	227.66667	240.0	245.66667	239.0	228.66667	232.66667	225.33333	186.0	134.0	113.0	
170.66667	172.33333	173.33333	170.66667	164.66667	161.0	165.66667	168.66667	192.0	211.33333	213.33333	214.33333	213.66667	210.66667	209.0	209.0	213.0	211.0	217.0	221.33333	213.66667	217.0	224.0	226.0	231.66667	237.66667	243.0	246.0	247.0	238.0	223.0	225.33333	217.0	187.66667	157.0	152.0	
163.0	164.0	170.33333	177.0	167.66667	159.0	169.0	173.0	194.66667	215.0	221.66667	230.66667	234.33333	231.33333	229.0	228.66667	229.66667	226.33333	233.0	238.33333	235.0	237.0	238.0	239.33333	244.33333	248.0	249.33333	248.33333	246.66667	233.66667	217.66667	215.66667	202.66667	185.33333	175.66667	172.66667	
152.0	159.33333	171.33333	182.66667	170.0	158.33333	170.33333	176.66667	192.66667	211.0	222.33333	232.66667	235.66667	237.66667	236.0	236.0	236.33333	233.66667	239.66667	242.0	241.33333	244.33333	243.0	243.0	248.0	250.33333	249.66667	248.0	244.33333	229.33333	214.66667	212.66667	195.33333	179.33333	175.66667	175.33333	
151.33333	155.66667	166.0	174.33333	168.0	156.66667	163.33333	171.33333	185.66667	204.33333	214.66667	222.66667	228.0	233.66667	236.0	236.0	235.0	231.66667	235.66667	239.0	239.0	243.66667	243.66667	242.0	247.66667	249.33333	246.0	245.0	241.33333	224.33333	211.33333	209.0	195.33333	181.33333	176.66667	176.66667	
148.0	153.0	156.66667	161.0	163.33333	154.0	154.33333	162.33333	178.33333	193.66667	203.66667	209.33333	215.0	220.66667	228.0	228.33333	226.0	225.33333	226.66667	228.66667	230.33333	235.66667	239.0	239.66667	244.0	244.0	238.33333	235.66667	228.0	209.0	201.0	198.0	187.66667	179.33333	177.33333	179.33333	
118.0	131.0	142.0	152.0	156.33333	147.0	144.0	151.33333	166.33333	175.33333	184.0	189.0	196.33333	208.0	219.0	218.66667	216.33333	214.66667	212.66667	212.66667	216.66667	222.33333	230.66667	234.66667	236.33333	234.66667	227.66667	223.0	211.33333	189.66667	183.0	182.0	176.0	172.33333	174.66667	178.33333	
43.333332	63.333332	102.333336	130.33333	137.0	131.33333	128.33333	133.66667	146.66667	152.0	159.0	167.0	178.33333	193.66667	202.0	203.33333	200.33333	194.0	193.0	193.0	195.0	203.33333	213.66667	220.0	221.0	218.33333	212.66667	206.66667	191.0	171.33333	166.33333	167.33333	164.33333	163.33333	166.33333	171.0	
5.0	13.0	37.666668	69.333336	89.0	100.333336	112.0	118.666664	126.666664	133.0	138.66667	149.33333	160.66667	168.0	171.66667	173.0	171.66667	168.0	169.66667	173.33333	180.33333	192.33333	200.33333	207.33333	209.33333	203.33333	196.0	193.33333	180.0	165.66667	162.66667	161.66667	159.66667	159.66667	163.0	167.33333	
5.6666665	4.0	6.0	12.666667	30.666666	54.0	81.0	96.666664	106.333336	115.666664	122.0	133.66667	138.66667	138.0	142.33333	143.0	143.33333	145.66667	150.33333	158.33333	170.33333	182.0	188.33333	194.0	195.33333	185.0	170.0	170.0	173.33333	168.0	165.0	163.0	163.33333	163.33333	166.0	170.66667	
