9.666667	11.666667	14.333333	22.0	30.333334	38.0	48.666668	65.0	79.0	90.666664	104.0	117.666664	129.0	134.33333	134.0	135.33333	133.0	127.333336	117.0	96.333336	56.333332	57.333332	59.0	55.333332	28.666666	30.333334	39.333332	58.333332	37.666668	26.666666	58.0	32.666668	21.666666	14.0	19.0	36.333332	
7.0	10.333333	13.0	19.666666	29.666666	48.333332	70.0	84.666664	94.0	108.666664	117.333336	126.333336	132.33333	136.33333	139.0	140.0	137.66667	133.66667	124.333336	110.0	75.333336	56.666668	65.333336	65.0	40.666668	30.666666	22.333334	40.333332	50.666668	54.333332	51.0	34.666668	19.333334	17.0	12.0	12.666667	
6.3333335	10.0	15.333333	23.0	40.666668	64.666664	87.666664	99.666664	111.333336	119.0	123.666664	130.0	134.33333	138.0	139.33333	138.66667	140.0	136.33333	128.33333	116.0	97.666664	61.666668	65.333336	67.666664	54.0	29.666666	21.666666	16.666666	30.666666	43.333332	30.333334	38.0	19.0	15.666667	11.333333	7.6666665	
8.333333	13.333333	21.333334	31.666666	52.333332	79.666664	101.666664	115.333336	122.333336	124.333336	127.333336	133.0	135.66667	137.66667	141.0	141.33333	140.0	137.66667	132.0	120.666664	109.0	78.0	57.333332	69.666664	66.666664	37.333332	23.666666	11.333333	14.666667	25.0	26.666666	37.333332	26.333334	13.333333	12.666667	9.0	
10.666667	14.333333	23.666666	39.333332	62.333332	89.333336	111.0	123.333336	127.333336	127.333336	131.66667	135.66667	135.66667	138.0	141.33333	142.0	141.0	139.0	134.0	124.666664	112.666664	99.333336	61.0	67.0	74.333336	54.333332	26.333334	14.0	6.6666665	18.0	19.0	29.666666	28.666666	11.0	12.666667	7.3333335	
11.666667	16.666666	29.0	49.0	76.666664	102.333336	119.333336	124.666664	126.666664	128.66667	131.0	133.66667	135.33333	138.0	141.66667	143.0	143.0	141.33333	136.66667	128.33333	115.333336	110.333336	81.333336	59.666668	73.666664	63.0	33.0	14.0	5.3333335	7.0	8.333333	17.666666	27.0	13.333333	13.0	9.666667	
13.666667	19.333334	32.666668	62.333332	94.666664	116.333336	125.0	127.666664	128.66667	132.33333	133.0	135.66667	138.33333	139.33333	140.33333	140.33333	141.33333	140.33333	135.66667	130.66667	119.666664	115.333336	103.333336	65.333336	62.666668	69.0	48.666668	20.333334	6.3333335	3.6666667	3.3333333	8.0	24.333334	16.0	12.666667	12.333333	
17.0	23.0	47.333332	85.666664	115.333336	124.333336	128.33333	130.0	132.66667	134.66667	135.66667	136.66667	137.33333	135.66667	135.33333	135.33333	135.33333	135.0	134.33333	132.0	125.666664	118.333336	111.333336	93.0	59.666668	55.666668	57.333332	37.666668	18.0	6.3333335	3.3333333	5.6666665	19.333334	19.0	13.666667	18.0	
18.333334	34.333332	69.666664	106.0	121.333336	127.666664	131.66667	131.33333	136.0	138.66667	139.0	138.33333	137.66667	135.0	131.66667	129.33333	128.0	131.33333	131.66667	130.66667	124.333336	118.0	111.333336	110.0	91.666664	69.0	62.0	56.666668	49.0	36.0	26.0	20.333334	27.0	31.333334	39.0	25.333334	
24.0	56.666668	101.0	117.666664	125.0	130.0	134.33333	134.33333	135.0	131.66667	130.33333	131.33333	133.0	131.0	129.33333	126.666664	126.0	127.666664	129.0	128.33333	121.666664	117.333336	113.333336	115.0	108.666664	96.0	89.0	84.333336	84.333336	85.333336	81.666664	76.333336	78.0	80.666664	63.666668	21.0	
32.0	78.333336	111.0	121.0	128.66667	131.0	128.33333	118.333336	107.333336	100.666664	91.333336	84.333336	84.333336	85.0	92.0	97.666664	106.0	114.333336	119.666664	122.333336	119.0	116.0	113.666664	114.666664	111.333336	101.666664	87.666664	81.666664	78.666664	84.0	91.666664	105.0	115.0	137.33333	107.666664	36.333332	
39.333332	89.0	110.333336	122.0	130.33333	131.66667	118.666664	107.333336	106.333336	105.0	91.666664	78.666664	69.666664	58.666668	51.666668	46.666668	56.0	75.666664	99.666664	111.0	116.666664	114.333336	112.333336	105.333336	102.0	80.333336	55.0	48.0	51.333332	66.666664	89.666664	114.333336	126.666664	157.66667	164.66667	64.666664	
51.0	99.333336	117.333336	126.333336	133.33333	136.0	130.33333	129.33333	129.33333	126.666664	119.666664	106.333336	91.333336	76.0	66.666664	59.666668	61.333332	78.666664	96.666664	108.0	119.0	117.333336	109.666664	97.0	90.0	73.666664	58.333332	57.333332	65.0	73.333336	87.666664	102.333336	114.333336	141.66667	172.0	85.0	
70.0	110.333336	124.666664	130.66667	135.66667	136.0	135.66667	133.0	125.0	113.0	97.333336	79.333336	70.333336	64.333336	64.333336	73.333336	81.333336	87.333336	101.0	113.666664	121.666664	119.333336	108.333336	91.0	81.666664	79.666664	73.666664	65.333336	58.666668	59.666668	67.0	81.0	99.0	117.333336	157.33333	104.333336	
87.666664	120.333336	130.33333	134.0	136.66667	133.66667	130.66667	120.333336	100.0	79.666664	53.666668	35.333332	33.333332	33.333332	47.333332	59.333332	71.666664	74.666664	88.666664	112.333336	126.333336	129.66667	111.333336	77.666664	65.0	63.666668	58.333332	50.333332	37.333332	29.0	24.666666	47.666668	70.333336	98.0	140.33333	128.66667	
104.333336	128.66667	134.66667	138.0	136.66667	130.66667	125.0	107.0	78.666664	69.333336	86.666664	51.0	38.666668	41.333332	59.0	55.0	59.666668	63.333332	80.333336	107.666664	129.33333	140.0	118.0	67.666664	55.333332	55.0	60.333332	61.0	44.0	34.666668	39.666668	57.0	68.333336	104.333336	132.0	157.66667	
115.0	131.0	136.0	138.66667	137.0	131.33333	122.0	112.0	99.666664	93.0	94.666664	66.333336	54.333332	62.666668	71.0	68.333336	72.333336	83.333336	90.333336	110.666664	129.0	141.66667	129.33333	83.0	69.666664	70.0	72.666664	74.0	59.0	52.666668	62.333332	65.333336	73.333336	109.0	149.66667	187.33333	
122.333336	131.66667	136.66667	141.33333	140.0	134.0	126.666664	127.333336	126.666664	122.0	110.333336	99.666664	92.666664	90.666664	88.666664	90.0	95.333336	101.333336	107.666664	117.666664	127.666664	139.33333	138.0	102.333336	84.0	83.666664	83.0	83.666664	82.0	80.0	78.0	82.333336	92.333336	134.66667	194.33333	208.0	
126.0	132.66667	137.66667	141.66667	141.0	139.0	133.66667	133.0	132.66667	129.0	122.333336	117.333336	111.0	109.0	106.666664	109.0	116.333336	115.333336	119.0	124.333336	129.0	138.66667	143.0	117.0	98.333336	101.0	95.333336	90.666664	90.333336	91.333336	93.0	95.333336	113.666664	194.33333	225.0	217.66667	
126.666664	131.66667	137.66667	142.0	141.33333	140.66667	139.0	134.66667	130.33333	126.0	124.0	121.666664	120.0	118.0	121.0	127.0	124.0	122.333336	125.333336	128.33333	128.33333	135.0	152.33333	160.33333	120.666664	105.666664	107.0	101.333336	94.333336	92.0	95.0	99.666664	147.0	216.0	228.0	220.0	
126.333336	132.33333	138.66667	142.66667	142.66667	141.33333	140.33333	138.66667	135.33333	132.0	128.66667	127.0	128.66667	133.0	134.66667	132.0	129.33333	130.0	130.66667	129.66667	129.0	138.33333	182.0	229.0	188.33333	117.666664	112.0	114.0	109.666664	103.666664	105.333336	119.0	180.0	208.0	213.66667	217.0	
124.0	132.0	136.66667	142.66667	143.66667	142.66667	141.33333	141.33333	138.66667	138.0	135.0	136.33333	139.0	140.0	139.33333	138.66667	134.66667	129.66667	127.333336	127.666664	129.66667	155.0	211.0	234.33333	229.0	152.0	114.0	117.0	118.0	119.333336	118.666664	134.0	173.0	184.33333	195.33333	210.33333	
118.333336	130.66667	135.66667	139.66667	142.33333	142.0	139.66667	138.33333	138.0	136.0	137.0	139.33333	140.66667	141.33333	142.0	136.66667	126.333336	124.333336	124.0	127.333336	131.66667	160.33333	189.66667	196.66667	212.33333	186.66667	120.0	120.333336	121.333336	120.666664	125.666664	159.33333	167.33333	170.66667	184.0	203.66667	
112.666664	129.0	134.66667	138.33333	140.66667	140.33333	138.33333	139.0	139.66667	138.33333	138.0	137.33333	139.0	138.66667	136.33333	122.333336	112.666664	125.0	128.66667	130.0	133.0	135.0	139.66667	140.66667	152.0	172.33333	128.66667	117.0	120.666664	121.333336	140.33333	193.0	191.0	179.33333	178.33333	201.0	
111.666664	126.0	134.0	137.33333	140.0	139.66667	138.66667	140.66667	140.66667	139.0	137.66667	136.33333	136.0	134.33333	128.0	108.333336	102.666664	126.333336	131.33333	132.66667	128.33333	123.0	121.0	117.0	118.333336	138.66667	147.33333	115.333336	118.333336	123.333336	164.0	196.0	195.0	182.66667	177.66667	203.66667	
124.0	128.66667	133.0	136.0	138.33333	139.66667	140.66667	141.66667	139.66667	139.33333	138.33333	136.33333	133.0	128.0	116.333336	99.0	96.0	122.333336	122.0	108.0	103.666664	111.0	111.333336	107.666664	101.666664	113.333336	126.0	111.666664	115.333336	127.666664	171.0	187.0	188.66667	182.33333	185.0	209.33333	
129.0	128.66667	131.66667	135.0	137.0	138.66667	139.66667	140.66667	138.33333	138.33333	138.0	134.66667	130.66667	121.0	106.0	101.666664	105.666664	104.666664	94.333336	80.666664	93.666664	107.0	102.333336	79.666664	69.333336	88.333336	100.333336	106.0	112.333336	126.666664	163.0	175.33333	178.66667	184.66667	191.33333	214.0	
129.33333	129.66667	132.33333	136.0	138.33333	139.0	138.0	140.0	139.0	138.33333	138.33333	135.66667	129.66667	118.0	108.0	112.666664	117.333336	106.0	95.666664	99.0	105.0	102.333336	91.666664	75.0	69.666664	79.333336	94.0	107.666664	112.666664	117.666664	149.66667	171.33333	172.0	185.0	196.66667	215.33333	
127.666664	130.66667	133.66667	136.33333	139.66667	141.0	139.0	140.0	140.33333	139.33333	138.33333	134.33333	127.333336	118.0	117.333336	124.0	125.0	116.0	110.0	109.0	105.666664	100.666664	98.666664	91.333336	86.333336	91.0	100.666664	107.0	113.333336	114.0	137.33333	166.0	173.66667	184.33333	197.66667	217.0	
125.333336	129.33333	133.66667	136.33333	138.66667	140.66667	139.66667	140.33333	140.33333	140.33333	138.33333	133.33333	126.333336	121.0	121.0	125.666664	128.33333	122.666664	117.0	113.333336	103.666664	97.0	101.0	100.0	96.0	97.333336	101.666664	104.0	110.333336	110.666664	123.0	150.0	174.0	180.66667	195.66667	213.66667	
127.666664	129.66667	133.0	136.0	139.33333	141.0	140.33333	142.33333	142.33333	140.33333	135.33333	130.33333	126.333336	124.0	121.333336	127.666664	132.0	125.0	116.333336	111.666664	105.333336	101.333336	102.333336	103.0	100.666664	101.0	102.666664	102.333336	104.666664	107.666664	112.0	133.66667	166.0	175.33333	197.0	208.0	
127.333336	128.66667	131.66667	134.0	137.33333	141.0	141.33333	143.33333	141.66667	137.33333	133.0	128.66667	125.666664	120.666664	121.0	130.0	124.0	104.666664	91.333336	92.666664	97.0	92.0	93.0	94.0	93.666664	98.0	102.333336	103.0	104.0	108.0	108.666664	123.0	157.66667	169.33333	195.66667	200.0	
128.66667	128.33333	129.33333	132.0	135.0	140.0	142.0	142.66667	141.33333	138.33333	133.66667	126.666664	123.0	115.333336	120.0	120.666664	94.333336	75.666664	87.0	95.666664	110.666664	93.0	97.0	86.333336	81.666664	87.333336	101.333336	104.0	105.333336	108.666664	109.0	118.666664	157.33333	166.0	197.33333	191.66667	
129.33333	128.66667	129.0	131.33333	132.66667	137.66667	140.0	140.33333	139.33333	137.33333	134.0	126.333336	117.0	101.0	95.666664	68.333336	50.333332	50.666668	71.666664	88.333336	102.333336	83.666664	88.0	64.666664	40.333332	44.333332	72.666664	89.666664	98.666664	109.333336	109.333336	121.333336	163.33333	170.0	203.0	202.33333	
127.666664	127.666664	128.66667	130.0	133.33333	135.33333	136.33333	138.0	138.0	136.33333	131.33333	122.333336	108.333336	90.666664	78.333336	54.0	40.666668	39.666668	36.333332	39.333332	39.333332	34.666668	37.333332	32.666668	29.0	39.333332	59.666668	70.0	84.333336	103.666664	110.333336	123.0	167.33333	174.66667	209.66667	238.66667	
124.0	126.666664	126.666664	128.0	133.0	133.33333	133.66667	136.66667	137.33333	136.66667	130.0	119.666664	103.333336	101.666664	113.333336	106.666664	98.666664	93.0	80.0	71.666664	66.666664	63.333332	66.0	71.666664	76.333336	83.0	85.0	91.0	89.333336	101.333336	111.333336	125.666664	165.0	179.0	216.66667	249.0	
115.0	123.666664	125.0	127.0	129.0	132.0	132.0	134.0	133.0	131.0	126.0	116.0	105.0	115.666664	126.666664	124.333336	115.0	111.666664	112.666664	110.666664	105.333336	99.0	98.666664	99.666664	98.333336	96.0	102.0	103.333336	96.666664	102.666664	113.0	134.0	159.66667	181.0	224.66667	249.33333	
106.0	121.666664	123.333336	124.666664	126.333336	128.33333	128.33333	129.0	128.0	127.333336	122.666664	114.0	110.666664	120.666664	126.333336	125.666664	121.333336	116.0	111.333336	105.666664	102.333336	99.666664	96.666664	92.333336	95.666664	106.333336	109.666664	106.666664	102.666664	104.0	118.0	140.0	151.33333	185.33333	228.33333	248.33333	
91.666664	116.666664	122.0	124.0	123.333336	124.333336	127.333336	124.333336	123.333336	123.0	120.0	113.0	114.0	121.0	124.666664	124.666664	121.0	116.0	109.333336	100.0	94.0	91.333336	89.0	90.0	95.333336	101.666664	105.333336	109.666664	105.0	107.333336	124.0	139.33333	148.33333	192.66667	214.33333	240.33333	
67.0	111.666664	119.666664	121.666664	121.0	121.333336	124.333336	124.333336	122.0	121.666664	118.666664	115.0	116.0	120.0	123.0	123.0	122.0	117.666664	111.666664	103.333336	98.333336	93.333336	92.333336	94.333336	96.0	99.333336	106.0	111.0	106.333336	111.333336	131.33333	138.66667	155.33333	198.33333	198.0	229.33333	
66.666664	109.666664	118.666664	120.0	119.666664	120.333336	122.333336	122.333336	122.0	122.0	121.333336	121.0	121.0	122.333336	123.333336	123.666664	123.0	120.0	116.333336	112.0	108.666664	106.666664	103.666664	102.666664	100.666664	101.666664	109.333336	114.666664	111.0	121.0	137.0	139.0	170.66667	211.0	194.66667	234.33333	
76.333336	105.333336	116.333336	119.666664	120.0	119.666664	118.333336	120.333336	122.0	120.666664	120.666664	123.0	124.333336	126.0	125.333336	125.333336	127.0	126.0	123.333336	120.666664	118.333336	118.333336	114.333336	109.0	106.333336	107.333336	114.666664	121.0	122.333336	133.66667	137.33333	151.66667	190.66667	220.66667	206.66667	245.33333	
80.0	101.333336	112.666664	117.333336	118.666664	119.0	118.0	117.0	117.666664	117.666664	117.0	120.666664	123.333336	126.0	127.0	126.333336	127.0	128.0	125.333336	122.666664	119.0	118.0	116.666664	109.666664	106.666664	110.666664	123.0	133.33333	135.33333	134.66667	145.0	168.33333	200.66667	220.33333	212.66667	246.33333	
84.333336	98.0	108.333336	114.0	117.333336	118.666664	120.333336	118.666664	117.0	114.333336	114.333336	117.0	120.0	123.333336	124.666664	125.0	126.666664	126.666664	123.333336	120.0	117.0	114.0	111.333336	107.666664	107.333336	117.333336	132.66667	144.0	139.33333	142.33333	160.0	168.0	197.33333	213.33333	215.66667	246.0	
87.666664	94.333336	103.333336	110.333336	115.0	118.333336	119.666664	118.0	118.333336	116.0	114.0	115.666664	116.666664	118.333336	119.666664	120.666664	121.333336	121.333336	119.333336	115.333336	112.333336	107.666664	105.333336	106.666664	112.0	124.0	140.0	144.66667	144.66667	154.0	156.0	154.33333	200.0	218.33333	236.66667	250.33333	
89.0	93.333336	100.333336	106.666664	111.333336	116.0	117.666664	116.666664	117.333336	116.333336	114.333336	114.333336	116.333336	117.666664	115.666664	115.0	115.0	113.666664	113.333336	110.666664	106.666664	102.333336	103.0	110.333336	123.666664	135.66667	144.0	145.0	150.33333	149.66667	131.33333	156.0	201.0	225.66667	248.0	252.33333	
92.666664	95.0	98.666664	103.666664	107.0	111.666664	114.0	115.0	115.666664	115.666664	115.666664	116.666664	117.666664	117.0	115.333336	114.666664	113.0	111.333336	111.0	108.666664	106.666664	105.666664	108.666664	118.666664	132.66667	140.0	143.0	145.33333	141.33333	121.666664	118.0	159.33333	205.33333	239.66667	251.33333	253.33333	
94.0	93.666664	97.333336	101.333336	104.333336	108.333336	111.333336	111.333336	111.333336	113.0	113.666664	114.333336	113.666664	113.666664	114.0	113.666664	113.333336	110.0	108.0	107.333336	108.0	109.333336	113.0	121.666664	130.0	136.33333	138.0	133.0	116.333336	102.0	115.0	160.66667	221.33333	250.66667	252.33333	253.0	
95.333336	93.333336	95.0	98.666664	102.333336	105.333336	108.333336	108.333336	109.0	110.333336	110.666664	109.666664	109.0	110.333336	112.0	112.333336	111.0	109.0	108.333336	108.666664	111.333336	113.333336	116.0	120.0	123.666664	125.666664	120.666664	112.333336	102.666664	100.666664	107.333336	167.66667	241.33333	250.66667	250.0	251.66667	
