17.0	18.0	22.0	44.333332	60.0	29.0	50.666668	73.666664	59.0	119.666664	160.33333	173.66667	175.33333	182.0	183.33333	188.33333	193.0	194.0	193.33333	192.0	194.0	197.33333	199.33333	196.66667	193.0	187.33333	183.66667	173.0	143.33333	81.666664	24.0	16.0	16.0	17.333334	17.333334	17.333334	
16.0	16.333334	29.0	61.333332	87.333336	48.333332	50.0	62.666668	62.666668	132.33333	169.66667	182.66667	183.33333	183.33333	187.66667	194.0	196.0	197.0	196.0	195.66667	196.66667	200.33333	202.0	200.0	195.33333	190.66667	187.66667	183.0	169.0	130.33333	55.666668	17.333334	15.333333	16.666666	17.333334	18.0	
16.333334	19.333334	41.666668	72.666664	114.0	88.333336	63.0	58.333332	91.0	137.0	171.33333	185.66667	192.33333	193.0	194.33333	198.33333	200.66667	199.33333	199.0	198.33333	199.33333	202.0	203.66667	201.33333	197.66667	195.0	190.0	189.0	184.66667	164.66667	102.0	33.0	16.333334	16.666666	17.333334	18.333334	
17.666666	24.333334	40.0	76.0	113.0	120.0	106.0	103.333336	127.333336	156.0	178.33333	191.33333	197.33333	198.33333	197.66667	201.33333	203.0	203.33333	200.0	200.66667	200.0	200.0	201.0	199.0	197.66667	197.0	194.33333	193.0	189.33333	177.33333	140.66667	70.333336	31.0	22.0	18.333334	18.666666	
20.333334	36.0	47.0	70.333336	93.666664	124.666664	141.66667	148.66667	158.33333	170.66667	184.33333	193.66667	199.66667	200.66667	199.0	199.0	201.0	203.0	200.0	198.66667	198.0	198.33333	199.33333	199.66667	198.0	198.0	197.0	197.0	193.0	185.0	164.33333	108.0	50.333332	27.666666	19.0	17.333334	
27.666666	42.0	69.666664	81.666664	116.0	138.0	157.66667	170.0	176.0	177.33333	187.66667	195.0	198.66667	200.66667	200.33333	199.0	199.66667	201.66667	200.0	199.33333	198.33333	198.33333	201.0	202.66667	200.66667	199.66667	197.66667	199.66667	194.66667	188.66667	173.66667	126.666664	66.0	29.666666	20.0	17.333334	
43.0	53.666668	79.333336	101.0	141.0	155.33333	164.33333	173.66667	177.33333	182.0	189.66667	195.66667	198.0	199.33333	199.33333	199.33333	200.33333	199.66667	200.33333	202.0	201.33333	199.0	197.66667	198.33333	195.33333	196.66667	197.66667	198.66667	194.66667	189.66667	182.66667	143.66667	82.666664	31.666666	19.666666	16.666666	
61.0	89.666664	88.0	118.0	147.66667	163.33333	164.66667	167.66667	173.66667	180.0	189.0	195.0	198.66667	199.66667	199.33333	199.0	200.0	197.66667	197.66667	199.0	196.66667	186.33333	172.66667	164.33333	162.66667	170.66667	181.0	190.0	191.33333	188.0	185.0	157.0	89.0	31.0	19.333334	17.333334	
81.0	116.0	118.333336	131.33333	153.0	163.0	162.66667	166.66667	172.0	176.33333	185.0	197.33333	204.0	203.66667	199.66667	199.33333	200.0	198.33333	196.33333	197.33333	187.66667	155.66667	140.33333	150.66667	164.66667	167.66667	171.0	176.0	176.33333	175.0	181.66667	170.33333	111.333336	37.333332	18.0	17.666666	
90.666664	120.0	131.0	139.33333	156.33333	165.66667	163.33333	162.0	155.33333	152.33333	159.66667	186.66667	207.33333	208.0	203.0	201.33333	201.0	201.0	200.66667	204.0	199.33333	184.66667	182.0	192.33333	196.33333	193.0	193.33333	195.0	185.0	165.66667	170.66667	177.33333	140.0	49.666668	16.333334	17.333334	
93.666664	122.333336	137.0	144.33333	161.66667	161.0	134.33333	107.333336	96.0	116.333336	145.66667	183.33333	201.33333	205.0	204.66667	204.0	207.33333	207.0	204.0	205.33333	203.33333	202.0	200.0	194.33333	192.33333	190.66667	191.33333	195.33333	191.0	180.66667	171.33333	178.33333	161.66667	78.333336	18.333334	17.0	
101.333336	129.66667	132.66667	138.66667	147.0	131.0	110.333336	121.333336	144.33333	170.0	189.33333	196.66667	197.33333	200.0	198.33333	202.0	209.33333	208.33333	200.66667	199.33333	196.33333	194.0	197.66667	198.33333	190.33333	183.66667	181.0	181.33333	179.0	178.33333	175.0	181.66667	172.33333	116.0	29.0	17.333334	
113.333336	127.333336	124.333336	119.666664	133.33333	153.0	170.0	188.33333	195.66667	201.0	204.33333	201.66667	199.33333	198.66667	195.33333	196.33333	204.33333	202.66667	197.33333	196.33333	196.33333	198.33333	192.66667	191.0	187.66667	186.0	183.0	185.0	183.66667	180.33333	166.0	165.66667	180.33333	142.66667	43.0	17.0	
118.0	121.333336	111.0	133.0	158.33333	164.33333	175.66667	192.0	198.66667	200.66667	208.66667	208.33333	207.66667	201.33333	191.0	194.33333	202.66667	203.66667	196.66667	193.33333	193.0	182.0	173.0	170.0	166.33333	170.66667	172.0	177.33333	182.0	185.66667	177.66667	159.66667	171.33333	131.0	50.0	17.0	
111.333336	124.333336	132.66667	135.0	138.66667	140.66667	153.66667	170.33333	181.66667	187.0	190.33333	187.0	191.0	202.0	189.0	165.0	188.0	184.0	182.0	193.0	182.66667	165.33333	144.33333	128.0	114.333336	106.666664	118.666664	147.0	165.66667	176.66667	179.66667	162.0	157.33333	139.66667	69.666664	17.0	
122.333336	128.0	95.666664	125.0	138.0	144.0	152.0	163.0	171.33333	175.0	168.33333	165.66667	169.66667	181.0	178.0	138.66667	178.0	173.66667	171.33333	189.33333	173.33333	137.0	105.0	101.666664	92.0	58.0	68.666664	71.0	101.333336	130.0	153.66667	156.66667	153.33333	151.0	95.0	19.0	
139.33333	103.333336	101.0	133.33333	136.66667	136.0	128.33333	128.33333	140.33333	122.666664	93.0	106.333336	127.0	162.66667	174.33333	173.66667	197.66667	201.0	188.0	190.33333	170.66667	126.333336	129.33333	182.0	171.66667	116.333336	133.66667	145.33333	156.0	171.0	173.66667	157.0	149.66667	152.33333	117.333336	26.333334	
133.66667	89.333336	113.666664	141.0	134.0	103.666664	81.666664	98.0	122.666664	104.0	86.666664	110.666664	123.333336	175.66667	180.33333	173.0	197.0	202.66667	179.33333	196.66667	185.33333	172.66667	181.33333	220.33333	213.66667	184.66667	179.33333	179.0	178.66667	184.0	186.66667	172.0	164.0	168.0	144.66667	47.333332	
120.0	99.666664	124.333336	145.0	128.33333	113.0	132.33333	186.0	210.33333	180.66667	164.66667	168.66667	182.66667	194.66667	167.0	152.33333	193.33333	198.0	175.66667	193.33333	198.33333	190.0	193.66667	198.66667	198.0	194.0	183.66667	184.33333	190.0	192.66667	192.66667	184.0	174.33333	173.0	152.66667	73.0	
119.0	125.666664	127.666664	147.33333	156.33333	162.33333	178.33333	210.0	220.0	205.33333	192.0	194.0	198.33333	194.0	156.0	154.66667	197.33333	202.0	186.33333	173.0	199.0	199.33333	196.33333	193.33333	187.66667	193.66667	193.0	191.66667	196.33333	197.0	195.0	184.0	187.0	180.0	157.66667	94.333336	
114.0	142.0	143.66667	164.33333	176.66667	177.66667	184.0	195.0	200.66667	211.33333	204.0	204.0	203.33333	198.33333	157.66667	173.0	202.33333	206.66667	203.0	184.66667	181.66667	205.66667	201.33333	194.0	192.33333	194.66667	196.0	197.33333	199.0	196.66667	184.0	191.0	194.66667	182.0	164.0	93.0	
109.0	128.66667	164.0	174.66667	186.0	189.33333	188.0	192.33333	200.66667	213.66667	206.33333	207.0	210.0	192.66667	162.33333	183.66667	199.66667	204.33333	205.66667	199.66667	185.66667	196.33333	205.0	201.66667	198.0	197.66667	198.0	197.0	189.33333	185.33333	195.33333	203.0	197.66667	185.66667	170.66667	113.0	
102.333336	124.666664	154.33333	181.33333	192.66667	195.66667	194.33333	193.66667	202.66667	213.0	209.66667	220.0	217.66667	192.33333	180.66667	186.0	196.33333	202.33333	205.0	205.33333	197.66667	193.66667	194.0	192.33333	193.33333	192.33333	191.0	186.0	190.0	202.66667	208.66667	204.0	199.0	187.33333	175.0	140.66667	
104.333336	131.0	148.0	164.0	183.66667	194.33333	198.33333	202.0	209.66667	217.66667	221.0	223.66667	208.0	190.0	180.0	181.33333	193.33333	201.66667	208.0	211.66667	205.66667	199.0	194.0	189.33333	186.0	191.66667	196.66667	202.33333	209.33333	212.33333	211.0	205.33333	199.66667	189.66667	178.0	159.33333	
109.0	134.0	153.0	164.66667	169.66667	182.33333	194.66667	202.0	205.66667	208.66667	207.0	200.0	189.66667	189.0	182.33333	180.0	188.66667	203.0	210.66667	207.33333	204.0	205.0	207.33333	204.0	189.0	184.66667	195.33333	206.33333	211.33333	211.33333	210.33333	206.33333	200.33333	191.0	179.0	165.33333	
112.666664	134.66667	149.66667	165.0	175.66667	185.0	192.0	197.0	204.33333	202.66667	197.0	183.0	181.33333	185.66667	182.33333	179.66667	181.66667	191.66667	200.0	197.66667	192.66667	196.0	203.0	202.33333	191.66667	177.66667	187.33333	201.0	210.33333	209.66667	206.66667	205.0	199.66667	192.66667	180.66667	169.0	
111.333336	135.0	148.33333	163.33333	175.0	185.66667	192.66667	201.0	207.33333	200.66667	192.33333	174.66667	177.66667	178.33333	172.66667	163.66667	162.66667	171.66667	179.0	179.0	170.33333	162.66667	168.0	181.0	181.0	172.0	180.33333	191.66667	200.66667	203.0	201.66667	201.33333	198.66667	194.33333	183.0	170.33333	
107.666664	132.0	147.66667	163.66667	176.66667	186.0	192.66667	201.66667	203.66667	196.0	187.33333	172.33333	171.0	171.33333	164.33333	157.66667	162.33333	163.66667	168.66667	171.66667	177.33333	180.0	173.66667	169.66667	169.66667	168.33333	175.33333	184.33333	190.33333	195.0	196.0	197.0	196.33333	193.33333	185.33333	173.66667	
102.0	129.33333	146.66667	159.66667	175.33333	186.66667	192.33333	197.66667	197.0	192.0	187.66667	179.33333	172.33333	173.33333	179.0	183.0	185.66667	183.0	184.33333	188.66667	188.33333	185.66667	180.0	180.66667	185.0	178.66667	181.0	182.66667	183.33333	188.0	188.66667	189.66667	190.0	190.66667	186.0	177.66667	
93.666664	126.0	145.66667	161.0	175.33333	185.33333	193.0	197.0	194.0	190.66667	187.0	180.33333	177.66667	180.33333	180.33333	179.66667	183.33333	189.0	192.66667	193.33333	188.66667	187.66667	189.33333	196.33333	200.0	190.33333	182.33333	184.0	182.66667	186.66667	186.0	184.66667	186.33333	187.66667	186.66667	182.0	
90.666664	127.0	142.33333	160.0	173.0	181.66667	187.0	192.0	191.66667	188.0	185.66667	178.66667	175.0	175.66667	175.66667	177.66667	179.0	184.66667	188.33333	189.66667	191.0	193.66667	197.33333	200.0	199.0	195.0	182.66667	180.0	181.33333	184.0	188.0	186.0	185.33333	186.66667	188.66667	184.33333	
87.666664	124.666664	145.33333	159.0	171.0	180.33333	186.0	189.66667	188.66667	185.33333	181.33333	176.66667	173.33333	174.33333	174.66667	172.66667	166.66667	168.33333	174.66667	170.66667	162.33333	158.0	158.0	163.0	176.66667	185.66667	181.66667	177.0	180.33333	183.66667	191.0	191.66667	188.66667	189.33333	192.0	185.66667	
96.0	121.666664	150.66667	160.33333	170.0	178.66667	183.66667	185.66667	184.33333	181.66667	175.0	170.66667	170.66667	168.0	154.0	138.33333	132.66667	139.0	136.66667	139.0	131.0	133.66667	128.0	119.333336	123.0	133.33333	150.33333	167.33333	176.66667	184.0	194.33333	195.66667	194.0	193.0	196.66667	184.33333	
126.333336	119.333336	154.0	165.33333	171.66667	176.66667	184.66667	189.0	182.33333	175.33333	169.0	162.0	152.66667	130.0	117.0	126.0	139.0	146.66667	146.0	149.66667	168.66667	168.0	169.33333	166.0	158.66667	141.0	129.33333	163.33333	180.0	187.66667	197.0	197.33333	199.33333	201.33333	198.66667	179.66667	
153.66667	121.333336	155.33333	171.33333	175.0	177.33333	186.0	191.0	180.66667	171.33333	164.0	141.66667	125.0	120.0	152.0	174.33333	183.66667	188.33333	186.0	184.66667	197.66667	188.66667	179.66667	173.0	168.33333	167.33333	165.0	177.33333	185.0	195.0	200.0	196.0	198.33333	202.0	194.66667	171.0	
161.33333	127.333336	151.33333	173.66667	178.66667	177.66667	186.0	194.33333	185.0	172.33333	162.66667	146.66667	152.66667	160.0	164.33333	160.66667	158.33333	152.33333	143.0	124.0	128.33333	142.0	140.66667	136.66667	143.33333	173.33333	188.0	189.66667	191.33333	197.33333	201.33333	197.33333	197.0	198.33333	189.66667	155.0	
162.33333	141.0	145.66667	174.66667	182.0	179.66667	183.33333	194.66667	189.0	177.0	169.66667	166.0	147.33333	126.666664	107.666664	110.0	116.666664	119.666664	123.333336	127.666664	133.33333	152.0	161.0	155.0	164.33333	188.0	197.0	197.33333	194.66667	198.66667	200.0	197.0	195.0	193.0	180.66667	144.33333	
160.0	156.33333	136.66667	167.33333	180.66667	183.33333	179.66667	189.66667	193.33333	184.0	174.66667	172.33333	158.33333	137.33333	113.0	102.333336	117.666664	137.66667	153.0	158.66667	160.0	154.33333	149.66667	156.66667	179.66667	194.33333	198.66667	196.66667	193.0	196.66667	195.66667	190.66667	192.66667	189.33333	170.66667	136.0	
164.66667	186.66667	156.33333	152.66667	175.33333	185.0	180.33333	184.66667	195.0	188.66667	177.0	175.66667	169.66667	161.33333	147.0	130.66667	128.0	141.33333	169.0	172.33333	168.0	158.0	167.66667	184.0	191.0	196.0	198.0	194.0	194.33333	194.66667	189.66667	182.33333	187.0	178.33333	161.0	131.0	
192.33333	200.0	184.0	146.0	165.33333	181.66667	180.33333	181.33333	191.33333	190.0	179.33333	176.33333	174.0	169.0	167.66667	168.0	167.33333	170.0	176.0	180.66667	182.33333	184.66667	188.0	191.66667	195.0	197.33333	195.0	192.66667	195.0	194.66667	183.66667	182.33333	183.66667	163.0	162.0	122.666664	
168.66667	153.33333	154.66667	141.0	145.0	172.0	178.66667	176.0	183.0	188.0	181.33333	176.0	174.33333	175.33333	175.66667	178.33333	182.33333	186.66667	186.66667	186.0	189.33333	192.33333	193.0	195.33333	197.66667	197.0	192.33333	191.0	196.0	194.33333	182.33333	185.66667	173.66667	156.0	169.33333	109.0	
131.66667	95.0	71.0	76.666664	104.333336	150.66667	171.33333	171.33333	172.0	183.66667	180.33333	171.66667	172.0	177.33333	181.66667	180.66667	185.0	191.0	196.0	197.33333	199.66667	200.66667	200.66667	200.0	199.66667	198.66667	194.0	194.33333	194.33333	188.66667	187.0	183.33333	158.33333	161.66667	173.66667	97.333336	
54.333332	44.0	33.666668	30.0	51.0	106.666664	154.33333	169.0	163.66667	177.33333	179.33333	168.33333	169.0	175.66667	183.66667	185.66667	188.0	193.0	197.66667	203.0	206.33333	207.66667	205.0	202.33333	200.66667	198.0	196.33333	195.0	189.33333	184.0	185.0	165.33333	155.0	173.33333	172.66667	94.0	
23.333334	22.333334	21.0	18.333334	18.666666	45.666668	107.666664	153.66667	164.33333	162.33333	174.33333	167.0	165.0	172.33333	182.0	187.0	189.66667	195.0	200.33333	206.66667	208.66667	209.33333	205.0	202.0	200.66667	197.66667	193.33333	189.33333	183.0	183.0	171.66667	153.0	167.0	177.33333	170.0	101.666664	
21.0	23.0	20.333334	17.0	15.333333	16.333334	43.666668	105.333336	150.66667	155.0	160.33333	166.33333	161.33333	165.33333	174.0	183.66667	189.0	194.33333	200.66667	208.0	209.66667	208.33333	202.0	199.0	197.33333	195.33333	186.66667	177.0	177.66667	176.66667	160.33333	164.66667	178.33333	178.0	172.0	131.33333	
24.666666	29.333334	23.333334	17.0	15.666667	14.333333	16.666666	48.0	104.666664	141.33333	146.66667	153.66667	157.0	158.66667	166.66667	179.66667	187.0	191.66667	200.33333	209.66667	210.66667	208.0	201.66667	196.66667	191.0	185.66667	172.0	167.33333	176.33333	167.0	163.66667	176.33333	182.66667	179.66667	176.0	155.33333	
37.333332	28.666666	21.0	17.333334	15.0	14.666667	14.666667	18.666666	60.0	101.0	129.66667	139.33333	141.66667	147.33333	156.66667	171.33333	180.33333	187.66667	197.0	203.33333	200.66667	196.0	191.0	185.66667	178.33333	168.33333	157.33333	171.0	167.0	162.0	172.33333	179.0	182.66667	182.0	178.33333	166.0	
45.0	21.0	18.0	17.0	15.666667	15.333333	16.666666	17.666666	46.333332	73.333336	100.0	124.0	132.66667	133.0	139.33333	157.0	167.33333	176.0	180.66667	182.66667	180.66667	176.33333	171.33333	166.0	157.66667	152.33333	164.0	165.66667	159.33333	163.33333	173.0	177.33333	182.0	185.0	183.33333	173.0	
30.666666	16.666666	17.0	17.0	16.0	16.666666	18.0	26.666666	52.0	66.333336	78.666664	99.666664	115.333336	131.33333	133.33333	135.33333	144.0	156.66667	160.33333	162.66667	160.0	157.33333	153.0	149.33333	150.66667	159.66667	160.33333	155.0	159.0	167.66667	170.33333	177.66667	185.66667	187.66667	191.33333	177.0	
