48.666668	64.333336	93.0	124.666664	152.0	168.33333	176.33333	174.66667	174.66667	172.0	161.33333	152.66667	152.66667	150.66667	144.0	139.66667	134.66667	130.66667	129.0	129.0	128.0	126.0	124.333336	125.0	128.66667	136.33333	143.33333	147.0	137.66667	116.0	90.333336	65.0	49.666668	37.666668	27.333334	18.333334	
80.0	115.333336	153.66667	171.33333	160.33333	138.33333	120.333336	109.666664	103.333336	96.333336	87.0	81.333336	83.0	81.333336	76.666664	73.666664	71.0	67.666664	64.0	62.666668	61.666668	58.333332	58.0	62.0	68.666664	75.333336	87.0	103.666664	121.333336	139.66667	145.66667	127.0	96.666664	64.666664	43.666668	31.0	
145.0	162.66667	144.33333	111.666664	88.333336	70.333336	62.0	59.333332	55.0	50.333332	45.666668	44.0	43.666668	42.0	39.666668	37.666668	36.666668	35.333332	32.333332	31.333334	30.333334	31.666666	34.333332	36.0	37.0	38.0	43.0	48.333332	55.666668	75.666664	103.0	128.0	139.0	124.333336	85.333336	49.666668	
155.0	116.333336	86.333336	69.333336	55.666668	46.333332	37.333332	31.666666	28.666666	26.666666	25.333334	23.333334	21.0	20.666666	20.666666	20.0	19.0	18.333334	17.333334	16.0	14.666667	15.333333	17.0	18.666666	20.333334	22.333334	24.0	27.0	32.333332	40.0	48.333332	65.0	94.666664	130.66667	134.0	94.666664	
96.666664	67.666664	54.333332	42.666668	31.666666	23.0	17.333334	15.666667	16.0	16.333334	15.333333	14.0	11.666667	11.333333	12.0	11.0	11.333333	12.0	12.0	11.333333	10.333333	10.0	10.333333	11.0	11.666667	12.333333	10.333333	10.666667	16.0	21.666666	26.0	34.0	45.333332	68.666664	107.0	129.33333	
56.666668	42.333332	30.0	24.333334	19.333334	17.0	14.666667	15.333333	14.666667	14.333333	14.333333	13.333333	12.666667	12.0	11.0	9.333333	9.333333	9.333333	9.666667	9.333333	9.333333	9.0	9.333333	9.333333	10.0	10.666667	11.0	11.333333	10.666667	10.666667	13.0	16.0	25.666666	36.0	52.333332	93.0	
33.666668	29.333334	18.333334	19.0	19.666666	17.0	15.666667	14.666667	14.666667	14.333333	14.333333	14.333333	13.333333	13.666667	12.666667	11.333333	11.333333	11.0	9.666667	8.333333	8.333333	9.0	10.333333	10.333333	10.666667	10.0	11.333333	12.666667	11.666667	10.0	9.666667	11.333333	15.0	19.666666	28.0	41.333332	
21.666666	19.666666	19.333334	20.0	18.666666	15.333333	12.333333	12.0	12.666667	12.333333	12.0	11.333333	9.666667	10.666667	10.333333	9.333333	9.666667	10.0	9.0	8.666667	8.333333	9.333333	10.0	10.0	11.0	13.0	10.333333	9.0	8.666667	9.333333	8.333333	11.666667	14.0	14.333333	15.333333	21.333334	
20.333334	18.0	16.333334	15.666667	14.0	11.0	10.0	9.333333	10.666667	10.666667	12.0	11.333333	13.666667	21.333334	24.333334	22.333334	21.0	19.666666	19.0	18.666666	19.333334	21.333334	19.333334	15.0	11.666667	10.0	7.6666665	7.0	7.6666665	8.666667	10.666667	12.0	11.333333	10.333333	9.0	11.0	
22.0	20.0	13.0	11.333333	10.0	8.333333	11.333333	17.0	23.0	33.0	47.0	61.333332	74.333336	85.333336	90.0	90.666664	82.666664	74.333336	72.666664	75.0	73.0	72.333336	68.666664	61.0	48.0	34.0	23.0	17.0	11.666667	7.3333335	7.0	9.333333	10.333333	11.666667	11.0	10.0	
14.333333	13.333333	8.666667	13.666667	22.666666	36.666668	54.333332	70.333336	86.333336	101.333336	116.333336	128.0	134.66667	136.66667	133.0	129.33333	122.333336	115.666664	114.333336	116.0	114.333336	109.666664	106.666664	103.333336	93.333336	75.666664	58.333332	46.0	37.666668	27.333334	16.666666	9.0	6.6666665	8.0	11.666667	9.666667	
16.333334	11.0	17.333334	46.333332	75.333336	96.0	109.333336	117.0	127.0	134.0	137.33333	135.66667	130.0	124.333336	116.666664	113.0	112.0	110.666664	111.0	111.0	106.666664	96.0	86.666664	81.333336	75.0	66.666664	58.0	53.333332	54.333332	54.666668	49.333332	36.0	23.333334	11.0	7.3333335	7.0	
11.0	16.333334	57.333332	99.0	113.0	108.0	101.666664	99.0	101.333336	103.333336	106.333336	103.0	98.333336	97.333336	96.0	95.333336	97.333336	97.666664	96.333336	93.666664	82.333336	66.0	50.666668	39.333332	31.0	29.333334	32.333332	38.333332	45.666668	58.333332	72.0	71.333336	64.666664	41.333332	14.0	4.6666665	
11.0	47.0	102.333336	118.333336	107.0	88.0	76.0	69.333336	67.666664	65.666664	63.0	57.333332	54.666668	61.333332	69.666664	79.666664	90.333336	93.666664	95.0	88.0	67.666664	46.0	29.0	21.333334	21.0	28.666666	41.333332	53.333332	54.666668	55.333332	61.0	70.666664	83.666664	73.333336	36.0	9.333333	
34.333332	90.0	131.0	120.666664	96.333336	74.333336	60.666668	48.333332	41.333332	35.333332	32.333332	29.333334	28.333334	34.666668	43.333332	59.0	87.666664	107.333336	112.666664	100.0	71.0	46.333332	28.333334	21.333334	26.333334	42.0	68.333336	84.0	80.0	72.0	59.333332	58.333332	73.666664	89.666664	74.666664	37.0	
89.0	131.33333	135.33333	110.333336	80.666664	60.666668	60.666668	63.333332	60.333332	46.666668	30.333334	19.333334	21.333334	26.333334	29.0	48.0	96.333336	133.0	136.0	117.666664	86.0	67.0	50.333332	38.666668	35.0	34.666668	44.333332	61.333332	68.0	68.666664	65.0	64.0	73.0	95.0	104.666664	89.0	
146.66667	155.0	133.33333	103.0	74.0	63.333332	78.333336	88.333336	76.0	50.0	39.0	41.0	35.666668	32.333332	34.666668	56.333332	112.666664	155.0	152.66667	129.33333	102.0	96.0	86.0	72.666664	60.333332	44.666668	33.666668	48.0	64.333336	69.666664	80.666664	89.333336	99.333336	112.0	125.333336	130.0	
168.66667	164.33333	147.66667	115.666664	88.333336	81.333336	87.333336	77.666664	51.0	31.666666	47.666668	73.666664	70.333336	64.333336	72.666664	90.666664	140.66667	175.33333	165.33333	140.0	116.0	116.0	112.666664	104.333336	95.333336	83.333336	73.0	76.333336	87.333336	99.666664	114.666664	124.666664	130.66667	135.0	142.33333	144.33333	
165.66667	167.33333	163.66667	150.33333	140.66667	133.33333	121.333336	98.333336	80.333336	70.666664	81.0	99.0	99.0	99.333336	114.333336	133.33333	169.33333	190.33333	171.33333	148.0	130.33333	129.33333	129.33333	125.333336	119.666664	116.0	113.666664	112.666664	116.666664	131.0	143.33333	147.0	147.0	151.66667	153.0	146.0	
158.0	163.66667	173.0	176.66667	179.0	176.0	163.0	144.66667	129.0	118.333336	115.666664	116.0	117.333336	129.66667	150.0	161.0	179.66667	190.33333	168.66667	150.66667	142.33333	142.33333	145.66667	142.66667	137.0	137.0	140.33333	142.0	143.66667	147.66667	151.33333	153.33333	153.66667	159.66667	157.0	144.66667	
155.33333	162.0	180.0	189.66667	191.0	191.33333	186.33333	179.33333	166.33333	155.66667	146.0	135.66667	144.33333	163.66667	177.33333	177.33333	183.33333	191.0	172.0	153.0	147.66667	149.33333	155.33333	151.0	144.33333	144.33333	145.33333	147.66667	152.66667	154.66667	153.0	153.66667	154.0	156.0	148.0	135.33333	
151.66667	162.0	179.33333	191.66667	195.33333	195.33333	194.0	191.0	180.66667	165.33333	152.66667	148.0	166.33333	185.0	187.0	180.0	180.0	189.0	174.0	152.0	148.0	152.0	158.0	153.33333	143.66667	140.66667	139.66667	141.33333	146.0	149.0	147.0	146.0	146.66667	145.0	133.0	123.0	
141.33333	160.0	169.33333	181.0	188.0	188.33333	183.66667	177.0	166.0	154.33333	153.0	160.0	178.0	189.33333	185.0	182.0	182.66667	190.66667	175.33333	154.0	151.33333	150.66667	152.66667	151.0	143.33333	140.33333	140.66667	138.33333	135.33333	132.66667	130.33333	130.33333	130.33333	128.0	119.0	116.0	
125.0	152.0	158.33333	164.66667	167.0	168.33333	164.0	157.33333	151.0	151.0	162.66667	173.66667	183.33333	187.33333	182.0	182.33333	183.33333	189.0	172.66667	153.33333	149.66667	143.33333	139.33333	141.33333	140.0	138.33333	140.0	137.33333	130.0	120.666664	115.333336	113.0	114.333336	114.333336	108.333336	112.0	
107.333336	142.33333	148.33333	152.0	144.66667	142.66667	142.33333	141.0	145.0	158.0	169.66667	176.0	180.66667	176.33333	171.33333	175.66667	183.66667	191.0	170.66667	151.66667	150.0	143.66667	129.66667	126.666664	130.33333	131.33333	133.0	132.66667	126.333336	118.0	111.666664	105.0	104.666664	109.0	105.333336	110.333336	
89.0	130.66667	139.0	137.33333	130.33333	127.333336	129.66667	132.33333	141.66667	159.33333	165.66667	167.66667	169.0	159.33333	159.0	176.0	190.33333	194.0	171.33333	154.66667	147.66667	146.66667	129.0	115.666664	121.333336	125.333336	128.33333	129.33333	125.333336	116.666664	111.0	103.333336	97.0	100.333336	103.666664	109.666664	
76.333336	111.666664	134.33333	130.0	123.0	120.0	124.666664	131.33333	142.33333	156.33333	160.0	161.66667	157.66667	143.66667	152.0	168.66667	173.0	169.33333	147.33333	132.0	123.333336	124.0	123.333336	116.333336	112.0	117.333336	126.666664	129.33333	126.666664	118.333336	111.333336	104.333336	97.0	98.666664	103.666664	107.333336	
84.0	96.666664	134.0	134.0	123.666664	120.333336	123.333336	130.66667	141.0	152.0	155.33333	156.0	145.33333	133.66667	145.66667	147.0	126.333336	120.0	107.333336	98.666664	96.0	86.333336	98.333336	116.0	113.666664	116.666664	124.333336	130.0	129.33333	123.333336	116.666664	109.666664	102.666664	101.666664	106.0	109.666664	
117.0	103.666664	133.0	134.0	127.333336	122.333336	125.0	133.0	143.66667	153.0	155.33333	149.0	136.33333	132.66667	131.66667	96.0	66.0	78.0	74.666664	67.666664	71.0	60.333332	74.666664	112.333336	122.666664	118.333336	118.0	125.666664	129.66667	128.33333	124.666664	118.0	110.0	102.666664	103.333336	108.666664	
122.333336	110.666664	131.0	133.0	132.33333	127.333336	130.66667	139.66667	149.33333	157.33333	155.66667	144.33333	138.33333	144.66667	137.66667	89.666664	55.666668	61.666668	55.666668	53.333332	73.333336	79.0	93.333336	122.666664	134.33333	127.333336	118.666664	119.0	125.333336	130.33333	130.0	124.0	113.0	105.333336	106.666664	104.333336	
80.333336	90.333336	122.333336	128.0	131.0	131.33333	137.66667	146.33333	152.66667	155.66667	149.0	141.66667	152.33333	167.33333	163.33333	134.66667	104.333336	89.333336	68.666664	60.0	76.666664	89.0	103.0	123.0	135.33333	137.33333	128.33333	121.0	126.0	134.66667	136.33333	127.333336	114.666664	108.333336	109.0	99.0	
33.666668	55.0	118.666664	128.0	127.0	130.33333	138.33333	149.0	155.33333	156.0	152.0	153.0	167.66667	175.66667	166.0	144.66667	125.666664	107.0	84.666664	77.333336	84.0	90.0	97.0	107.333336	118.333336	128.0	131.66667	129.0	131.0	137.33333	140.66667	131.33333	117.0	110.333336	108.333336	100.0	
31.0	51.333332	118.0	128.33333	126.0	127.0	137.33333	151.66667	160.66667	159.0	157.0	164.33333	169.66667	163.33333	149.66667	133.33333	123.666664	108.0	93.0	89.333336	94.333336	97.666664	97.333336	97.0	101.666664	107.333336	117.0	127.0	133.33333	137.33333	142.0	135.66667	119.333336	110.666664	107.666664	102.333336	
47.0	58.666668	116.0	128.33333	128.66667	129.0	138.33333	155.0	165.0	164.0	161.0	161.66667	152.66667	140.0	135.66667	135.0	130.0	119.0	109.0	106.666664	109.333336	108.0	102.333336	100.333336	97.333336	94.666664	98.0	113.0	128.66667	138.0	141.66667	135.66667	120.333336	112.333336	107.666664	101.0	
68.333336	63.666668	118.333336	128.33333	130.0	133.33333	139.0	154.66667	165.66667	165.0	157.33333	144.66667	135.0	134.0	137.0	136.66667	126.666664	116.333336	108.666664	104.333336	98.666664	91.666664	90.0	95.333336	101.666664	99.333336	92.333336	104.333336	123.666664	137.66667	137.33333	132.0	124.0	117.666664	108.0	95.333336	
105.333336	67.666664	120.333336	130.33333	128.0	137.33333	143.33333	155.0	167.66667	168.33333	153.33333	131.66667	133.33333	138.0	123.333336	99.333336	80.666664	67.0	61.0	56.333332	49.333332	42.666668	43.0	49.666668	66.333336	79.333336	84.666664	100.666664	122.0	136.0	134.33333	130.66667	125.666664	118.333336	103.333336	88.0	
153.0	101.666664	124.0	133.0	126.333336	138.33333	146.0	154.0	165.66667	167.0	153.66667	130.66667	118.666664	104.666664	73.666664	44.0	32.333332	25.0	23.333334	26.333334	26.0	23.0	22.0	27.333334	44.666668	62.666668	83.0	98.333336	116.333336	130.66667	131.0	125.0	117.666664	110.0	93.333336	81.0	
188.33333	157.0	141.33333	136.0	124.0	133.0	145.0	152.66667	163.33333	164.33333	150.33333	119.0	93.0	71.666664	48.333332	33.666668	32.0	34.0	37.0	43.0	47.666668	49.0	53.0	62.666668	81.666664	98.666664	106.666664	109.666664	114.666664	123.666664	125.666664	120.333336	110.333336	100.333336	86.666664	80.666664	
194.0	196.0	169.0	141.66667	123.0	127.333336	142.0	148.66667	156.33333	156.0	145.66667	128.0	117.666664	113.666664	109.0	100.666664	97.333336	95.666664	94.0	93.0	94.333336	95.333336	96.333336	102.0	112.333336	123.333336	127.333336	121.333336	116.333336	119.333336	119.666664	119.0	109.333336	92.0	80.0	81.0	
190.66667	203.33333	191.0	151.66667	119.0	120.333336	135.66667	142.33333	147.33333	146.33333	141.66667	139.0	145.0	150.0	148.33333	143.66667	138.33333	131.33333	126.666664	119.666664	113.0	108.333336	103.333336	102.333336	108.666664	118.0	124.666664	120.0	114.333336	116.666664	117.0	113.0	101.666664	79.666664	74.0	83.0	
191.0	193.33333	200.33333	169.66667	121.0	106.666664	123.0	135.33333	142.33333	143.0	141.66667	140.66667	142.0	142.66667	134.66667	123.333336	110.666664	100.666664	93.666664	85.666664	80.0	77.666664	82.333336	88.666664	99.666664	110.333336	114.333336	114.0	116.333336	117.333336	115.0	104.0	83.333336	64.666664	73.666664	83.333336	
194.33333	181.66667	201.0	189.33333	129.66667	90.333336	101.666664	122.333336	133.66667	135.66667	138.0	136.66667	135.0	133.0	122.333336	103.333336	81.0	63.333332	52.666668	47.0	49.333332	56.0	71.666664	84.0	95.666664	105.333336	108.333336	114.0	118.333336	118.666664	110.333336	89.333336	69.333336	64.0	79.333336	85.0	
201.66667	176.66667	196.33333	180.0	106.666664	59.0	69.666664	95.0	115.333336	125.666664	131.66667	133.66667	131.66667	131.66667	126.666664	111.0	91.666664	76.333336	68.666664	65.333336	69.666664	79.666664	92.333336	98.666664	103.333336	110.0	115.0	119.0	116.666664	113.0	94.666664	67.0	61.333332	71.666664	83.333336	85.333336	
198.0	185.66667	193.0	140.0	58.0	28.333334	44.333332	66.333336	88.333336	109.666664	127.666664	136.33333	138.33333	142.66667	145.66667	142.0	136.0	133.33333	132.66667	126.0	121.333336	122.333336	125.333336	123.666664	122.333336	124.333336	127.666664	128.66667	121.333336	102.333336	70.333336	51.333332	64.333336	81.0	84.666664	83.0	
191.0	198.33333	193.66667	122.666664	38.333332	22.0	35.666668	47.666668	58.666668	78.333336	106.666664	130.33333	144.33333	153.66667	158.33333	160.66667	160.0	163.33333	164.0	152.33333	142.33333	138.0	137.66667	137.33333	135.0	131.0	129.33333	126.0	110.666664	77.333336	54.0	56.0	73.333336	86.666664	86.333336	83.0	
189.66667	199.0	186.0	136.66667	57.0	30.333334	35.0	42.0	43.333332	50.333332	71.0	103.666664	134.33333	152.66667	157.33333	161.0	159.66667	157.66667	152.0	139.0	129.33333	124.0	124.0	126.333336	123.333336	118.666664	118.0	107.0	80.666664	49.333332	49.666668	71.333336	82.333336	88.333336	88.333336	84.333336	
186.33333	184.33333	175.0	163.66667	103.0	53.0	36.333332	40.333332	43.0	41.0	46.0	64.666664	101.333336	131.66667	143.66667	147.66667	147.66667	142.33333	130.33333	115.333336	103.333336	99.666664	103.0	105.666664	102.333336	95.666664	88.0	71.0	48.333332	39.333332	58.666668	80.666664	90.0	91.0	90.333336	84.333336	
182.0	166.66667	163.33333	174.33333	138.0	83.333336	44.0	35.333332	42.666668	42.666668	40.0	42.666668	62.0	88.0	105.666664	117.333336	121.666664	118.333336	106.0	89.333336	74.333336	68.666664	71.333336	76.0	70.0	58.333332	43.333332	33.666668	31.333334	44.666668	68.333336	84.666664	94.333336	95.666664	90.0	82.333336	
180.33333	156.33333	155.33333	167.0	145.66667	109.333336	75.333336	44.666668	35.0	40.666668	39.333332	37.333332	42.666668	52.666668	60.666668	71.0	80.0	81.333336	72.333336	54.333332	39.0	34.0	36.666668	40.333332	36.333332	26.0	20.333334	27.333334	39.666668	53.0	70.666664	85.0	97.333336	96.666664	89.333336	80.0	
