188.33333	207.66667	207.0	209.66667	208.33333	191.0	178.0	174.33333	170.33333	168.33333	165.66667	165.66667	164.66667	165.33333	167.0	166.66667	167.66667	169.0	168.0	166.0	162.0	159.0	160.0	161.66667	161.33333	160.66667	161.0	162.66667	160.0	154.66667	151.33333	148.66667	143.33333	147.0	156.33333	170.66667	
185.0	208.0	204.33333	201.66667	198.66667	183.33333	171.33333	165.66667	161.66667	161.33333	162.33333	162.66667	161.33333	161.66667	163.33333	163.33333	165.0	166.0	166.0	164.66667	161.66667	159.66667	158.33333	158.66667	158.0	157.66667	155.0	155.66667	154.66667	151.0	147.66667	146.33333	140.66667	145.33333	156.66667	166.66667	
183.0	206.33333	197.0	191.66667	186.66667	174.66667	164.0	158.33333	156.0	155.66667	156.66667	157.33333	157.0	159.0	162.33333	162.66667	163.66667	163.33333	164.0	163.0	161.66667	159.33333	156.33333	154.66667	153.33333	152.0	148.33333	148.33333	149.0	146.33333	142.66667	143.33333	139.0	143.0	152.0	158.66667	
190.0	203.33333	188.66667	182.33333	178.66667	166.33333	158.33333	156.0	154.0	155.0	156.66667	156.33333	157.66667	159.66667	162.33333	162.0	162.66667	161.66667	162.0	161.66667	159.66667	157.33333	153.66667	152.33333	151.66667	151.33333	147.0	145.66667	144.66667	141.0	138.0	139.33333	135.66667	141.0	144.33333	149.0	
204.33333	203.66667	183.33333	173.0	168.0	157.33333	155.66667	155.0	155.0	156.0	158.0	158.66667	159.33333	161.33333	163.66667	162.66667	164.0	163.33333	163.66667	163.66667	160.66667	157.0	153.0	151.33333	153.66667	153.66667	151.0	148.0	143.33333	138.0	134.33333	133.33333	129.0	132.66667	137.0	141.66667	
212.0	203.0	179.66667	170.0	162.33333	153.0	154.0	152.33333	152.66667	155.0	157.66667	159.0	161.33333	163.66667	166.66667	167.33333	167.66667	167.66667	169.0	168.0	164.0	160.0	157.33333	155.0	155.66667	154.66667	150.66667	147.33333	142.0	136.66667	132.0	127.333336	122.666664	126.333336	130.33333	132.33333	
214.33333	197.66667	174.0	168.33333	157.33333	149.66667	151.33333	151.0	155.0	157.0	159.66667	162.66667	164.33333	165.66667	165.66667	166.0	168.33333	171.33333	173.66667	173.33333	169.0	164.66667	163.0	161.66667	160.66667	158.66667	154.66667	149.66667	143.33333	136.66667	131.33333	123.666664	122.0	122.333336	126.333336	125.0	
215.66667	197.33333	171.0	165.66667	157.33333	149.33333	150.66667	157.0	163.0	164.0	165.33333	168.0	169.33333	168.33333	166.0	165.0	167.33333	169.66667	172.33333	172.0	168.0	165.66667	166.33333	165.66667	165.66667	164.33333	159.33333	155.33333	148.33333	140.66667	131.66667	121.0	118.0	117.0	116.0	115.666664	
216.33333	201.33333	170.66667	164.33333	158.33333	150.66667	153.33333	164.66667	170.66667	168.66667	168.33333	169.66667	172.66667	170.33333	168.0	169.66667	170.33333	170.66667	172.0	170.0	167.33333	170.0	169.33333	169.0	169.33333	165.33333	160.33333	158.66667	152.33333	143.0	134.66667	125.666664	116.666664	112.666664	111.666664	114.333336	
211.0	200.66667	166.66667	161.66667	158.33333	160.66667	164.33333	167.0	169.66667	167.66667	168.0	166.66667	167.66667	171.0	167.66667	169.66667	170.0	167.33333	169.0	172.0	168.33333	170.66667	168.66667	166.33333	165.0	160.33333	156.33333	155.33333	152.66667	147.66667	141.33333	133.0	123.0	114.0	110.666664	114.333336	
198.66667	188.66667	169.0	162.33333	163.66667	165.33333	152.0	146.66667	147.0	152.0	154.66667	160.66667	163.33333	164.33333	162.33333	166.0	167.33333	160.66667	160.33333	169.33333	167.33333	164.66667	164.0	159.66667	156.0	149.66667	142.66667	139.66667	138.33333	139.0	141.33333	142.0	132.33333	117.333336	112.666664	116.0	
179.33333	163.0	160.0	166.66667	154.0	126.0	103.0	143.33333	113.333336	91.666664	105.0	135.66667	134.66667	145.0	147.66667	154.66667	157.33333	157.33333	153.66667	157.66667	154.33333	148.0	146.66667	137.66667	138.33333	121.0	93.666664	88.333336	90.666664	95.0	103.0	130.0	130.66667	123.0	119.666664	121.333336	
146.66667	154.66667	145.66667	140.0	119.0	75.666664	61.333332	89.0	97.666664	88.333336	78.666664	75.333336	76.333336	84.333336	89.333336	108.666664	124.666664	132.33333	128.0	123.0	110.0	83.333336	73.333336	68.666664	69.0	69.666664	53.0	60.666668	74.333336	69.0	68.666664	124.666664	113.333336	124.0	126.666664	124.0	
129.0	141.33333	154.66667	127.666664	110.0	84.333336	76.0	84.333336	87.0	81.666664	75.666664	67.0	87.333336	87.0	61.0	72.333336	101.333336	121.0	119.0	103.333336	71.333336	43.333332	33.666668	36.333332	38.0	44.666668	40.666668	50.333332	57.666668	61.0	58.666668	111.333336	103.333336	121.333336	129.0	124.0	
130.33333	135.0	141.0	107.0	97.333336	84.333336	72.666664	81.666664	88.333336	69.0	60.0	51.666668	77.333336	88.666664	39.0	46.666668	73.666664	110.0	113.333336	81.333336	42.0	36.0	29.0	32.0	39.333332	47.333332	44.0	41.666668	34.0	38.666668	45.0	73.0	67.333336	85.666664	116.666664	133.66667	
129.33333	144.33333	138.66667	112.666664	99.0	75.333336	55.0	55.0	60.333332	50.666668	44.666668	33.666668	42.0	52.666668	39.666668	57.666668	96.333336	91.666664	92.333336	99.333336	56.0	44.666668	36.0	31.333334	42.666668	48.0	44.333332	43.0	29.333334	31.333334	34.666668	46.333332	54.0	57.333332	77.0	88.333336	
124.666664	158.0	154.0	133.0	101.333336	76.666664	60.666668	48.333332	50.0	52.333332	33.0	27.333334	29.0	35.666668	39.666668	58.333332	84.666664	104.0	108.333336	79.0	56.333332	40.0	36.0	33.333332	46.0	49.333332	44.666668	27.666666	22.333334	23.666666	35.333332	39.333332	44.0	55.333332	67.0	78.0	
126.666664	162.66667	151.33333	146.0	113.0	93.333336	94.666664	87.666664	67.666664	57.333332	46.333332	41.666668	42.666668	44.666668	51.333332	70.333336	113.0	149.66667	152.66667	113.666664	62.666668	45.333332	43.666668	43.666668	47.333332	51.666668	52.333332	44.0	44.666668	45.666668	50.666668	51.333332	55.0	69.666664	80.0	86.333336	
119.666664	157.0	152.0	158.0	136.33333	124.333336	127.333336	112.666664	93.666664	72.0	61.333332	55.333332	54.666668	66.0	86.333336	100.333336	144.66667	161.0	161.33333	147.66667	93.333336	70.333336	61.0	58.0	57.333332	53.666668	53.0	55.666668	59.333332	62.333332	68.0	76.0	83.0	91.333336	95.333336	96.0	
102.666664	147.66667	158.0	165.66667	154.66667	145.33333	136.66667	119.0	101.0	86.0	76.0	74.0	78.666664	94.0	107.0	124.666664	158.66667	163.0	163.0	156.0	117.0	88.333336	77.333336	71.666664	74.0	70.0	68.0	71.0	75.0	83.333336	93.666664	100.333336	107.666664	110.333336	111.333336	103.666664	
81.333336	146.0	166.33333	171.0	163.0	154.66667	143.33333	135.66667	125.0	110.333336	103.333336	104.333336	114.0	126.0	125.333336	149.66667	167.66667	169.0	165.66667	154.66667	135.33333	108.333336	101.666664	99.0	95.333336	93.666664	93.333336	97.666664	103.0	110.0	116.0	118.0	120.333336	123.666664	116.0	99.333336	
66.0	148.66667	177.33333	172.66667	168.0	158.0	152.0	144.66667	137.66667	130.33333	130.0	133.66667	142.33333	144.0	146.0	165.66667	172.0	167.66667	167.0	155.33333	139.66667	119.333336	108.333336	120.333336	126.0	121.0	114.666664	117.0	121.333336	125.0	127.0	127.0	127.333336	126.0	112.666664	94.666664	
52.0	129.0	180.0	171.33333	172.0	166.33333	158.33333	147.66667	143.33333	141.0	141.66667	143.33333	146.33333	151.66667	160.0	171.33333	173.33333	168.0	167.0	152.33333	136.0	129.33333	120.666664	126.666664	134.66667	137.66667	137.0	135.0	133.66667	130.66667	130.0	131.33333	129.33333	120.0	107.333336	92.333336	
39.333332	94.333336	170.0	167.0	169.66667	166.33333	161.33333	155.66667	154.33333	152.33333	150.33333	151.66667	154.33333	159.0	164.0	170.66667	175.66667	171.66667	167.33333	155.0	138.33333	134.0	128.0	134.33333	142.33333	143.33333	140.66667	137.33333	138.0	137.33333	135.66667	133.0	128.33333	118.0	105.0	88.333336	
36.0	65.0	154.33333	164.0	164.66667	164.66667	165.33333	164.0	161.66667	159.0	155.66667	155.0	158.0	162.33333	170.33333	176.33333	176.0	174.33333	171.0	165.0	147.66667	139.66667	133.66667	136.33333	148.0	152.0	149.33333	146.66667	145.66667	145.33333	140.66667	132.0	123.666664	113.0	101.666664	85.666664	
35.333332	41.0	109.333336	158.0	160.66667	164.0	165.66667	164.66667	162.0	158.66667	156.0	157.66667	157.33333	165.0	182.33333	176.66667	171.66667	172.0	172.0	171.33333	156.0	146.33333	142.33333	136.66667	145.0	150.66667	150.33333	149.66667	148.33333	144.33333	140.0	130.33333	121.333336	110.666664	97.0	78.666664	
35.666668	34.333332	81.333336	153.33333	157.33333	161.0	161.33333	161.0	160.0	159.33333	155.66667	152.66667	157.0	177.0	185.0	174.0	169.33333	170.66667	171.0	168.33333	153.66667	151.0	158.0	139.33333	132.0	144.0	146.66667	146.33333	143.66667	140.33333	134.0	124.666664	116.333336	105.333336	90.666664	74.666664	
31.333334	31.0	76.0	147.66667	152.33333	157.33333	160.33333	161.66667	159.0	153.66667	149.33333	144.33333	163.66667	177.66667	173.0	166.33333	167.33333	168.0	162.0	154.66667	144.66667	148.33333	147.33333	133.33333	119.333336	132.33333	141.66667	142.0	139.66667	137.33333	129.66667	119.0	110.333336	99.666664	86.666664	74.0	
66.333336	55.666668	89.666664	148.33333	147.66667	156.0	160.0	159.33333	155.0	149.0	139.66667	134.33333	138.66667	132.33333	143.66667	140.66667	137.0	132.33333	126.666664	123.666664	120.666664	109.333336	90.0	96.666664	114.333336	126.666664	135.66667	139.0	136.66667	133.33333	127.0	116.0	106.0	96.0	86.0	73.0	
201.66667	190.33333	171.0	152.33333	145.33333	153.66667	158.33333	154.66667	149.0	141.33333	134.0	139.33333	138.66667	109.0	104.0	105.0	99.666664	95.666664	96.333336	87.333336	79.0	66.333336	67.333336	101.333336	126.333336	131.33333	132.66667	135.66667	135.0	128.33333	120.666664	110.333336	100.333336	91.0	82.666664	69.666664	
194.33333	207.0	184.33333	150.66667	146.0	148.66667	151.66667	147.66667	140.33333	133.66667	143.0	150.33333	149.0	140.0	123.666664	114.0	98.0	75.666664	73.0	75.333336	84.0	95.0	112.333336	129.33333	135.33333	136.33333	134.66667	132.33333	129.66667	123.666664	115.333336	103.666664	93.0	85.333336	78.0	65.0	
131.0	152.0	160.33333	149.0	142.0	143.0	147.33333	139.33333	131.66667	143.66667	150.0	150.33333	148.66667	145.66667	139.66667	128.33333	111.666664	91.333336	91.666664	101.666664	113.333336	121.333336	127.333336	133.0	138.33333	138.66667	136.0	131.33333	125.333336	119.0	109.666664	97.0	87.333336	80.0	73.0	63.333332	
90.666664	122.333336	145.66667	137.66667	137.66667	141.0	142.0	130.0	137.33333	145.33333	141.33333	142.33333	144.33333	141.33333	134.33333	126.666664	110.333336	99.333336	103.0	114.0	120.0	123.333336	129.33333	133.33333	135.33333	133.0	133.0	130.33333	120.666664	109.666664	99.666664	88.666664	80.666664	72.666664	66.666664	61.333332	
64.333336	89.333336	134.0	129.33333	134.66667	137.33333	136.0	129.0	138.66667	130.0	128.66667	136.0	141.0	141.66667	138.66667	131.0	119.666664	115.666664	116.666664	124.333336	129.0	131.66667	133.0	130.66667	126.333336	122.333336	125.0	126.666664	116.0	102.666664	93.333336	83.666664	76.0	69.0	64.0	58.666668	
30.0	76.333336	129.66667	121.333336	126.333336	131.33333	128.0	128.66667	131.0	121.0	113.0	132.33333	140.66667	141.66667	139.66667	136.0	137.66667	138.33333	139.0	136.0	134.66667	134.0	137.33333	130.66667	119.333336	112.333336	114.666664	118.333336	109.0	98.333336	90.0	78.333336	71.666664	67.0	64.0	54.0	
16.333334	77.0	129.0	120.0	120.0	127.333336	123.333336	124.333336	123.333336	112.333336	88.666664	100.0	105.0	99.0	100.333336	104.666664	107.666664	112.0	110.666664	101.666664	97.666664	97.0	106.666664	117.666664	113.333336	102.0	104.0	110.333336	104.0	93.666664	84.333336	75.666664	70.333336	67.0	63.666668	46.666668	
16.0	77.333336	128.33333	119.0	112.0	117.0	114.666664	118.0	119.666664	108.0	93.0	85.666664	62.333332	46.0	59.333332	78.333336	82.0	77.333336	68.666664	68.333336	63.666668	47.666668	44.333332	59.0	72.666664	77.333336	93.0	105.666664	101.333336	93.666664	79.666664	71.666664	67.333336	66.666664	57.666668	34.666668	
18.333334	74.666664	125.333336	117.0	109.333336	108.333336	107.0	113.666664	118.0	114.666664	124.666664	129.66667	105.333336	76.0	73.0	89.333336	100.333336	95.0	77.666664	76.666664	69.0	50.333332	42.0	47.666668	60.0	73.0	89.0	99.0	97.666664	87.0	73.666664	68.0	65.0	60.666668	47.666668	21.333334	
23.0	72.333336	121.666664	117.666664	108.666664	103.0	103.0	107.666664	114.666664	121.333336	135.0	144.0	136.33333	118.666664	102.333336	93.666664	93.666664	93.0	89.0	85.666664	82.0	83.333336	84.666664	93.333336	100.0	99.333336	96.333336	96.666664	94.666664	80.0	70.0	64.0	58.333332	52.666668	31.0	15.333333	
26.0	64.333336	115.0	118.333336	109.333336	100.666664	97.333336	101.0	106.666664	117.0	131.33333	139.0	139.33333	131.66667	125.666664	119.0	117.0	108.666664	106.333336	108.666664	111.0	110.0	108.0	108.333336	106.333336	107.666664	102.0	96.333336	88.666664	75.333336	67.333336	59.0	53.0	37.666668	24.0	21.0	
28.0	53.0	106.666664	118.333336	115.0	103.666664	97.666664	100.333336	101.0	107.333336	120.666664	128.33333	130.66667	124.666664	123.0	126.333336	133.0	130.33333	125.333336	123.0	114.666664	109.666664	105.333336	102.666664	105.0	109.0	102.666664	92.666664	79.0	67.666664	62.666668	54.0	41.666668	22.333334	38.666668	34.333332	
32.666668	42.333332	92.666664	113.333336	115.0	101.666664	97.0	98.333336	101.0	104.333336	109.666664	118.0	118.0	111.333336	105.666664	106.333336	114.333336	118.666664	112.333336	107.333336	102.0	99.0	96.0	99.0	105.666664	102.333336	96.333336	85.666664	72.666664	64.0	59.333332	47.666668	25.333334	23.0	60.333332	41.0	
34.666668	37.333332	75.666664	107.666664	113.333336	106.0	95.333336	95.666664	101.333336	106.333336	107.666664	111.666664	113.0	102.666664	88.0	78.0	79.0	77.666664	73.0	76.0	80.333336	87.0	93.333336	96.666664	98.666664	94.0	88.666664	80.666664	70.0	64.333336	52.333332	35.666668	19.0	34.666668	79.333336	50.333332	
38.0	39.333332	63.333332	102.333336	114.0	114.333336	98.333336	88.666664	96.666664	105.666664	115.333336	115.333336	113.666664	108.666664	95.0	85.0	79.0	72.0	73.666664	79.666664	84.333336	92.0	95.666664	93.666664	94.0	91.333336	85.333336	78.0	67.333336	57.666668	40.666668	25.666666	22.666666	24.333334	44.666668	62.0	
42.0	42.0	57.0	100.0	112.666664	115.0	104.333336	86.0	89.0	101.0	120.0	127.0	122.666664	121.0	115.0	108.333336	103.666664	98.666664	99.0	100.333336	100.333336	102.666664	102.333336	98.666664	99.0	99.0	88.0	74.666664	60.0	46.0	32.0	24.333334	31.0	23.666666	25.0	94.333336	
43.666668	45.0	51.0	89.333336	114.333336	116.333336	109.333336	96.0	83.333336	93.0	112.333336	129.66667	130.33333	132.0	132.33333	130.33333	130.33333	127.666664	126.333336	124.333336	121.333336	117.666664	114.333336	112.333336	112.333336	102.666664	82.0	63.666668	48.666668	36.666668	28.666666	30.0	33.333332	20.666666	20.333334	82.333336	
45.333332	47.0	46.333332	66.0	114.333336	117.333336	114.333336	103.666664	89.666664	80.0	95.0	117.333336	123.0	128.0	134.66667	139.0	138.66667	136.66667	135.0	132.0	125.333336	119.333336	117.0	113.666664	106.666664	90.0	65.666664	47.333332	35.333332	31.333334	30.0	39.333332	27.666666	16.666666	21.333334	43.666668	
53.333332	54.333332	47.666668	43.0	101.666664	119.333336	118.333336	110.333336	95.333336	81.333336	78.333336	95.0	108.333336	113.0	119.666664	126.0	126.333336	124.0	120.333336	116.666664	113.0	108.666664	107.666664	102.333336	87.666664	69.666664	51.333332	39.333332	34.0	32.666668	33.666668	51.333332	31.333334	15.0	20.0	28.666666	
54.0	55.333332	49.333332	32.333332	70.0	118.0	118.666664	113.666664	101.666664	87.333336	76.333336	76.0	86.0	95.666664	102.0	103.0	102.666664	102.0	99.0	96.333336	93.333336	89.333336	87.666664	80.333336	64.0	50.666668	42.333332	40.0	37.0	34.0	39.0	55.333332	38.666668	25.666666	23.333334	25.333334	
