15.0	12.666667	12.333333	13.0	14.0	16.333334	19.666666	20.333334	19.333334	19.0	20.666666	21.333334	21.333334	20.333334	17.0	19.0	21.333334	20.333334	20.0	19.333334	19.666666	20.0	19.0	16.0	17.666666	16.333334	17.0	17.0	17.333334	16.0	14.333333	14.0	14.666667	14.0	12.666667	11.666667	
14.333333	12.0	12.333333	14.0	15.333333	18.666666	21.333334	21.0	21.333334	22.666666	24.0	24.0	24.0	22.666666	20.666666	21.666666	23.666666	27.0	26.666666	28.666666	31.0	33.333332	32.333332	35.333332	32.0	29.333334	24.666666	19.333334	19.0	17.666666	15.333333	14.333333	14.666667	13.666667	12.666667	11.333333	
15.333333	13.0	13.0	14.666667	17.0	20.666666	22.666666	22.666666	23.333334	25.333334	24.666666	24.666666	27.333334	31.333334	43.333332	58.333332	78.666664	103.0	118.666664	130.66667	138.0	139.0	138.33333	141.33333	130.66667	119.0	101.0	77.666664	59.666668	40.0	22.333334	16.666666	14.333333	12.666667	11.666667	11.333333	
17.333334	16.333334	16.333334	16.0	18.666666	20.666666	22.0	23.666666	24.0	25.333334	28.333334	42.666668	76.0	116.333336	154.66667	179.66667	193.66667	204.0	207.0	210.33333	206.66667	198.33333	192.33333	187.0	179.66667	174.33333	163.66667	147.66667	135.0	113.333336	83.666664	53.333332	29.333334	14.666667	12.333333	12.333333	
19.0	19.666666	19.0	17.333334	20.0	21.0	20.333334	22.333334	28.666666	52.666668	96.666664	151.0	194.66667	218.0	226.33333	226.0	224.0	224.33333	220.0	218.33333	212.0	202.66667	196.66667	189.66667	182.0	176.0	168.66667	159.33333	155.0	144.33333	131.0	110.666664	77.666664	36.0	17.0	12.666667	
19.666666	20.0	19.666666	19.333334	19.333334	16.333334	22.333334	44.333332	93.333336	159.0	202.0	221.33333	228.0	232.33333	232.66667	228.0	226.66667	225.0	223.0	217.66667	213.0	204.0	196.33333	185.0	176.0	173.0	171.66667	164.66667	157.0	149.0	138.33333	122.333336	101.333336	66.666664	38.666668	17.333334	
21.0	19.666666	20.0	18.333334	18.333334	33.333332	81.0	139.66667	187.0	206.66667	213.0	220.0	228.33333	229.66667	230.66667	229.33333	227.66667	226.33333	222.66667	216.0	212.66667	205.33333	197.66667	183.33333	175.33333	174.66667	172.66667	164.33333	155.0	150.0	139.0	120.0	99.333336	74.0	58.0	37.0	
21.0	21.0	19.333334	19.0	44.333332	109.333336	164.66667	186.66667	195.66667	203.0	209.0	216.33333	223.66667	225.0	223.66667	222.0	221.66667	223.0	218.33333	211.66667	207.33333	201.66667	201.0	187.0	172.0	161.66667	153.66667	148.0	142.66667	136.33333	124.0	111.333336	92.333336	68.666664	59.0	54.333332	
17.333334	18.333334	16.666666	46.0	117.0	167.33333	183.66667	189.0	187.66667	193.33333	201.33333	209.33333	216.0	216.0	212.0	211.66667	214.66667	217.33333	212.0	203.33333	194.0	185.33333	177.66667	155.66667	135.66667	127.666664	125.333336	129.0	132.66667	138.0	135.0	117.333336	98.666664	72.333336	53.666668	55.333332	
15.0	15.666667	38.666668	104.0	154.66667	170.0	176.0	180.33333	179.66667	182.66667	186.33333	190.0	194.66667	194.66667	196.33333	201.0	205.33333	208.66667	202.33333	193.33333	181.0	164.0	148.0	131.33333	126.0	131.66667	143.0	155.33333	159.0	159.0	147.66667	133.33333	121.666664	95.0	63.666668	55.0	
14.333333	28.0	80.0	127.333336	143.33333	149.33333	151.0	152.0	150.66667	148.66667	146.66667	148.33333	158.33333	168.0	179.0	187.0	191.0	197.66667	192.0	182.33333	172.33333	157.33333	150.33333	149.0	152.0	159.33333	166.66667	169.66667	160.33333	151.66667	140.0	130.0	120.333336	106.333336	81.666664	64.0	
19.666666	56.333332	101.666664	113.333336	123.666664	137.66667	143.33333	146.0	144.0	138.33333	134.0	132.66667	141.33333	156.0	168.66667	177.0	182.33333	191.0	182.66667	171.66667	163.0	155.33333	160.66667	164.66667	159.0	156.0	148.66667	140.0	133.33333	131.0	126.666664	120.666664	115.0	108.333336	97.0	80.0	
31.666666	81.333336	103.0	120.333336	144.33333	156.0	163.66667	172.66667	171.33333	168.0	165.66667	161.33333	160.33333	165.66667	169.33333	173.33333	181.66667	194.0	184.33333	165.66667	151.33333	149.66667	159.33333	150.66667	118.666664	97.666664	87.333336	81.0	83.333336	82.0	80.666664	85.666664	93.666664	105.0	115.666664	102.333336	
54.333332	101.333336	116.0	137.66667	151.66667	152.66667	157.66667	165.66667	166.33333	164.66667	165.33333	166.0	168.66667	170.66667	169.33333	168.66667	177.0	195.0	188.66667	160.0	138.0	144.0	156.0	127.0	82.0	61.333332	66.666664	77.666664	111.666664	89.333336	57.333332	47.0	63.333332	104.333336	133.0	117.333336	
79.666664	116.0	128.0	136.66667	140.0	133.0	117.666664	108.0	113.0	109.666664	117.666664	131.66667	146.66667	164.0	170.33333	164.66667	169.66667	188.33333	188.0	158.33333	130.33333	139.0	158.33333	126.333336	103.666664	91.333336	92.666664	101.0	131.0	107.666664	82.333336	79.666664	96.0	122.333336	144.66667	131.0	
98.333336	123.666664	134.66667	130.0	123.333336	91.666664	52.333332	44.666668	60.666668	84.666664	127.0	130.33333	123.333336	142.33333	169.33333	163.0	161.33333	177.66667	182.0	155.66667	125.0	129.33333	163.0	147.33333	141.66667	135.66667	134.66667	125.0	117.0	116.333336	118.666664	118.333336	135.33333	150.33333	148.33333	134.66667	
109.0	129.66667	141.66667	134.0	106.333336	58.666668	50.666668	62.666668	73.333336	111.666664	172.0	163.66667	135.66667	137.0	171.66667	162.66667	155.0	171.33333	176.66667	152.66667	121.333336	119.0	155.66667	167.33333	164.66667	164.0	163.33333	156.0	147.66667	142.0	141.0	147.0	159.66667	160.66667	151.0	133.0	
113.333336	138.0	154.33333	153.66667	131.0	99.333336	83.0	84.666664	99.333336	120.333336	142.33333	150.33333	151.0	161.66667	174.33333	154.66667	150.33333	165.66667	171.33333	151.66667	125.666664	113.333336	133.33333	162.33333	175.0	173.66667	167.66667	159.0	153.66667	152.33333	157.0	167.33333	171.66667	163.33333	151.0	127.333336	
116.666664	139.33333	160.66667	166.0	160.33333	146.66667	127.333336	122.333336	133.66667	147.0	156.33333	161.66667	164.0	173.0	167.33333	147.33333	149.66667	159.66667	166.33333	152.0	127.666664	115.333336	122.333336	145.33333	167.0	174.66667	172.66667	167.0	164.33333	164.66667	166.66667	169.66667	167.66667	158.33333	147.33333	125.666664	
115.333336	136.66667	158.0	168.33333	167.66667	166.33333	159.0	153.33333	154.0	160.33333	166.33333	173.33333	180.33333	179.66667	163.33333	150.0	152.66667	158.66667	165.0	155.0	133.66667	121.333336	126.333336	137.33333	147.0	159.66667	170.66667	175.0	175.66667	175.0	174.66667	171.66667	163.33333	152.33333	140.33333	121.0	
111.0	135.33333	159.33333	167.33333	169.33333	173.66667	177.66667	173.33333	168.33333	169.66667	176.66667	181.66667	181.0	172.33333	160.66667	152.66667	151.33333	158.33333	167.0	161.66667	142.0	128.0	131.0	139.0	145.0	156.33333	169.0	180.0	182.33333	182.0	181.0	175.33333	165.0	152.33333	139.0	115.0	
108.666664	133.0	154.33333	164.0	170.33333	175.33333	180.0	178.33333	174.0	174.0	178.66667	177.66667	173.66667	165.66667	159.0	154.66667	150.33333	158.33333	168.0	166.66667	150.0	133.66667	132.0	138.66667	149.33333	164.0	173.66667	183.66667	188.0	187.0	183.0	176.66667	166.33333	152.66667	138.66667	113.333336	
104.0	127.0	145.66667	158.0	167.33333	175.33333	181.66667	182.33333	185.33333	186.0	183.0	176.66667	170.33333	165.0	162.0	156.66667	149.0	157.0	170.0	170.0	153.66667	134.0	127.666664	128.0	140.66667	164.33333	178.33333	185.0	189.0	188.33333	185.0	178.66667	168.66667	154.0	139.0	112.666664	
98.0	118.666664	136.66667	150.0	160.0	171.0	180.33333	184.66667	192.0	197.33333	194.0	188.33333	180.0	173.66667	161.33333	156.0	152.0	157.0	171.66667	171.66667	153.66667	131.33333	130.33333	129.33333	117.666664	140.33333	167.33333	178.33333	186.0	186.33333	182.66667	175.66667	169.0	156.33333	139.33333	111.666664	
94.666664	111.666664	128.66667	144.66667	157.33333	170.0	180.0	188.0	199.33333	207.0	201.66667	193.0	185.0	171.33333	153.33333	154.66667	154.33333	156.66667	166.66667	166.33333	153.66667	134.66667	129.66667	134.33333	106.333336	109.333336	153.33333	160.33333	171.0	179.33333	177.0	172.66667	166.66667	156.33333	139.33333	110.666664	
90.666664	108.666664	124.0	141.33333	156.33333	167.0	176.66667	186.33333	195.66667	199.0	188.66667	176.66667	164.33333	155.0	147.33333	155.66667	152.66667	160.0	175.0	179.33333	163.66667	140.0	126.666664	128.66667	99.0	100.333336	152.0	160.66667	162.66667	165.33333	167.66667	168.33333	162.33333	151.33333	135.33333	109.666664	
83.333336	105.666664	120.0	136.33333	152.33333	165.33333	175.0	182.66667	186.33333	180.33333	165.33333	154.0	156.33333	160.0	154.66667	157.66667	152.66667	164.0	188.33333	195.0	169.0	129.66667	105.666664	102.666664	104.666664	126.333336	154.33333	158.0	158.66667	156.33333	159.33333	162.0	157.0	144.33333	128.66667	108.0	
74.333336	102.333336	116.0	131.66667	146.66667	159.0	168.66667	176.66667	177.66667	166.66667	151.0	151.66667	169.0	169.66667	156.33333	144.0	141.66667	146.33333	159.33333	161.0	142.0	99.666664	90.666664	117.0	139.0	148.33333	149.66667	151.66667	151.0	150.33333	151.33333	152.0	151.0	139.66667	124.333336	107.666664	
68.333336	101.333336	114.666664	127.0	139.33333	150.0	160.66667	167.0	163.66667	155.66667	144.66667	159.33333	174.33333	175.0	166.33333	155.66667	151.0	142.33333	138.33333	132.66667	116.666664	104.666664	129.66667	153.66667	150.33333	145.33333	140.33333	143.0	143.0	141.66667	142.0	146.33333	151.33333	142.33333	126.333336	109.666664	
58.0	102.0	119.333336	125.333336	131.66667	142.33333	151.33333	155.0	152.66667	138.33333	140.66667	160.66667	166.33333	169.66667	170.33333	172.0	172.66667	168.0	159.33333	151.66667	149.66667	159.0	163.33333	156.66667	146.33333	133.66667	124.333336	121.333336	122.666664	127.0	151.0	160.33333	159.0	151.0	129.0	112.666664	
43.333332	98.333336	126.0	132.66667	129.0	132.66667	141.66667	140.66667	133.33333	136.0	148.33333	158.0	158.0	160.0	163.33333	169.33333	177.0	183.0	182.33333	179.66667	174.66667	162.33333	142.33333	124.0	113.666664	101.333336	85.0	79.0	93.666664	118.333336	175.66667	179.33333	169.66667	152.33333	124.666664	117.333336	
34.0	89.666664	128.33333	145.66667	139.66667	134.66667	144.0	142.33333	136.0	149.0	144.33333	142.0	142.0	141.66667	139.0	141.0	142.0	144.33333	151.66667	155.66667	140.33333	123.333336	114.666664	120.333336	130.66667	118.0	83.666664	78.333336	98.333336	142.33333	187.33333	186.0	171.33333	144.66667	121.333336	123.0	
32.0	72.333336	125.333336	153.66667	156.33333	145.0	153.66667	157.66667	154.0	168.33333	142.66667	109.0	98.666664	114.666664	125.0	134.0	135.66667	131.66667	133.0	133.33333	137.33333	145.66667	145.33333	155.33333	149.66667	127.333336	93.0	86.666664	112.333336	160.0	182.33333	184.33333	169.66667	131.33333	123.333336	126.0	
39.0	56.333332	111.0	153.0	168.0	156.33333	157.0	168.0	167.0	181.33333	166.33333	115.666664	83.0	119.0	141.33333	158.66667	166.0	165.33333	174.66667	182.0	193.66667	190.66667	168.33333	168.33333	156.33333	135.33333	105.0	84.333336	126.666664	166.66667	173.66667	181.66667	164.0	129.66667	131.0	121.333336	
41.333332	46.333332	86.333336	141.0	171.66667	170.33333	157.0	166.0	175.33333	178.33333	185.0	148.33333	89.666664	109.333336	155.33333	173.66667	182.0	186.0	207.0	209.0	209.0	218.66667	189.0	179.66667	154.66667	123.666664	92.666664	100.0	131.33333	161.66667	171.33333	178.0	148.66667	132.0	130.33333	100.333336	
42.0	48.333332	63.0	116.0	165.33333	181.0	163.66667	159.33333	173.33333	176.33333	183.0	165.0	118.333336	93.0	133.33333	182.0	197.66667	203.0	212.66667	211.0	203.66667	212.33333	185.33333	161.66667	134.33333	104.0	92.333336	106.333336	134.0	154.33333	168.33333	169.0	136.0	133.0	115.666664	65.666664	
45.0	55.333332	55.333332	75.333336	137.0	173.66667	178.66667	162.66667	166.66667	174.33333	177.33333	170.33333	142.33333	104.0	104.666664	148.0	170.66667	186.0	185.0	187.33333	184.33333	180.33333	151.66667	138.33333	118.333336	99.333336	95.0	112.333336	138.33333	147.66667	161.0	149.33333	126.666664	121.333336	81.0	28.0	
41.0	57.333332	60.666668	51.666668	94.333336	150.0	179.0	172.66667	163.66667	173.33333	176.33333	169.0	154.66667	127.333336	104.0	109.333336	126.0	139.66667	137.33333	141.33333	142.0	135.0	126.0	118.0	105.666664	96.333336	100.0	126.0	141.33333	145.66667	149.0	122.333336	117.666664	92.333336	40.0	7.6666665	
44.0	65.0	60.0	53.333332	68.0	104.666664	153.66667	176.33333	167.0	169.66667	175.33333	169.0	159.66667	146.66667	119.333336	109.666664	110.666664	122.333336	138.33333	146.33333	148.0	150.33333	127.666664	111.666664	104.333336	109.333336	119.666664	134.0	144.33333	142.33333	128.33333	107.0	99.0	50.0	14.0	8.666667	
44.0	67.333336	65.0	63.0	63.666668	68.0	110.333336	154.66667	168.0	167.66667	176.66667	170.66667	158.0	153.66667	141.66667	132.33333	126.666664	131.0	141.0	147.0	144.66667	138.0	127.666664	127.666664	131.0	132.0	133.66667	143.0	144.66667	135.33333	112.0	94.333336	62.333332	18.666666	8.666667	20.333334	
45.666668	64.0	63.333332	64.333336	72.666664	68.666664	76.666664	102.333336	145.0	168.0	174.33333	171.33333	160.66667	158.0	152.66667	153.33333	156.0	151.66667	146.33333	146.33333	148.0	150.33333	152.0	150.66667	147.33333	142.66667	146.0	154.0	142.66667	122.333336	94.0	67.0	27.0	10.333333	29.333334	51.0	
53.333332	55.666668	69.0	67.666664	75.666664	85.0	89.0	89.0	96.0	141.66667	165.66667	172.66667	163.33333	163.33333	162.33333	160.66667	162.0	163.33333	166.0	165.33333	165.0	166.66667	165.66667	159.33333	155.33333	152.33333	156.33333	156.33333	135.0	106.0	69.0	33.666668	13.0	22.333334	49.333332	70.666664	
66.666664	55.333332	71.0	80.333336	75.333336	78.666664	87.666664	100.666664	88.0	92.666664	136.66667	169.0	166.33333	166.33333	168.33333	166.66667	164.66667	167.0	171.66667	174.33333	178.66667	177.33333	173.0	167.33333	159.33333	159.0	162.33333	151.33333	121.0	82.333336	40.0	17.333334	35.0	60.0	58.0	60.666668	
71.333336	67.333336	61.666668	79.333336	81.0	78.333336	83.333336	91.666664	88.666664	79.333336	95.0	137.0	161.66667	160.33333	169.0	170.66667	168.0	170.33333	177.0	181.66667	186.66667	185.66667	177.0	167.33333	161.66667	164.33333	161.33333	141.33333	100.333336	47.666668	21.333334	26.0	55.333332	68.666664	70.333336	48.666668	
62.666668	85.333336	69.666664	77.666664	90.0	83.0	81.0	86.333336	97.666664	93.333336	97.666664	111.666664	143.0	158.33333	164.66667	172.66667	170.66667	169.0	176.66667	185.33333	188.33333	186.33333	179.0	168.33333	163.66667	164.33333	151.66667	122.666664	65.333336	28.333334	35.333332	66.666664	67.333336	66.333336	77.333336	49.0	
39.666668	74.333336	83.0	69.0	83.333336	94.666664	91.0	86.0	93.666664	101.0	104.666664	104.0	112.666664	143.66667	155.33333	168.33333	172.66667	170.33333	179.0	188.66667	187.66667	184.33333	179.66667	171.33333	164.0	155.33333	131.33333	84.333336	35.333332	39.0	54.666668	77.333336	74.666664	58.333332	71.333336	64.0	
19.0	41.0	76.666664	69.666664	71.666664	83.333336	95.333336	92.0	88.333336	95.333336	102.0	101.333336	100.666664	112.0	134.0	155.33333	168.0	170.66667	177.0	186.0	183.0	179.0	175.33333	167.66667	152.33333	133.33333	91.0	45.0	41.333332	62.0	70.0	82.333336	72.0	59.0	79.333336	74.666664	
14.0	19.0	45.0	80.666664	77.666664	79.333336	99.0	91.333336	87.0	91.666664	91.0	92.666664	101.666664	100.666664	105.333336	127.333336	148.66667	161.66667	167.0	167.33333	164.33333	160.66667	156.66667	145.0	123.0	88.0	48.666668	49.333332	69.0	67.333336	66.0	79.666664	75.0	75.666664	77.333336	73.666664	
14.0	10.333333	20.333334	58.666668	87.333336	84.333336	98.666664	96.666664	89.333336	91.0	96.333336	93.666664	88.0	98.333336	96.0	97.0	112.666664	125.666664	134.66667	132.0	127.333336	123.0	111.666664	98.0	75.333336	61.0	60.666668	75.0	76.666664	70.666664	77.0	86.333336	78.666664	69.333336	62.666668	70.0	
