37.666668	43.666668	51.333332	52.666668	52.333332	55.0	57.333332	60.0	63.0	65.333336	67.666664	66.0	64.0	60.666668	51.666668	39.0	38.0	44.333332	54.666668	58.0	59.333332	54.666668	50.666668	42.333332	37.0	34.0	30.333334	36.666668	32.666668	26.666666	29.333334	32.333332	40.666668	49.666668	54.666668	39.666668	
55.0	65.0	64.666664	60.0	61.666668	62.666668	62.333332	64.333336	66.333336	70.666664	71.0	66.333336	64.666664	58.666668	51.666668	41.0	42.0	52.333332	62.666668	65.333336	68.666664	64.666664	61.666668	55.0	48.333332	36.666668	33.0	36.666668	23.666666	22.666666	27.333334	30.333334	41.666668	48.666668	48.333332	36.333332	
84.0	87.333336	76.0	69.666664	69.333336	69.333336	69.666664	70.0	68.666664	74.0	73.666664	69.666664	71.333336	67.0	61.0	50.666668	51.666668	64.666664	73.666664	74.0	76.666664	73.333336	67.666664	65.666664	57.333332	43.0	42.333332	42.666668	27.666666	21.666666	25.0	29.0	43.0	47.333332	38.333332	34.333332	
108.666664	99.333336	89.0	80.666664	76.666664	74.333336	73.666664	74.0	74.0	74.666664	71.666664	67.333336	67.333336	64.666664	65.0	61.333332	64.666664	72.333336	77.0	78.333336	82.666664	80.0	74.0	71.333336	61.333332	51.333332	50.666668	46.0	30.666666	21.666666	23.666666	31.666666	43.333332	43.333332	34.333332	35.666668	
125.0	104.333336	90.333336	83.666664	80.666664	75.0	70.333336	69.333336	70.0	69.0	67.0	67.666664	68.333336	69.666664	74.0	75.666664	79.333336	79.0	78.333336	79.666664	86.333336	88.666664	86.0	78.0	71.666664	64.666664	56.333332	49.333332	33.333332	24.666666	29.666666	41.333332	46.333332	41.666668	35.0	33.0	
129.0	102.666664	92.666664	91.666664	85.666664	79.0	72.666664	71.0	71.0	73.0	72.333336	72.0	72.666664	73.666664	79.666664	83.0	86.333336	83.666664	82.333336	86.0	91.333336	96.333336	94.0	88.333336	80.333336	68.0	56.0	48.0	37.0	29.0	33.666668	37.0	37.666668	41.0	40.666668	33.0	
127.666664	104.666664	95.666664	90.666664	82.666664	77.333336	72.333336	72.333336	72.333336	71.333336	71.0	70.333336	70.666664	71.333336	79.333336	84.0	85.0	87.333336	88.333336	93.666664	96.0	101.666664	101.333336	96.666664	90.0	73.666664	60.666668	48.333332	34.333332	28.666666	33.666668	31.666666	29.333334	32.0	37.666668	33.666668	
128.33333	109.666664	96.666664	86.666664	79.666664	73.666664	70.333336	71.666664	72.666664	71.333336	71.0	72.0	73.666664	76.666664	81.666664	87.333336	90.333336	94.666664	97.0	100.333336	103.0	107.666664	100.333336	95.666664	96.0	83.666664	72.0	55.666668	34.333332	25.0	29.666666	29.666666	24.0	24.333334	31.333334	33.666668	
134.33333	120.333336	103.666664	88.0	76.666664	71.0	68.666664	71.0	73.0	72.0	71.0	73.0	74.666664	77.666664	79.333336	84.333336	91.0	94.666664	98.333336	105.333336	112.0	112.333336	99.666664	97.0	99.666664	90.333336	80.333336	63.666668	42.0	29.333334	27.333334	25.666666	23.666666	23.666666	27.666666	29.666666	
135.66667	116.333336	94.0	83.666664	74.333336	71.0	70.666664	71.0	70.0	70.0	71.0	71.333336	71.666664	69.333336	63.666668	64.666664	71.333336	77.333336	82.333336	93.666664	105.0	112.333336	108.666664	104.333336	103.666664	96.0	89.0	70.0	51.666668	33.666668	24.0	23.666666	22.666666	24.333334	25.666666	28.666666	
94.333336	71.0	57.666668	63.333332	69.0	70.666664	69.0	68.666664	68.333336	70.666664	72.0	67.666664	60.0	47.666668	35.0	28.333334	30.0	34.666668	38.0	45.333332	57.0	75.0	94.0	106.666664	106.666664	103.666664	93.0	78.333336	63.333332	42.666668	25.0	21.333334	22.333334	22.333334	22.0	24.0	
38.0	30.0	29.666666	38.0	53.666668	64.333336	67.666664	68.333336	67.0	69.666664	69.666664	60.333332	45.666668	36.0	30.0	24.0	19.666666	20.0	20.0	20.0	24.0	34.333332	53.0	77.333336	100.0	112.0	102.666664	90.333336	74.333336	54.333332	31.0	21.666666	23.0	21.666666	24.333334	22.666666	
36.0	33.666668	32.0	31.0	38.333332	52.0	60.666668	64.333336	62.333332	64.0	64.0	50.333332	38.0	40.666668	42.666668	39.666668	35.333332	36.0	38.333332	40.0	40.0	43.333332	48.0	54.666668	67.666664	96.666664	111.666664	108.0	89.666664	68.0	40.666668	24.666666	21.333334	22.666666	28.333334	22.333334	
60.666668	55.666668	51.333332	45.0	40.666668	45.666668	55.333332	61.666668	59.666668	61.666668	60.666668	49.0	45.333332	52.666668	59.333332	56.333332	52.666668	50.0	52.333332	59.0	61.333332	66.0	68.0	68.666664	75.666664	83.666664	103.333336	116.333336	108.333336	82.666664	50.0	28.0	22.0	25.0	30.666666	25.666666	
75.666664	63.333332	55.666668	50.666668	50.666668	50.0	52.333332	59.333332	62.333332	65.333336	64.666664	58.333332	56.666668	61.0	63.0	54.666668	43.333332	31.0	31.666666	37.333332	50.0	58.666668	73.0	83.0	86.333336	90.333336	100.0	116.0	119.333336	96.0	61.666668	34.666668	23.666666	25.0	27.666666	24.666666	
62.0	46.0	36.0	29.666666	33.0	43.666668	50.666668	64.666664	73.666664	75.333336	78.0	70.333336	63.666668	60.0	54.0	43.666668	26.333334	19.0	20.0	21.0	29.666666	41.666668	55.666668	73.333336	88.666664	98.666664	108.0	118.333336	122.333336	108.666664	76.333336	45.666668	29.666666	24.666666	24.666666	22.666666	
49.0	33.333332	27.333334	24.0	25.333334	30.333334	39.0	65.666664	84.0	90.333336	93.666664	81.0	64.666664	54.333332	46.333332	34.666668	26.333334	30.333334	22.666666	14.666667	23.0	34.333332	47.666668	54.666668	74.0	92.666664	107.333336	120.0	124.333336	117.333336	88.0	58.0	37.333332	26.333334	23.0	21.333334	
40.666668	45.333332	29.333334	21.666666	26.666666	33.333332	32.666668	70.666664	88.333336	95.666664	99.333336	86.666664	67.333336	55.333332	47.333332	34.333332	33.333332	47.333332	32.333332	24.666666	32.333332	52.333332	55.0	53.333332	57.0	81.0	104.666664	117.666664	126.0	124.666664	103.0	72.666664	46.333332	29.666666	23.666666	22.333334	
77.333336	72.0	33.0	29.666666	39.666668	39.333332	46.333332	86.0	90.333336	106.333336	109.0	92.0	74.666664	63.0	50.666668	32.0	34.0	55.666668	52.666668	45.333332	62.0	89.666664	81.666664	75.333336	67.666664	80.333336	97.333336	113.666664	122.666664	125.333336	114.333336	90.0	58.666668	35.666668	26.0	23.333334	
96.0	83.0	46.333332	41.333332	44.0	36.333332	72.666664	92.0	90.0	114.666664	117.666664	100.0	82.0	66.0	52.666668	38.333332	37.666668	47.333332	53.0	56.666668	67.0	75.666664	91.0	108.0	92.666664	90.0	102.333336	114.666664	124.333336	130.33333	127.333336	112.333336	80.666664	49.0	30.666666	24.0	
97.0	66.333336	51.0	43.666668	36.333332	43.333332	96.666664	86.333336	96.0	130.0	130.0	112.666664	95.333336	75.666664	56.333332	44.0	40.666668	45.0	52.666668	59.666668	69.333336	81.333336	101.0	119.333336	120.333336	114.333336	111.0	118.0	126.333336	132.66667	135.66667	130.66667	109.666664	72.333336	38.0	25.333334	
130.66667	84.0	57.666668	45.333332	42.333332	67.333336	110.0	88.0	109.666664	141.66667	141.33333	125.333336	108.333336	92.333336	73.0	55.333332	49.0	52.0	60.333332	69.0	79.333336	94.0	108.666664	122.666664	130.66667	131.0	126.333336	129.33333	134.33333	137.33333	139.33333	139.66667	130.0	97.333336	53.0	26.666666	
140.66667	99.0	74.0	58.0	55.0	94.666664	113.0	96.0	121.666664	147.33333	147.33333	135.0	121.666664	108.0	92.666664	73.0	62.666668	61.666668	69.666664	79.333336	89.0	102.0	113.0	124.666664	134.0	137.33333	138.66667	142.33333	146.0	144.0	143.33333	144.33333	136.0	112.333336	65.666664	28.666666	
137.0	112.0	87.333336	66.0	69.333336	115.333336	109.666664	108.0	130.33333	149.66667	148.66667	139.0	130.33333	115.333336	103.666664	88.333336	76.0	71.666664	77.333336	85.333336	91.0	101.666664	112.666664	123.333336	134.0	141.33333	147.33333	151.33333	153.0	149.33333	145.33333	143.66667	136.0	118.666664	73.333336	31.0	
130.33333	105.0	81.333336	70.333336	85.333336	124.333336	101.333336	113.666664	139.0	152.66667	148.33333	135.33333	130.0	119.666664	109.0	96.333336	83.0	77.333336	79.333336	83.0	89.0	99.0	111.333336	118.333336	129.33333	140.66667	149.0	154.0	151.33333	149.66667	149.33333	143.66667	133.66667	119.666664	79.666664	35.333332	
118.333336	91.666664	79.0	73.666664	105.666664	120.333336	95.666664	115.333336	137.33333	155.66667	155.0	136.33333	125.0	118.666664	110.666664	99.0	89.0	82.666664	80.666664	81.666664	88.0	98.666664	110.0	114.333336	124.333336	133.0	140.66667	148.66667	148.33333	148.0	150.66667	144.0	131.0	117.0	81.333336	43.0	
103.333336	90.0	82.666664	78.666664	121.0	110.333336	96.0	117.666664	135.0	149.66667	153.66667	144.33333	126.0	110.666664	103.0	97.333336	92.666664	88.333336	85.333336	83.0	85.333336	96.333336	105.0	109.0	118.0	126.666664	132.66667	140.33333	144.33333	146.33333	149.66667	143.33333	131.33333	117.333336	83.333336	50.0	
104.0	94.333336	84.333336	81.0	119.666664	99.0	90.666664	107.0	119.333336	128.33333	133.0	144.0	138.33333	105.0	88.666664	87.333336	88.333336	87.666664	89.0	89.0	89.333336	99.333336	105.333336	107.333336	114.666664	123.333336	128.33333	133.0	138.0	139.66667	142.66667	138.66667	131.0	120.333336	89.333336	58.0	
109.666664	95.333336	82.666664	72.0	104.0	91.666664	78.333336	89.333336	92.333336	93.333336	103.0	126.666664	139.33333	103.333336	76.333336	77.0	81.333336	86.666664	90.666664	94.0	96.333336	103.0	107.333336	110.666664	109.333336	121.0	126.333336	127.0	131.66667	134.0	135.0	135.66667	135.0	126.666664	102.666664	88.666664	
111.0	92.333336	78.0	63.666668	79.333336	79.0	72.0	74.0	69.666664	52.666668	52.666668	82.666664	115.666664	95.666664	71.0	70.333336	76.333336	84.0	89.333336	94.333336	104.666664	109.333336	111.333336	113.666664	107.0	119.0	126.666664	126.333336	128.0	130.33333	132.0	138.0	140.33333	134.66667	124.333336	119.333336	
113.333336	94.0	76.0	60.0	56.666668	58.0	65.0	68.333336	58.0	50.333332	43.0	53.666668	80.333336	80.666664	72.666664	69.0	72.0	80.666664	91.0	97.333336	106.0	112.666664	114.0	117.333336	115.666664	118.666664	127.0	126.666664	128.66667	128.66667	133.33333	141.0	144.33333	142.0	136.0	123.333336	
116.333336	94.333336	73.666664	60.333332	56.333332	63.0	76.0	69.0	56.0	66.333336	73.0	70.666664	77.0	85.0	86.333336	75.666664	71.666664	81.333336	91.666664	103.0	109.666664	113.666664	120.333336	124.0	124.0	121.666664	126.0	125.666664	131.33333	134.33333	140.33333	146.0	150.0	144.33333	135.66667	113.333336	
118.666664	95.333336	75.0	61.666668	63.0	80.0	96.333336	67.666664	59.666668	84.333336	106.333336	110.0	108.666664	105.333336	103.0	91.666664	80.333336	84.666664	90.333336	100.666664	111.333336	113.666664	122.666664	128.66667	130.0	129.0	129.33333	128.0	135.0	139.33333	145.0	151.33333	151.33333	144.66667	131.33333	107.0	
121.333336	97.0	75.666664	65.0	78.0	100.333336	101.333336	67.0	63.0	85.333336	104.333336	112.333336	115.666664	113.333336	110.333336	105.666664	95.0	88.666664	93.0	102.0	112.333336	116.333336	125.0	128.33333	131.66667	133.0	131.0	131.33333	136.33333	141.66667	148.33333	154.33333	151.0	143.0	124.666664	93.666664	
128.66667	100.333336	80.333336	78.666664	99.333336	112.666664	102.666664	78.666664	76.333336	95.0	107.333336	110.666664	111.333336	112.0	116.333336	113.333336	109.333336	103.333336	100.666664	105.0	112.0	118.666664	127.666664	132.0	133.66667	134.66667	134.66667	138.66667	138.66667	142.66667	152.0	156.33333	150.66667	138.66667	107.666664	76.0	
130.0	101.666664	88.333336	98.666664	112.666664	114.333336	85.333336	75.666664	71.333336	73.333336	88.333336	105.666664	118.666664	120.666664	113.666664	112.333336	112.666664	112.0	109.666664	108.666664	113.333336	119.333336	124.666664	132.66667	135.33333	137.33333	138.33333	140.33333	143.0	145.33333	153.33333	156.66667	152.33333	135.66667	100.0	82.666664	
134.66667	106.0	98.666664	109.333336	116.666664	84.0	54.666668	49.0	43.666668	45.333332	51.333332	61.0	84.666664	112.0	115.0	111.666664	109.0	108.0	113.666664	116.333336	116.666664	124.0	128.0	133.33333	136.33333	136.33333	141.33333	143.66667	147.0	149.0	155.0	155.33333	153.66667	131.66667	103.333336	98.333336	
142.33333	111.0	105.666664	105.333336	93.333336	53.666668	49.0	39.333332	37.0	39.333332	43.0	40.666668	44.0	58.333332	83.333336	102.666664	100.666664	95.666664	104.333336	114.0	116.666664	121.666664	127.0	135.0	139.66667	134.66667	141.66667	146.66667	148.0	149.66667	153.66667	155.0	154.0	127.666664	113.333336	113.0	
150.0	117.0	102.666664	83.333336	58.333332	37.333332	36.0	38.333332	49.0	45.666668	51.333332	51.333332	44.0	39.333332	42.0	57.666668	68.333336	71.666664	89.0	110.333336	117.666664	120.333336	126.0	134.0	138.33333	136.33333	141.33333	143.66667	147.66667	147.0	150.66667	154.0	148.0	125.333336	119.333336	124.333336	
150.66667	120.0	94.0	61.333332	37.666668	27.666666	31.666666	56.333332	72.333336	65.666664	74.0	73.333336	59.333332	51.666668	32.666668	35.0	40.0	47.666668	66.333336	99.666664	116.666664	123.0	131.0	135.66667	139.33333	139.66667	140.0	140.33333	144.0	141.66667	146.0	149.33333	141.66667	130.0	127.333336	138.0	
161.33333	125.666664	87.0	54.0	35.0	23.0	25.666666	47.333332	56.666668	53.333332	59.0	57.0	46.666668	48.666668	43.0	55.0	67.333336	87.0	79.666664	90.0	113.0	122.0	128.33333	134.66667	138.0	139.0	140.0	138.33333	138.66667	139.66667	145.0	143.0	137.33333	136.33333	140.0	149.0	
176.66667	134.33333	90.333336	58.333332	56.0	52.0	51.666668	49.666668	45.666668	40.666668	43.333332	51.333332	60.0	68.666664	77.0	90.333336	106.333336	108.666664	98.666664	97.333336	109.666664	121.0	129.33333	134.66667	137.33333	137.66667	138.33333	134.33333	131.0	137.66667	138.33333	133.33333	136.0	138.0	142.66667	151.0	
187.66667	149.33333	95.333336	64.666664	68.666664	82.666664	82.666664	70.666664	60.333332	57.666668	61.333332	62.0	67.333336	77.0	91.0	104.333336	112.0	104.333336	105.666664	105.0	108.666664	117.333336	128.66667	132.33333	133.66667	137.0	136.33333	132.0	127.333336	130.33333	125.0	123.666664	133.66667	137.66667	144.0	157.0	
189.66667	171.66667	107.666664	71.333336	68.666664	83.333336	82.333336	61.666668	52.333332	55.333332	56.333332	59.333332	66.666664	80.333336	94.0	103.333336	102.666664	100.0	106.0	107.666664	107.666664	116.0	123.666664	130.33333	135.33333	139.66667	135.33333	132.33333	128.0	120.333336	116.666664	120.0	134.33333	144.66667	148.0	160.33333	
168.66667	200.0	140.0	81.333336	66.666664	73.333336	74.666664	61.0	51.666668	49.333332	53.0	58.666668	64.666664	73.666664	80.666664	89.333336	92.333336	98.333336	103.333336	106.0	107.333336	116.333336	123.666664	129.66667	136.66667	140.0	136.33333	134.66667	125.0	116.0	121.666664	124.666664	138.0	152.0	153.33333	164.0	
146.0	222.0	173.33333	90.666664	67.0	63.666668	65.666664	59.333332	50.333332	47.333332	49.0	51.0	54.0	60.0	66.333336	77.0	83.0	91.666664	98.666664	95.666664	99.333336	117.666664	128.0	133.66667	139.33333	139.66667	136.66667	128.66667	121.333336	125.333336	133.0	129.33333	138.33333	151.66667	156.0	164.33333	
134.33333	155.66667	111.0	79.666664	75.0	63.333332	61.333332	58.666668	52.333332	48.666668	47.666668	48.0	49.333332	54.0	60.666668	71.0	79.333336	88.0	93.666664	88.0	92.333336	118.0	131.33333	136.66667	140.33333	139.0	129.33333	123.333336	127.333336	132.0	130.0	125.666664	128.0	152.66667	162.33333	156.33333	
78.0	82.666664	60.333332	50.0	78.333336	70.333336	62.333332	61.666668	55.666668	51.0	50.0	50.666668	53.666668	60.666668	63.333332	71.333336	82.333336	94.333336	99.333336	103.333336	109.666664	122.666664	137.0	136.66667	137.66667	135.33333	124.666664	127.0	133.33333	135.0	128.33333	124.666664	123.0	152.0	167.0	150.66667	
70.333336	66.0	44.0	26.333334	53.0	75.0	69.666664	68.0	65.333336	61.333332	56.0	56.0	59.333332	71.0	77.666664	85.666664	96.666664	106.666664	111.0	114.666664	119.333336	128.33333	136.33333	135.0	133.33333	126.333336	125.333336	130.33333	129.66667	133.0	129.33333	126.0	129.33333	155.33333	172.0	139.0	
