32.666668	48.333332	60.0	62.666668	56.0	54.333332	58.0	61.333332	61.0	59.333332	58.0	55.333332	55.0	51.0	49.666668	49.666668	109.0	210.33333	73.333336	40.333332	104.333336	202.33333	127.333336	188.66667	197.0	104.666664	18.0	16.0	16.0	15.333333	16.333334	15.333333	13.333333	13.333333	13.333333	12.333333	
32.666668	46.666668	58.0	60.0	54.0	54.0	59.0	62.666668	62.0	60.0	57.0	55.333332	55.0	52.333332	50.0	50.333332	135.0	182.33333	48.0	42.333332	130.66667	210.0	67.0	97.0	201.66667	153.33333	28.333334	14.666667	15.0	14.333333	15.333333	15.333333	14.333333	14.333333	13.333333	12.333333	
31.0	45.0	55.0	56.0	50.333332	54.333332	60.666668	64.0	63.0	60.0	57.0	56.333332	56.0	54.0	54.0	50.666668	73.0	94.666664	43.0	47.0	143.33333	189.0	60.0	26.0	102.0	164.0	41.666668	15.333333	14.333333	13.666667	14.666667	15.333333	15.333333	14.333333	12.333333	12.0	
32.0	44.333332	52.666668	53.666668	48.333332	52.666668	59.666668	62.0	62.0	62.0	61.333332	60.333332	58.666668	56.666668	56.0	53.666668	48.333332	48.333332	47.333332	42.333332	51.333332	49.666668	24.666666	17.666666	28.0	48.666668	22.0	16.0	16.0	16.666666	14.666667	14.333333	14.333333	14.333333	12.0	11.666667	
32.0	43.0	50.333332	50.333332	45.0	50.666668	59.0	64.333336	64.0	65.666664	66.333336	64.666664	60.333332	57.0	55.333332	54.333332	48.333332	47.666668	48.666668	44.666668	30.666666	22.666666	17.333334	18.0	18.0	17.0	17.0	16.666666	17.333334	17.333334	15.0	14.0	13.333333	12.333333	12.0	11.666667	
32.0	43.333332	49.666668	47.333332	40.0	48.666668	61.0	68.0	68.333336	68.333336	66.666664	65.333336	62.0	58.0	55.666668	54.333332	49.0	46.666668	47.666668	45.0	31.666666	21.333334	17.0	19.333334	20.0	16.666666	16.333334	16.666666	17.0	17.333334	17.666666	14.666667	12.333333	12.333333	12.0	11.666667	
31.666666	42.666668	46.666668	45.333332	38.333332	50.333332	60.0	66.333336	70.333336	69.0	66.0	65.0	63.0	59.333332	56.0	54.0	49.666668	47.666668	46.0	44.666668	31.333334	21.666666	17.0	16.666666	17.666666	18.333334	17.666666	16.666666	16.0	18.333334	18.333334	16.333334	13.333333	12.333333	12.0	11.666667	
30.333334	39.0	43.333332	42.0	35.666668	48.333332	61.0	66.0	67.333336	69.0	68.666664	64.666664	61.333332	57.0	52.333332	51.333332	48.0	47.0	47.0	41.333332	32.666668	29.333334	25.333334	24.333334	20.666666	19.0	16.666666	16.333334	15.666667	17.333334	16.333334	15.333333	14.333333	13.333333	12.0	12.666667	
29.0	37.0	40.333332	38.666668	35.666668	51.0	65.666664	67.666664	64.666664	62.0	63.333332	57.0	55.0	52.666668	49.666668	48.666668	46.666668	47.333332	47.666668	44.333332	42.0	38.0	32.666668	29.0	21.666666	16.666666	13.333333	15.0	14.666667	15.333333	16.333334	14.333333	14.333333	14.333333	13.0	11.666667	
26.333334	34.333332	37.333332	34.666668	37.0	56.666668	70.666664	65.0	59.0	54.666668	55.333332	52.666668	51.0	49.0	46.333332	43.0	39.0	39.333332	39.0	36.666668	37.0	34.666668	30.0	27.333334	21.333334	18.0	14.666667	13.333333	11.333333	11.0	13.333333	13.0	13.333333	14.333333	14.0	12.666667	
24.0	31.333334	34.666668	32.0	44.666668	64.666664	63.333332	54.666668	51.666668	49.333332	43.0	35.333332	31.0	28.0	27.0	27.333334	25.0	27.333334	31.0	30.0	31.333334	29.666666	25.333334	22.333334	18.666666	18.666666	17.0	15.333333	14.666667	14.333333	13.0	11.333333	10.333333	12.333333	13.0	14.0	
24.666666	30.666666	34.0	33.0	48.666668	57.666668	49.666668	41.0	32.666668	22.666666	16.0	8.666667	6.6666665	6.0	5.3333335	6.6666665	6.6666665	8.333333	13.0	15.333333	21.666666	23.333334	24.0	29.666666	27.333334	23.0	17.333334	14.0	15.0	16.666666	16.333334	13.666667	10.333333	9.333333	10.0	12.0	
23.333334	30.333334	36.333332	41.333332	47.666668	40.333332	24.666666	12.0	7.0	4.0	2.3333333	1.6666666	1.3333334	1.6666666	2.6666667	2.3333333	1.6666666	1.6666666	2.0	2.0	1.0	1.3333334	2.6666667	5.0	9.0	16.0	21.0	22.666666	18.333334	15.0	15.333333	14.0	15.0	13.333333	10.666667	10.0	
24.0	32.333332	45.666668	45.333332	29.0	13.666667	4.3333335	2.0	1.3333334	2.6666667	3.6666667	5.0	6.3333335	11.0	13.333333	13.333333	13.333333	14.0	12.666667	10.0	6.3333335	4.0	3.0	2.6666667	2.6666667	3.3333333	3.6666667	8.666667	15.0	17.666666	16.0	13.333333	15.0	14.333333	14.0	13.0	
22.333334	29.666666	41.333332	36.666668	20.333334	17.666666	12.666667	5.6666665	3.6666667	4.3333335	7.6666665	13.0	16.333334	25.0	31.333334	38.0	43.666668	51.0	58.333332	60.0	54.333332	49.666668	38.333332	23.333334	13.666667	7.6666665	5.0	3.6666667	2.0	3.6666667	9.0	10.666667	11.0	10.666667	12.333333	15.0	
20.666666	25.666666	26.666666	26.333334	27.666666	27.666666	45.666668	52.666668	19.333334	8.666667	8.0	14.666667	31.333334	55.333332	73.666664	91.0	96.666664	106.0	121.0	124.333336	126.0	130.0	124.0	106.333336	89.333336	68.333336	48.0	27.666666	12.0	4.6666665	2.6666667	3.0	5.6666665	5.3333335	5.6666665	10.0	
19.0	23.333334	26.666666	51.333332	72.0	37.333332	74.666664	120.666664	115.0	90.666664	68.0	52.666668	47.333332	61.333332	75.0	91.0	103.666664	114.333336	130.33333	133.66667	132.0	135.0	129.66667	119.666664	117.666664	120.666664	110.0	87.333336	57.333332	28.0	9.0	3.3333333	1.3333334	2.6666667	3.6666667	3.6666667	
17.0	20.666666	26.666666	75.333336	133.0	65.333336	97.0	140.66667	161.0	167.33333	159.0	132.0	93.333336	64.0	62.333332	74.333336	83.333336	99.666664	122.0	128.66667	125.0	119.333336	110.0	93.333336	82.666664	78.0	65.333336	51.0	45.333332	37.666668	26.666666	14.666667	8.0	9.666667	13.333333	10.333333	
18.333334	23.333334	28.0	71.333336	117.666664	89.0	125.333336	142.33333	151.0	163.33333	157.0	131.33333	113.666664	91.0	74.666664	72.666664	82.333336	101.333336	123.0	124.666664	119.0	105.333336	89.333336	76.333336	64.333336	45.0	40.0	55.333332	73.333336	66.666664	55.666668	44.666668	35.0	29.333334	31.666666	25.666666	
21.666666	27.666666	31.666666	70.333336	129.66667	113.666664	143.33333	148.33333	130.66667	100.666664	94.666664	63.333332	45.333332	43.0	54.666668	60.333332	87.0	125.333336	141.0	132.33333	119.666664	100.0	73.0	55.333332	56.666668	56.0	76.333336	103.0	111.0	98.333336	80.666664	60.0	45.666668	44.333332	48.666668	41.333332	
25.0	29.333334	33.0	72.333336	156.0	126.333336	155.66667	155.66667	116.333336	96.333336	128.33333	82.0	24.333334	47.666668	101.0	68.666664	86.333336	141.33333	171.0	151.33333	120.333336	93.666664	65.0	54.333332	52.0	56.666668	55.0	43.666668	47.0	54.0	62.666668	62.666668	47.0	43.333332	54.666668	54.0	
26.0	30.333334	33.333332	73.333336	146.0	105.333336	163.0	169.66667	159.33333	162.0	154.0	125.333336	80.0	94.0	113.666664	92.0	120.333336	168.66667	180.0	148.33333	111.666664	87.0	67.333336	71.666664	69.666664	108.0	107.0	29.0	18.0	36.333332	30.0	37.0	45.666668	52.666668	61.666668	59.666668	
23.333334	28.666666	32.0	70.333336	125.0	107.333336	164.0	184.0	187.66667	187.33333	170.66667	137.33333	113.666664	103.0	100.666664	118.666664	153.66667	177.0	173.66667	140.0	103.666664	82.666664	75.333336	86.666664	93.0	98.333336	109.333336	70.333336	56.333332	71.666664	56.666668	45.333332	50.666668	66.333336	70.666664	58.333332	
21.0	24.0	28.0	69.333336	138.66667	119.666664	161.33333	189.0	193.66667	190.66667	173.0	149.0	129.0	124.0	130.0	150.66667	174.33333	188.0	174.66667	132.33333	103.0	85.666664	81.666664	85.333336	105.666664	98.0	95.0	89.0	85.0	80.333336	80.0	81.666664	78.333336	81.666664	75.0	52.666668	
18.333334	19.666666	22.666666	59.333332	148.66667	129.0	158.33333	192.0	196.33333	194.66667	185.0	171.33333	154.33333	144.66667	163.33333	185.0	193.0	196.66667	168.66667	127.333336	102.0	92.0	92.0	90.666664	99.666664	107.333336	100.666664	97.0	93.0	95.666664	100.333336	101.333336	102.0	93.333336	75.666664	47.333332	
16.333334	17.666666	19.0	45.666668	149.33333	162.0	160.33333	194.66667	201.33333	194.66667	183.33333	172.33333	166.33333	175.33333	189.0	198.33333	199.33333	189.0	161.66667	127.666664	100.666664	91.333336	97.0	102.333336	107.666664	111.333336	109.0	108.333336	108.333336	112.333336	118.666664	118.0	110.0	93.333336	69.333336	45.666668	
13.333333	15.0	17.666666	40.333332	153.33333	171.33333	156.33333	189.66667	205.33333	199.66667	184.33333	179.33333	183.0	188.0	191.66667	197.66667	192.66667	178.0	154.66667	128.33333	106.333336	92.0	89.666664	100.0	111.666664	117.333336	115.333336	116.666664	119.333336	126.333336	133.33333	127.333336	109.666664	88.333336	58.666668	42.666668	
11.333333	13.666667	19.0	38.0	145.66667	172.66667	153.0	181.66667	201.66667	201.33333	189.66667	187.33333	188.0	185.0	179.66667	183.33333	183.0	176.0	155.66667	133.33333	115.333336	100.0	90.666664	90.666664	111.666664	124.666664	120.666664	119.0	120.666664	129.0	130.33333	120.0	103.666664	77.666664	51.333332	41.333332	
10.666667	12.666667	20.0	30.0	118.0	174.0	152.0	174.66667	193.0	200.0	196.0	192.0	186.66667	168.66667	157.33333	178.66667	187.0	175.33333	161.66667	144.33333	122.333336	109.333336	97.333336	84.333336	98.333336	132.33333	129.33333	126.0	124.666664	126.666664	120.333336	109.333336	92.666664	64.666664	48.0	40.0	
10.333333	12.0	20.666666	27.666666	71.0	155.33333	154.0	169.66667	185.33333	197.0	197.33333	189.0	173.0	147.33333	163.33333	191.66667	195.66667	184.33333	178.33333	166.66667	135.66667	117.666664	107.333336	98.0	86.0	125.0	133.33333	127.333336	124.333336	126.333336	117.0	98.666664	77.666664	57.333332	46.0	43.0	
10.333333	12.333333	20.666666	28.0	38.0	75.333336	138.0	164.66667	179.33333	194.66667	194.0	176.33333	155.33333	148.0	154.0	126.666664	130.0	146.66667	141.0	131.0	112.0	91.333336	82.0	84.666664	66.333336	97.666664	129.66667	127.666664	122.333336	119.0	107.333336	85.666664	68.333336	53.666668	44.0	49.0	
11.0	13.666667	20.666666	28.333334	34.666668	46.333332	124.333336	161.33333	175.66667	189.33333	182.66667	160.33333	149.33333	169.33333	153.33333	95.0	89.666664	103.666664	96.666664	77.0	59.0	42.666668	37.0	49.0	50.666668	91.0	126.0	127.666664	121.666664	114.0	99.0	78.0	63.666668	51.666668	41.666668	37.333332	
11.333333	16.0	24.0	32.0	36.333332	44.666668	117.0	154.66667	171.0	178.66667	169.0	147.66667	157.33333	187.0	186.66667	160.66667	153.66667	144.33333	104.0	65.333336	63.666668	62.333332	59.333332	70.666664	82.333336	102.666664	118.666664	123.333336	116.666664	107.666664	93.666664	73.0	62.333332	50.0	39.666668	16.333334	
12.0	18.333334	27.666666	33.333332	38.666668	41.0	108.0	146.0	157.33333	164.33333	157.33333	150.33333	169.66667	185.0	186.0	179.0	163.33333	143.0	110.333336	97.333336	102.666664	83.333336	76.333336	86.333336	91.0	99.0	108.0	109.0	104.333336	96.333336	82.666664	67.0	56.666668	44.333332	36.0	9.333333	
11.666667	18.666666	28.333334	34.0	39.0	41.333332	96.0	138.66667	146.33333	155.33333	150.0	152.0	161.33333	169.33333	169.33333	160.66667	144.0	129.33333	95.666664	94.333336	110.666664	84.333336	75.333336	75.666664	83.333336	89.666664	92.666664	92.0	89.666664	81.0	72.666664	61.333332	50.0	38.0	29.666666	5.0	
10.666667	19.0	29.666666	48.333332	43.666668	34.333332	76.333336	136.0	138.33333	144.66667	140.66667	147.0	146.33333	148.66667	158.66667	161.66667	157.66667	148.0	110.0	110.333336	131.66667	98.333336	82.333336	72.666664	70.0	69.666664	71.666664	75.0	76.666664	66.666664	63.0	54.666668	44.0	37.666668	24.333334	3.6666667	
13.333333	23.0	45.666668	55.666668	17.0	8.666667	54.333332	136.33333	133.33333	136.33333	130.0	129.33333	133.33333	158.33333	165.0	155.33333	144.66667	137.0	131.33333	125.333336	114.333336	95.0	90.333336	86.666664	75.0	61.0	61.333332	65.333336	66.666664	59.666668	55.333332	48.666668	39.0	36.666668	18.0	4.0	
17.0	38.666668	72.0	44.333332	6.6666665	4.3333335	60.333332	135.0	133.66667	135.33333	127.0	106.0	102.0	124.0	116.0	95.333336	85.333336	85.666664	92.0	77.0	64.0	55.333332	53.0	51.333332	55.0	49.0	53.666668	56.666668	59.0	54.0	50.333332	44.0	34.0	35.333332	13.333333	4.6666665	
30.666666	76.666664	82.0	35.666668	4.6666665	5.6666665	81.333336	135.0	131.33333	137.33333	126.333336	112.333336	132.33333	157.66667	167.33333	140.33333	112.333336	108.666664	97.0	91.666664	80.333336	64.0	55.333332	50.0	43.333332	42.666668	53.666668	58.0	61.0	50.333332	47.666668	38.333332	34.333332	34.0	9.666667	4.6666665	
73.0	91.333336	72.0	31.0	4.6666665	7.3333335	101.0	141.66667	125.333336	131.66667	123.333336	129.0	153.66667	173.0	187.66667	176.33333	159.66667	146.0	137.33333	139.66667	120.666664	100.333336	90.333336	84.0	74.333336	67.333336	62.666668	61.0	58.666668	47.333332	42.333332	32.666668	33.0	31.333334	8.0	4.6666665	
90.666664	88.0	69.333336	36.333332	6.0	13.666667	118.0	152.0	123.333336	123.333336	124.666664	138.66667	157.33333	158.0	165.0	153.66667	142.33333	138.66667	136.0	134.66667	111.666664	98.0	88.0	80.666664	71.333336	72.666664	64.0	60.0	53.333332	46.666668	36.0	29.666666	36.333332	27.0	6.0	5.3333335	
91.666664	87.0	68.333336	42.333332	7.6666665	28.666666	135.66667	158.33333	130.33333	115.666664	125.0	133.33333	142.33333	141.0	134.66667	111.666664	80.0	67.666664	71.0	66.333336	65.333336	63.0	62.0	67.0	72.0	69.0	59.666668	52.333332	44.333332	41.333332	27.666666	27.333334	36.333332	22.0	5.6666665	6.3333335	
91.0	89.0	74.0	46.666668	10.0	48.0	146.0	157.66667	140.66667	110.666664	119.0	129.0	135.0	135.33333	126.333336	95.333336	70.666664	64.333336	63.333332	68.0	76.0	71.333336	72.666664	71.333336	64.333336	66.0	55.0	47.0	40.666668	29.0	23.0	28.333334	34.666668	16.333334	6.0	6.0	
90.333336	86.333336	76.666664	50.666668	12.666667	58.0	148.0	154.33333	145.0	117.0	107.666664	123.666664	133.66667	137.0	128.66667	113.333336	100.666664	87.333336	82.666664	86.666664	84.666664	82.0	80.0	73.666664	62.666668	59.333332	45.0	38.666668	31.0	18.333334	22.666666	29.333334	32.666668	12.666667	6.3333335	6.0	
87.666664	86.666664	76.333336	52.666668	19.0	56.0	144.33333	150.66667	142.33333	128.0	104.333336	116.333336	134.33333	141.0	132.66667	134.66667	137.0	124.0	113.0	108.0	99.333336	87.0	81.666664	77.333336	65.666664	51.666668	40.0	29.666666	19.333334	16.333334	26.666666	29.333334	29.666666	9.666667	6.3333335	6.6666665	
87.333336	86.0	77.333336	56.666668	26.333334	47.0	134.0	148.66667	141.0	133.66667	116.0	105.333336	123.666664	136.33333	138.0	144.0	146.66667	134.66667	120.666664	117.666664	103.0	90.666664	81.333336	73.0	59.333332	46.333332	34.0	18.333334	15.333333	23.666666	29.0	29.333334	26.333334	11.333333	8.0	8.333333	
86.666664	83.333336	78.666664	59.666668	32.0	38.0	109.0	148.0	140.66667	134.33333	124.666664	106.0	107.666664	120.333336	128.66667	139.66667	132.66667	119.0	109.333336	105.666664	90.666664	80.666664	74.666664	60.0	47.666668	35.333332	20.0	11.666667	20.333334	27.333334	29.666666	29.666666	21.333334	9.666667	10.333333	10.333333	
84.0	82.666664	80.333336	61.666668	35.666668	32.0	79.666664	134.33333	138.33333	132.33333	126.666664	116.333336	101.333336	99.333336	112.666664	122.333336	113.666664	100.666664	100.0	92.0	78.333336	71.666664	62.0	44.666668	33.666668	19.666666	12.0	16.666666	27.333334	29.333334	29.666666	31.333334	15.0	6.0	12.666667	13.0	
81.0	80.666664	76.666664	64.666664	41.666668	28.333334	63.333332	102.666664	132.66667	132.66667	127.0	122.333336	119.0	108.0	95.666664	95.0	85.333336	79.666664	77.0	71.333336	62.0	55.0	37.666668	24.0	15.666667	11.333333	16.333334	23.333334	29.666666	29.333334	30.666666	27.0	8.333333	4.6666665	13.333333	16.333334	
