17.0	36.666668	61.666668	86.333336	103.666664	113.333336	116.666664	118.666664	125.333336	131.0	135.33333	137.66667	139.66667	140.0	142.33333	146.66667	149.33333	151.33333	150.33333	150.66667	151.33333	149.33333	146.33333	144.66667	141.66667	138.33333	134.33333	128.0	119.666664	112.333336	109.0	104.666664	100.0	82.0	53.0	20.333334	
20.333334	44.666668	76.0	100.333336	109.0	115.333336	120.333336	124.0	130.33333	135.33333	140.0	142.66667	144.66667	147.0	149.66667	152.66667	154.0	154.33333	155.33333	158.0	159.66667	157.66667	154.33333	151.0	148.0	145.66667	140.33333	134.33333	124.333336	113.666664	109.0	106.333336	104.666664	90.333336	62.0	25.666666	
26.666666	54.666668	86.333336	104.333336	108.666664	114.666664	121.666664	128.0	135.0	140.66667	145.33333	149.33333	152.66667	156.33333	158.66667	161.33333	162.0	161.0	161.66667	166.33333	169.0	168.66667	165.0	159.33333	155.66667	152.0	146.33333	140.66667	131.33333	123.0	115.666664	110.0	104.666664	91.0	65.333336	31.333334	
37.0	66.666664	94.0	107.333336	112.0	117.666664	125.0	131.33333	139.33333	147.0	152.0	158.0	163.66667	167.0	169.0	171.0	171.33333	170.0	169.0	175.66667	179.66667	180.0	176.0	168.66667	162.66667	157.33333	151.66667	145.33333	136.0	126.666664	117.666664	111.333336	105.333336	93.0	69.333336	41.0	
46.0	71.333336	95.666664	108.333336	117.0	123.333336	128.33333	134.33333	142.0	150.0	159.33333	169.0	176.0	177.66667	178.66667	179.0	179.33333	178.0	177.0	183.33333	187.66667	187.66667	184.33333	177.66667	169.0	160.33333	154.0	146.66667	137.33333	128.0	121.0	113.0	106.0	95.666664	77.0	49.666668	
50.0	72.0	94.333336	108.666664	119.0	127.0	130.33333	136.0	141.33333	150.66667	162.66667	176.0	183.66667	183.66667	183.33333	183.0	182.0	181.0	181.33333	187.0	188.66667	188.33333	187.66667	181.33333	171.0	161.33333	154.33333	145.66667	136.33333	128.66667	123.333336	114.333336	105.666664	97.666664	84.333336	59.0	
55.666668	77.0	94.666664	107.0	119.0	128.0	130.66667	134.66667	139.66667	149.66667	164.33333	176.66667	184.33333	185.33333	186.33333	186.66667	184.66667	184.33333	184.33333	187.66667	187.33333	188.33333	190.33333	186.33333	177.0	164.66667	156.33333	146.33333	136.33333	128.0	123.333336	116.666664	106.0	97.666664	87.0	65.666664	
61.666668	80.666664	96.666664	109.0	119.666664	127.333336	130.33333	134.33333	139.33333	152.33333	168.0	178.0	186.0	187.66667	189.66667	191.33333	189.0	188.0	187.66667	188.0	188.66667	190.66667	193.33333	189.33333	180.0	167.33333	157.33333	146.66667	134.33333	126.333336	124.666664	119.666664	108.0	97.333336	86.333336	68.333336	
64.666664	83.666664	100.666664	113.333336	122.0	128.66667	131.66667	137.0	143.33333	156.66667	172.33333	181.66667	189.0	192.66667	192.66667	192.33333	190.0	188.33333	187.66667	188.33333	189.66667	189.66667	191.0	187.0	179.66667	172.33333	162.0	150.0	138.0	130.0	126.666664	123.666664	110.0	97.0	89.0	73.0	
70.0	87.0	100.333336	110.0	122.333336	133.0	140.0	144.33333	151.33333	162.66667	175.66667	185.0	191.33333	194.66667	192.33333	188.66667	186.66667	184.33333	183.66667	184.33333	186.0	186.66667	190.33333	190.33333	186.33333	180.66667	172.0	160.0	147.33333	137.0	135.0	133.0	117.666664	102.333336	92.333336	78.333336	
74.333336	88.666664	100.333336	110.666664	125.333336	136.66667	145.66667	150.66667	157.33333	169.33333	180.33333	187.33333	189.66667	190.33333	187.66667	185.0	181.66667	179.66667	180.33333	180.66667	180.33333	183.0	186.33333	186.66667	186.66667	183.66667	176.66667	166.0	154.0	143.0	139.0	137.33333	128.33333	109.0	93.666664	84.666664	
81.0	93.666664	104.333336	114.666664	116.0	112.0	119.666664	134.33333	148.0	161.33333	173.0	182.33333	183.33333	179.33333	179.0	177.66667	176.33333	173.66667	175.33333	176.0	176.33333	174.66667	172.33333	172.66667	173.33333	172.0	165.33333	154.0	135.66667	115.666664	102.0	101.0	107.666664	105.0	94.666664	87.0	
86.666664	97.666664	102.333336	100.666664	88.0	80.666664	82.666664	82.666664	86.333336	96.333336	106.666664	124.333336	143.66667	156.33333	164.0	168.0	170.0	168.33333	169.33333	168.66667	167.33333	163.66667	160.0	156.0	145.0	129.0	104.666664	83.0	70.333336	70.666664	80.0	85.0	81.666664	83.333336	92.666664	93.0	
91.0	98.333336	94.333336	89.666664	98.666664	114.666664	116.0	97.0	77.333336	65.0	52.666668	55.666668	77.333336	107.666664	136.66667	154.66667	162.0	164.33333	166.33333	165.0	159.33333	154.66667	140.0	115.666664	88.333336	69.333336	60.0	69.0	90.666664	112.0	126.666664	125.333336	106.666664	85.666664	84.0	92.666664	
95.333336	94.333336	89.666664	100.666664	121.0	132.0	136.66667	134.33333	125.333336	114.333336	98.666664	85.0	81.666664	96.333336	121.333336	140.33333	152.0	158.66667	161.66667	160.66667	154.33333	144.0	120.666664	90.0	74.0	77.0	87.666664	102.0	119.666664	126.666664	129.33333	129.33333	120.333336	98.666664	85.666664	92.666664	
97.666664	97.666664	99.333336	109.333336	120.333336	121.333336	125.333336	129.33333	133.0	131.33333	123.666664	117.0	115.0	115.333336	117.333336	124.666664	138.66667	150.66667	156.66667	157.0	147.0	133.0	116.666664	104.0	102.666664	99.333336	101.333336	110.666664	117.666664	116.333336	110.333336	109.0	110.0	102.666664	95.0	95.666664	
98.666664	102.333336	107.0	110.333336	109.666664	106.0	102.666664	110.666664	119.0	117.666664	114.666664	110.666664	117.0	121.666664	121.333336	119.333336	131.66667	148.66667	160.66667	161.0	142.33333	122.333336	114.0	116.0	110.666664	105.0	114.0	124.333336	116.333336	109.0	98.333336	90.333336	96.0	102.0	100.333336	98.333336	
99.666664	105.0	109.333336	109.666664	102.666664	87.666664	73.666664	69.0	69.666664	78.666664	80.0	80.333336	98.333336	116.666664	124.666664	118.666664	128.0	146.0	166.33333	168.66667	142.33333	123.666664	120.333336	113.666664	105.666664	99.0	84.333336	75.333336	64.666664	60.0	60.333332	57.666668	72.0	89.333336	97.666664	101.333336	
102.0	108.0	112.666664	104.0	77.333336	44.666668	45.333332	62.0	42.666668	48.666668	50.666668	86.0	102.333336	98.333336	127.333336	135.33333	132.0	144.66667	167.66667	169.0	136.66667	125.333336	130.0	109.0	94.333336	90.0	60.333332	58.666668	48.333332	60.333332	70.0	39.666668	52.666668	87.333336	104.0	106.0	
102.333336	114.0	120.666664	110.333336	83.333336	61.666668	73.333336	103.666664	61.666668	39.666668	61.333332	131.66667	135.66667	105.666664	127.0	147.66667	135.33333	140.0	160.33333	161.66667	135.66667	129.0	137.0	108.666664	104.0	133.66667	87.333336	46.333332	50.333332	89.666664	98.666664	67.666664	73.333336	104.0	120.333336	113.333336	
100.666664	116.0	126.333336	127.0	116.666664	107.0	107.333336	114.666664	108.666664	100.666664	107.666664	126.666664	131.0	138.66667	147.33333	145.66667	131.0	135.33333	154.0	156.33333	136.66667	126.333336	138.33333	131.33333	129.33333	135.66667	112.0	102.333336	109.333336	118.0	114.666664	103.666664	102.0	113.333336	123.0	114.333336	
103.666664	116.333336	128.33333	134.0	134.66667	130.0	129.33333	131.0	137.0	136.66667	142.33333	148.33333	160.66667	169.0	162.33333	140.33333	128.66667	139.0	155.0	158.66667	141.0	123.666664	135.0	149.66667	157.66667	153.33333	145.0	141.0	137.0	131.0	126.666664	126.0	129.0	126.333336	123.666664	115.666664	
102.666664	114.333336	128.66667	140.33333	151.0	155.66667	153.0	155.0	158.0	162.33333	164.33333	169.66667	179.0	178.33333	157.0	131.66667	127.666664	141.33333	157.33333	163.0	146.66667	129.0	126.666664	149.33333	172.33333	172.66667	168.33333	158.66667	154.66667	152.66667	153.33333	157.66667	149.66667	138.33333	128.33333	119.666664	
100.0	114.0	128.33333	142.0	155.66667	164.66667	170.33333	174.0	177.0	177.66667	178.66667	177.66667	176.66667	165.0	144.0	129.0	129.33333	140.33333	156.66667	161.0	148.33333	128.33333	120.0	133.0	160.66667	179.0	180.33333	175.33333	174.66667	175.33333	177.33333	176.0	163.0	148.66667	132.66667	121.666664	
97.666664	113.666664	128.66667	143.66667	158.0	170.33333	179.66667	184.0	186.66667	185.0	183.33333	180.66667	175.66667	157.33333	137.33333	129.0	130.33333	139.0	153.33333	157.66667	147.66667	128.0	119.666664	125.333336	145.66667	169.66667	177.33333	179.33333	182.0	187.33333	192.0	188.33333	173.66667	155.33333	136.66667	124.0	
96.666664	111.333336	128.33333	145.66667	165.33333	183.33333	195.0	195.66667	191.0	184.33333	181.66667	179.33333	170.66667	151.66667	133.0	126.666664	129.33333	141.33333	156.33333	161.0	151.0	133.0	120.666664	121.333336	136.0	159.33333	173.33333	179.0	181.33333	190.66667	199.66667	199.0	184.0	161.33333	143.66667	129.0	
93.666664	109.333336	127.666664	148.33333	169.33333	188.33333	199.0	197.0	189.33333	182.66667	177.66667	169.33333	156.0	139.0	129.33333	129.33333	134.0	150.0	165.33333	173.0	168.66667	144.66667	122.666664	118.666664	125.666664	142.66667	159.66667	173.33333	182.33333	189.33333	195.0	197.0	184.0	162.33333	146.33333	131.66667	
89.333336	104.666664	123.666664	145.33333	165.33333	181.0	187.0	185.66667	182.66667	176.0	164.66667	152.0	140.33333	131.33333	134.0	139.33333	137.66667	154.0	180.66667	188.66667	178.0	147.66667	123.666664	125.0	123.0	122.666664	133.66667	150.33333	168.33333	177.0	180.33333	182.0	172.33333	154.0	141.66667	128.66667	
85.333336	98.666664	116.666664	136.0	154.0	166.0	171.33333	169.33333	165.66667	155.0	143.33333	137.66667	130.0	123.333336	126.333336	127.333336	121.666664	132.0	159.0	163.0	144.33333	119.666664	109.666664	118.666664	121.666664	118.666664	121.0	126.0	142.0	158.33333	165.33333	165.0	157.33333	144.0	132.33333	118.666664	
82.666664	93.0	105.666664	121.0	137.66667	148.66667	152.0	150.66667	143.0	128.66667	128.33333	137.33333	138.33333	123.666664	103.0	90.666664	96.333336	109.0	127.0	128.33333	108.666664	84.0	72.333336	88.666664	112.333336	126.333336	130.66667	123.666664	120.666664	133.66667	147.66667	145.33333	140.66667	132.33333	121.0	106.333336	
78.666664	88.666664	96.0	107.333336	123.0	133.0	135.0	129.33333	114.333336	117.666664	133.66667	140.66667	138.66667	133.33333	121.333336	111.333336	108.333336	107.666664	104.666664	102.0	97.333336	92.0	93.0	104.666664	121.0	129.66667	134.33333	129.33333	115.666664	108.333336	120.333336	125.0	122.666664	114.0	104.0	94.666664	
82.0	86.666664	91.0	98.0	111.0	118.333336	114.0	103.0	108.333336	124.333336	134.33333	132.66667	134.0	132.0	132.33333	135.0	132.33333	126.666664	121.333336	123.333336	130.66667	133.0	133.33333	129.33333	131.33333	129.66667	129.0	129.0	121.666664	101.666664	94.0	107.333336	110.666664	101.333336	96.0	90.0	
86.0	89.666664	92.666664	96.0	105.0	110.666664	105.0	97.0	108.666664	119.666664	123.333336	126.333336	131.33333	132.33333	135.66667	142.66667	146.33333	142.66667	144.66667	145.0	148.33333	149.66667	144.66667	136.33333	130.33333	128.0	122.666664	119.666664	113.333336	105.333336	98.666664	106.666664	109.333336	103.0	99.666664	94.666664	
102.333336	93.0	95.333336	96.0	105.0	118.0	118.0	103.666664	97.666664	97.666664	102.333336	108.666664	118.666664	123.0	126.666664	137.33333	145.0	143.33333	141.0	143.0	150.33333	148.66667	134.0	121.0	112.666664	110.0	102.333336	91.666664	84.0	100.0	122.333336	129.66667	120.0	103.0	99.666664	94.0	
79.333336	83.333336	97.666664	96.333336	103.666664	125.666664	138.33333	133.66667	111.333336	71.333336	56.0	72.333336	90.333336	89.333336	83.333336	92.666664	105.0	110.666664	106.333336	105.666664	112.0	100.666664	87.333336	78.666664	77.333336	75.0	62.0	49.666668	74.666664	122.0	148.33333	142.0	116.666664	99.666664	100.666664	92.0	
62.0	79.333336	92.666664	97.333336	102.333336	119.333336	141.33333	154.33333	144.33333	102.666664	63.0	84.666664	139.33333	147.0	129.66667	127.333336	126.666664	128.0	113.333336	111.333336	124.0	108.333336	108.333336	115.666664	135.33333	124.333336	84.333336	70.0	112.0	148.0	159.0	137.0	106.333336	103.666664	103.666664	83.333336	
127.666664	124.666664	95.0	95.666664	102.333336	110.666664	133.66667	155.0	162.66667	146.0	107.333336	98.333336	147.66667	189.33333	196.66667	204.66667	206.66667	211.66667	195.33333	193.0	209.0	192.0	190.33333	195.66667	198.33333	155.0	101.333336	108.666664	146.66667	159.0	155.66667	124.0	103.0	104.666664	93.0	73.0	
201.33333	175.33333	108.666664	93.666664	104.333336	108.666664	126.0	147.66667	159.0	159.33333	144.33333	107.0	107.666664	149.66667	182.33333	209.0	220.0	230.33333	229.0	227.0	230.66667	221.0	206.33333	194.0	162.0	115.0	109.333336	133.33333	159.0	161.66667	144.0	112.333336	101.333336	96.333336	77.666664	66.666664	
128.33333	105.0	81.333336	85.0	98.333336	105.333336	117.0	136.33333	155.0	159.33333	151.33333	128.0	101.666664	99.666664	114.333336	143.33333	177.33333	204.0	202.66667	208.33333	208.0	191.66667	161.0	135.0	109.0	98.666664	122.333336	142.0	157.33333	155.66667	129.33333	104.666664	98.333336	83.0	66.666664	61.333332	
64.333336	58.0	62.0	71.0	87.666664	100.666664	109.0	125.0	146.66667	158.33333	152.66667	140.33333	118.666664	96.666664	96.666664	110.666664	137.33333	149.33333	148.0	151.66667	161.33333	154.66667	120.333336	94.0	94.666664	112.333336	130.66667	145.0	152.0	146.0	113.666664	93.333336	85.666664	68.333336	57.666668	55.666668	
58.0	57.666668	58.666668	61.0	73.0	93.0	104.0	111.666664	133.33333	151.66667	153.0	146.0	135.33333	115.0	97.333336	107.0	130.66667	133.33333	128.66667	129.66667	138.33333	137.0	108.333336	95.666664	109.666664	127.333336	132.66667	141.66667	153.0	135.0	102.333336	88.0	75.666664	56.0	50.666668	54.333332	
58.0	57.333332	57.333332	56.0	59.333332	78.666664	94.666664	104.0	122.0	143.66667	150.66667	146.33333	140.66667	134.33333	120.666664	108.666664	106.333336	103.333336	100.666664	103.0	102.333336	102.0	105.0	114.333336	123.0	127.333336	134.66667	145.0	146.33333	119.333336	95.333336	79.666664	71.333336	52.0	45.333332	53.666668	
56.0	56.0	55.333332	54.333332	56.333332	70.666664	86.0	96.333336	111.0	132.33333	148.0	151.33333	148.33333	143.66667	136.0	129.0	118.0	108.0	104.333336	104.333336	109.666664	109.0	116.666664	126.0	132.0	137.0	143.66667	149.0	130.66667	105.0	88.666664	76.666664	75.0	53.0	46.666668	57.333332	
55.0	55.0	53.666668	53.0	55.333332	71.0	85.666664	89.333336	98.0	118.0	141.33333	154.0	155.66667	152.0	150.33333	148.33333	143.33333	137.33333	135.66667	134.33333	135.66667	134.66667	138.33333	143.33333	145.0	147.0	153.0	144.66667	115.333336	95.0	81.666664	80.333336	81.666664	54.666668	48.666668	60.333332	
53.666668	54.666668	53.0	53.0	53.666668	69.0	90.0	88.666664	87.0	102.666664	127.666664	151.0	160.33333	162.0	163.0	165.0	163.66667	163.33333	164.66667	165.33333	161.0	159.0	161.66667	160.33333	156.33333	156.33333	157.33333	132.33333	97.666664	87.0	84.333336	90.666664	85.666664	55.0	48.333332	60.666668	
53.0	54.666668	53.333332	52.666668	54.333332	64.333336	92.333336	94.333336	89.0	89.666664	107.666664	143.33333	163.0	166.33333	169.33333	171.66667	171.66667	169.0	167.66667	168.66667	168.66667	171.0	172.33333	166.33333	162.66667	162.0	148.33333	114.0	85.333336	86.0	95.0	97.333336	87.0	60.666668	52.333332	61.666668	
52.0	54.0	54.0	53.666668	54.333332	60.333332	89.0	101.0	96.0	87.666664	90.333336	118.0	151.66667	162.66667	166.0	171.0	173.0	169.0	164.0	164.0	167.0	170.66667	169.0	165.66667	162.66667	151.33333	118.333336	88.333336	86.666664	97.666664	104.333336	102.0	91.333336	65.666664	54.666668	59.333332	
51.333332	53.333332	55.0	55.333332	55.666668	57.333332	84.0	104.0	104.333336	99.0	89.333336	92.666664	116.0	140.66667	154.66667	158.0	158.33333	155.66667	152.33333	152.0	155.33333	156.0	155.0	152.33333	142.33333	116.0	89.333336	86.333336	101.666664	111.0	110.0	104.333336	95.333336	73.666664	58.333332	57.666668	
49.666668	53.0	55.666668	56.666668	57.666668	55.666668	78.0	102.333336	107.0	108.666664	106.0	97.666664	91.666664	103.0	120.333336	128.33333	133.0	132.0	130.33333	132.33333	135.33333	130.66667	126.666664	118.333336	102.0	85.666664	91.0	105.333336	115.333336	118.333336	114.333336	105.666664	98.0	84.0	68.0	59.666668	
