102.333336	126.0	141.66667	147.0	150.33333	162.0	169.0	177.33333	181.0	188.33333	198.0	201.0	199.33333	202.0	203.66667	207.0	209.66667	210.0	213.33333	216.33333	217.66667	218.66667	214.0	214.66667	217.33333	217.66667	217.66667	218.33333	215.66667	212.0	206.0	197.66667	172.33333	159.33333	171.33333	161.33333	
111.0	132.33333	140.0	144.0	152.0	159.0	166.0	180.66667	186.0	191.33333	192.0	192.66667	192.33333	195.66667	193.33333	195.0	200.66667	203.66667	208.0	211.66667	211.66667	214.0	209.66667	204.66667	205.33333	206.0	208.0	211.66667	208.66667	207.0	201.33333	193.33333	181.0	170.66667	174.33333	165.0	
122.666664	133.33333	138.0	141.0	146.33333	148.66667	160.0	175.0	181.0	180.66667	177.33333	182.33333	187.33333	190.66667	190.66667	192.66667	198.0	201.0	204.66667	208.0	207.33333	210.33333	207.66667	204.66667	206.33333	203.33333	200.33333	196.66667	197.33333	197.33333	197.33333	194.33333	193.33333	187.66667	177.66667	169.66667	
121.333336	130.0	135.66667	135.0	136.33333	144.66667	153.33333	159.0	166.66667	171.66667	173.0	182.33333	183.33333	180.33333	179.66667	184.0	189.0	191.0	196.0	200.66667	199.0	199.66667	199.0	197.33333	198.66667	199.33333	200.33333	196.33333	194.66667	193.0	192.0	193.33333	197.33333	196.66667	180.66667	175.0	
119.0	126.333336	126.666664	124.333336	130.0	142.0	143.33333	148.66667	161.33333	167.33333	168.0	174.66667	178.66667	175.0	173.33333	173.0	173.0	171.33333	175.0	179.0	181.0	178.33333	178.33333	176.33333	177.66667	180.33333	185.66667	191.66667	196.33333	197.66667	193.33333	193.0	196.66667	193.33333	178.33333	169.0	
119.666664	126.333336	124.333336	123.333336	122.0	129.0	137.66667	150.0	159.33333	167.33333	164.0	162.66667	166.66667	170.0	166.66667	165.33333	173.33333	180.33333	187.66667	195.33333	202.66667	204.0	202.0	198.66667	190.33333	184.33333	181.0	180.66667	188.0	193.0	193.0	199.66667	199.33333	189.33333	178.0	161.33333	
115.0	117.0	119.666664	119.333336	118.0	129.33333	140.0	152.66667	158.0	160.0	155.33333	157.0	165.66667	175.0	181.33333	182.0	186.0	187.33333	190.66667	197.33333	203.0	208.0	209.66667	209.0	202.33333	196.66667	197.66667	195.0	189.33333	188.66667	190.33333	197.0	197.0	182.0	179.0	161.0	
112.333336	113.333336	116.333336	113.0	121.333336	134.33333	142.33333	144.66667	145.66667	156.0	168.66667	183.33333	190.0	191.0	187.66667	180.33333	177.33333	183.0	187.66667	194.66667	200.66667	204.33333	205.33333	206.0	202.66667	202.33333	201.33333	197.0	196.33333	195.66667	195.33333	201.66667	197.33333	173.66667	159.66667	153.0	
110.666664	116.0	116.0	120.666664	125.333336	124.333336	123.333336	130.0	156.66667	182.33333	191.33333	198.0	198.66667	196.33333	192.33333	188.66667	188.66667	191.66667	196.66667	205.33333	207.33333	207.66667	213.0	217.33333	213.0	209.0	208.33333	203.33333	200.0	203.66667	208.0	206.0	195.33333	165.66667	138.0	137.0	
111.666664	116.666664	118.333336	123.0	118.0	118.666664	131.33333	154.0	169.33333	181.33333	186.33333	190.33333	197.66667	202.33333	200.0	190.33333	187.66667	182.66667	176.66667	181.66667	189.0	194.0	199.66667	207.66667	211.33333	214.66667	217.33333	219.0	215.0	209.66667	207.33333	204.66667	197.33333	173.66667	141.33333	128.33333	
114.666664	115.0	114.333336	117.333336	119.0	135.33333	145.33333	152.33333	160.66667	167.33333	170.0	172.33333	178.66667	185.66667	185.33333	172.0	171.66667	169.0	167.33333	166.33333	166.66667	173.0	184.66667	190.0	192.66667	195.0	200.0	201.66667	209.0	215.66667	213.0	206.0	198.33333	186.66667	156.66667	125.333336	
103.666664	111.666664	114.0	114.333336	128.0	140.0	147.66667	156.66667	159.66667	164.66667	169.33333	170.66667	171.66667	172.66667	176.66667	171.66667	169.33333	164.0	155.0	143.66667	137.0	143.0	152.66667	156.66667	158.0	159.33333	168.66667	171.33333	171.0	189.66667	203.33333	203.66667	196.0	192.33333	176.0	132.66667	
95.0	108.666664	117.666664	128.33333	142.0	153.0	165.66667	167.66667	164.33333	154.0	147.33333	150.0	157.33333	165.0	169.66667	158.66667	154.0	147.66667	139.0	126.666664	116.666664	114.0	114.666664	114.0	114.666664	119.333336	135.33333	148.33333	151.33333	161.66667	174.0	186.33333	191.66667	192.66667	191.0	151.0	
93.0	109.666664	126.666664	143.0	148.0	151.0	150.0	150.33333	149.66667	135.33333	125.333336	129.66667	135.0	144.33333	148.33333	139.0	138.0	133.66667	125.0	119.666664	111.0	98.666664	89.666664	88.333336	95.333336	110.0	125.0	133.0	147.0	150.0	148.0	165.33333	186.0	193.66667	195.66667	175.66667	
86.0	109.666664	132.0	142.33333	134.0	123.666664	119.666664	114.333336	113.333336	98.333336	95.333336	102.333336	109.666664	117.333336	119.0	116.333336	124.333336	129.0	120.333336	112.0	103.0	94.0	81.666664	77.0	86.333336	100.666664	113.0	126.333336	140.66667	147.33333	146.0	153.33333	174.66667	193.66667	195.66667	190.33333	
85.666664	109.666664	130.33333	130.33333	110.0	97.0	92.666664	84.0	78.0	70.333336	69.666664	76.333336	86.666664	92.666664	91.333336	97.666664	121.666664	141.0	128.66667	103.0	80.666664	70.0	57.666668	46.666668	44.333332	53.666668	71.666664	79.333336	96.0	128.33333	150.33333	155.33333	173.0	194.66667	201.66667	197.66667	
91.333336	112.666664	119.333336	104.666664	85.0	81.666664	78.0	74.333336	73.666664	67.333336	59.0	64.0	68.0	69.666664	74.333336	108.666664	149.66667	172.33333	149.33333	106.333336	75.0	68.333336	65.333336	69.333336	64.666664	74.666664	106.0	112.0	101.333336	100.333336	136.0	163.66667	177.66667	188.0	192.33333	197.33333	
97.666664	115.666664	110.0	84.333336	79.666664	87.666664	80.0	64.0	51.333332	46.333332	48.666668	51.666668	50.333332	54.666668	68.333336	122.666664	174.33333	194.33333	170.66667	127.0	102.333336	98.0	99.0	112.333336	123.333336	134.66667	156.66667	172.66667	172.33333	156.66667	147.33333	164.33333	183.33333	190.0	191.66667	194.33333	
103.333336	118.0	105.0	87.666664	89.0	79.0	49.666668	44.333332	44.0	46.0	67.0	74.666664	63.333332	69.0	78.333336	136.0	189.66667	209.66667	190.66667	156.66667	137.33333	131.66667	122.0	125.333336	138.0	152.0	167.66667	177.66667	184.66667	191.0	192.66667	197.0	203.0	203.33333	199.0	190.66667	
105.333336	121.666664	111.0	99.666664	92.333336	63.0	66.0	85.333336	87.333336	93.0	104.333336	105.333336	105.333336	107.333336	107.0	145.33333	195.0	216.33333	202.0	179.66667	167.66667	158.0	140.0	127.666664	126.666664	135.0	147.66667	165.0	177.66667	191.33333	197.66667	206.0	213.33333	212.66667	204.0	195.0	
110.333336	125.666664	119.0	106.0	88.0	96.333336	117.333336	124.333336	126.333336	125.0	120.666664	110.666664	117.0	118.666664	117.333336	146.33333	195.66667	215.66667	202.33333	187.66667	184.0	182.66667	177.33333	160.66667	149.66667	153.0	162.33333	174.33333	188.33333	198.66667	203.0	206.33333	209.0	206.0	201.66667	195.66667	
114.666664	120.333336	116.0	104.0	104.666664	116.0	117.0	114.333336	110.333336	103.333336	105.0	115.0	127.0	126.333336	119.666664	141.33333	189.0	214.0	201.0	192.66667	194.33333	192.33333	195.0	193.66667	187.33333	185.66667	191.66667	192.66667	201.0	207.33333	207.33333	206.66667	205.0	196.66667	193.0	189.66667	
109.333336	116.0	120.333336	126.333336	126.333336	119.0	114.333336	112.666664	112.333336	118.333336	127.0	139.0	137.0	129.33333	129.33333	145.66667	191.33333	219.0	212.66667	204.66667	206.33333	201.0	202.0	199.66667	201.33333	204.66667	205.66667	202.33333	203.33333	203.33333	195.66667	189.66667	193.66667	189.66667	181.33333	173.66667	
107.0	119.0	131.0	138.0	138.0	135.66667	136.33333	141.0	144.0	149.66667	150.66667	149.0	138.0	135.66667	144.0	153.33333	189.0	217.33333	219.0	212.66667	212.33333	203.66667	202.0	206.33333	209.0	211.33333	211.66667	209.0	207.66667	198.0	190.66667	185.66667	181.33333	179.66667	171.66667	169.33333	
106.333336	116.0	133.66667	145.0	149.33333	152.66667	152.66667	158.66667	160.0	160.33333	159.66667	154.33333	138.0	128.33333	143.0	154.0	181.66667	207.33333	210.66667	202.33333	202.0	197.33333	179.66667	184.66667	203.66667	210.33333	209.33333	206.33333	205.0	199.0	187.33333	184.0	174.0	173.33333	169.33333	171.33333	
101.666664	111.666664	117.666664	127.666664	136.33333	144.66667	149.66667	157.0	166.0	169.66667	166.66667	155.0	123.666664	106.0	128.66667	141.66667	168.66667	196.33333	200.66667	190.33333	194.66667	211.33333	194.0	162.0	167.66667	193.66667	203.33333	202.33333	198.66667	198.0	195.33333	188.0	175.33333	172.33333	174.66667	177.0	
94.0	103.666664	103.333336	110.0	120.0	129.33333	140.33333	152.66667	163.66667	166.33333	160.0	141.33333	112.666664	128.0	144.33333	143.0	165.0	189.0	204.33333	204.66667	208.33333	211.33333	206.0	173.0	137.66667	157.66667	185.33333	193.33333	190.33333	188.0	193.0	192.0	183.33333	178.66667	179.33333	181.66667	
98.333336	103.666664	100.0	103.333336	110.0	119.666664	136.33333	151.33333	158.66667	160.33333	150.66667	125.0	109.333336	141.66667	149.0	137.66667	146.0	163.66667	179.66667	187.66667	168.0	133.66667	146.0	161.33333	136.0	127.333336	152.0	175.0	185.33333	184.0	187.66667	189.33333	186.33333	182.33333	180.66667	181.0	
92.666664	99.333336	94.666664	96.0	104.333336	115.333336	133.33333	145.66667	149.0	150.33333	139.66667	113.666664	102.0	102.333336	92.0	96.666664	105.666664	112.666664	127.0	135.66667	96.333336	70.0	96.0	150.66667	163.33333	138.0	130.33333	152.33333	168.33333	176.0	179.33333	186.33333	191.0	188.33333	183.33333	181.0	
90.0	96.666664	94.666664	93.333336	98.0	108.333336	124.666664	133.33333	138.66667	139.66667	125.666664	106.0	107.0	88.0	54.0	60.666668	73.333336	79.333336	94.333336	100.666664	99.0	111.666664	133.66667	175.0	190.33333	174.33333	144.0	140.0	150.0	161.0	175.33333	182.0	189.66667	192.0	188.66667	182.33333	
91.666664	96.0	99.333336	97.0	100.666664	108.666664	118.666664	123.333336	130.66667	129.0	114.666664	113.0	131.33333	111.333336	82.0	72.333336	67.666664	67.666664	81.666664	104.666664	129.33333	144.66667	168.0	187.33333	194.33333	191.66667	172.0	146.33333	141.33333	153.33333	166.66667	180.66667	189.66667	190.0	190.33333	181.66667	
92.333336	97.0	104.666664	104.333336	107.666664	111.666664	120.333336	122.666664	125.333336	123.333336	113.666664	128.33333	140.33333	130.33333	111.333336	96.333336	87.333336	86.666664	92.666664	117.333336	143.66667	152.33333	170.66667	187.0	192.0	191.66667	181.66667	155.33333	142.0	145.66667	161.33333	176.33333	186.66667	185.66667	186.0	182.0	
110.333336	110.0	108.0	107.666664	112.666664	117.0	119.333336	120.333336	119.0	116.0	120.666664	140.66667	141.66667	137.66667	123.0	112.0	109.0	112.666664	108.666664	127.666664	151.0	155.33333	167.0	177.0	185.33333	182.66667	175.33333	158.33333	141.66667	138.0	152.33333	169.33333	181.0	180.33333	177.33333	179.66667	
114.0	106.666664	105.0	109.0	118.0	122.666664	119.333336	118.0	116.666664	113.666664	123.666664	140.33333	140.66667	132.0	122.666664	113.666664	113.666664	119.333336	120.666664	127.333336	144.33333	149.66667	151.0	158.0	167.33333	163.66667	159.0	154.33333	144.66667	133.66667	141.33333	159.66667	176.33333	175.66667	169.66667	175.33333	
128.0	92.333336	102.333336	111.0	119.666664	124.666664	118.666664	116.0	115.666664	108.666664	119.666664	129.66667	130.66667	121.0	111.333336	106.666664	109.333336	114.666664	129.66667	132.0	134.66667	138.66667	137.33333	137.33333	138.0	140.0	145.33333	148.66667	152.0	146.33333	148.66667	155.0	167.0	165.66667	158.33333	164.33333	
202.0	153.0	130.66667	112.333336	119.0	120.666664	116.666664	116.333336	115.333336	102.666664	109.333336	111.666664	109.333336	101.666664	96.666664	99.666664	100.0	101.333336	115.333336	121.333336	113.0	103.0	99.666664	100.666664	102.333336	109.333336	115.0	132.66667	147.66667	151.66667	159.33333	159.0	157.0	151.66667	146.0	154.0	
237.33333	234.33333	194.66667	117.0	115.666664	117.0	116.0	117.666664	120.0	107.666664	101.333336	96.0	87.0	80.0	74.666664	71.333336	66.666664	65.0	71.333336	78.666664	84.666664	86.333336	86.333336	86.666664	89.666664	89.0	77.666664	86.0	113.0	140.33333	162.33333	164.33333	156.33333	145.66667	137.66667	146.0	
232.66667	230.0	221.0	128.33333	109.666664	108.0	105.333336	113.333336	127.0	121.0	103.666664	87.333336	68.333336	55.0	54.666668	57.666668	70.333336	87.0	95.333336	109.666664	130.33333	146.33333	154.0	155.66667	153.0	145.0	122.666664	96.666664	99.333336	130.66667	153.66667	159.0	151.0	138.66667	131.0	143.33333	
229.66667	220.0	229.33333	157.33333	102.333336	98.666664	96.333336	107.666664	126.666664	131.66667	109.333336	80.666664	64.333336	76.333336	90.333336	98.0	110.666664	117.666664	115.666664	122.666664	130.0	140.33333	151.66667	156.0	160.66667	160.33333	159.0	146.0	129.66667	126.333336	136.0	144.33333	142.33333	128.33333	123.666664	138.66667	
237.33333	217.0	222.0	194.0	103.666664	90.333336	90.333336	97.333336	115.666664	131.33333	117.0	93.0	93.333336	107.333336	109.666664	103.333336	104.666664	103.333336	97.333336	96.666664	107.333336	111.0	122.333336	134.66667	146.66667	155.0	164.33333	164.33333	152.0	127.333336	122.0	128.66667	130.66667	119.666664	121.0	136.33333	
244.66667	224.0	214.66667	221.66667	137.33333	84.666664	85.0	87.0	101.666664	116.333336	118.666664	115.0	115.0	116.666664	114.0	104.333336	93.666664	86.333336	83.666664	79.666664	84.0	86.333336	97.0	113.333336	132.66667	147.33333	162.33333	168.0	155.66667	133.66667	116.333336	118.0	117.333336	114.0	123.333336	136.66667	
249.0	234.0	214.66667	224.33333	191.33333	98.666664	78.333336	80.666664	88.333336	98.333336	107.0	117.666664	117.333336	115.0	110.666664	101.666664	92.0	83.333336	77.666664	76.0	77.0	81.666664	91.666664	106.0	127.333336	143.0	154.33333	164.33333	165.66667	145.33333	119.666664	113.666664	109.333336	111.0	125.333336	137.0	
251.66667	243.0	220.33333	218.66667	228.33333	164.33333	87.0	75.666664	77.333336	84.666664	91.333336	108.0	119.333336	119.333336	110.0	102.333336	97.666664	92.333336	87.0	90.0	90.333336	91.666664	100.666664	111.333336	131.0	143.66667	147.0	156.33333	167.0	150.66667	129.66667	124.666664	116.333336	119.0	126.333336	132.0	
253.33333	249.33333	232.66667	221.0	230.66667	227.0	145.33333	82.666664	78.0	76.0	80.333336	95.0	116.0	122.333336	117.333336	115.0	112.0	110.666664	108.666664	111.666664	112.0	113.0	121.0	136.0	148.66667	152.0	153.33333	157.0	158.0	154.0	147.66667	140.0	127.666664	125.666664	126.333336	127.333336	
253.33333	251.0	241.0	225.0	224.33333	238.66667	219.33333	130.66667	83.0	77.666664	81.333336	93.0	112.333336	121.666664	125.666664	131.33333	137.66667	146.0	144.33333	140.0	135.33333	141.66667	154.33333	164.66667	170.0	167.33333	163.66667	157.0	147.33333	145.66667	147.66667	136.66667	121.333336	116.333336	118.333336	120.666664	
253.66667	252.33333	245.66667	231.0	222.0	233.0	241.66667	211.66667	124.0	84.666664	85.333336	89.0	100.333336	111.0	123.666664	133.33333	143.0	149.0	155.33333	152.66667	150.0	155.66667	162.66667	163.33333	163.66667	165.33333	162.0	151.0	136.66667	130.33333	125.666664	115.333336	102.333336	102.666664	110.333336	114.333336	
253.0	252.33333	250.0	236.0	220.0	230.0	241.0	245.66667	207.66667	123.333336	86.666664	86.0	89.666664	103.333336	119.666664	124.333336	129.33333	132.33333	144.33333	149.66667	146.33333	147.0	152.66667	154.66667	157.0	153.0	147.66667	138.33333	127.666664	114.0	100.0	87.666664	86.666664	92.333336	99.666664	139.33333	
253.66667	253.0	250.33333	236.66667	216.33333	223.33333	238.33333	247.0	246.33333	209.66667	116.666664	83.333336	82.0	92.333336	108.333336	110.333336	105.0	109.0	121.333336	129.33333	131.66667	126.0	128.66667	137.66667	139.66667	131.33333	124.666664	121.333336	115.333336	99.666664	77.333336	72.0	79.333336	85.333336	124.0	196.0	
253.0	253.0	250.33333	239.33333	215.0	218.0	237.66667	246.33333	248.66667	241.33333	149.66667	82.0	78.333336	81.333336	86.666664	93.333336	91.666664	87.666664	92.333336	108.0	110.666664	101.333336	98.666664	102.0	106.666664	103.333336	98.333336	95.333336	94.666664	78.0	65.333336	69.0	80.0	125.0	188.66667	219.66667	
