109.666664	110.666664	121.0	128.33333	142.66667	155.33333	164.0	172.33333	181.66667	187.66667	191.0	192.0	194.0	181.0	163.66667	175.33333	197.66667	207.0	200.66667	198.66667	194.0	196.66667	200.66667	200.0	192.66667	191.66667	192.0	178.0	169.33333	164.66667	169.0	164.33333	151.0	144.66667	120.333336	97.333336	
109.0	115.0	128.0	134.0	148.0	158.66667	166.0	182.33333	189.66667	195.66667	196.66667	203.0	208.66667	202.33333	197.33333	203.33333	213.0	213.33333	207.0	203.66667	199.66667	199.66667	202.33333	198.66667	193.0	193.33333	192.33333	183.33333	173.66667	167.33333	168.66667	164.66667	154.66667	147.66667	127.666664	116.333336	
114.333336	118.333336	132.0	136.0	150.33333	160.66667	162.33333	181.0	192.66667	198.33333	200.0	205.33333	207.33333	205.66667	206.66667	209.33333	211.33333	209.0	209.0	205.66667	207.0	208.0	209.0	201.66667	194.0	194.33333	193.66667	186.0	178.66667	172.66667	168.66667	163.0	156.0	146.66667	128.0	127.0	
111.333336	119.0	136.0	136.33333	144.66667	167.33333	170.66667	182.66667	190.33333	199.33333	201.33333	201.33333	204.0	206.0	208.0	206.33333	211.66667	211.66667	212.33333	209.66667	212.33333	210.33333	211.0	209.33333	201.66667	198.0	193.0	187.0	177.66667	170.33333	166.33333	162.0	156.33333	152.66667	134.0	119.666664	
111.333336	127.333336	144.66667	141.0	145.33333	169.66667	172.0	180.33333	188.66667	201.33333	205.66667	203.66667	205.0	208.33333	208.66667	208.33333	211.0	208.66667	205.33333	201.66667	203.66667	200.0	198.66667	201.33333	202.33333	200.33333	195.33333	190.0	180.33333	172.66667	166.0	161.33333	157.33333	156.33333	136.66667	121.666664	
114.666664	122.666664	139.66667	146.0	151.33333	162.66667	169.33333	178.0	193.66667	205.33333	208.33333	204.66667	203.33333	206.0	207.66667	207.66667	203.33333	201.33333	201.66667	202.66667	205.33333	204.33333	199.33333	196.66667	194.66667	191.66667	187.66667	185.66667	181.0	175.66667	171.0	165.33333	156.66667	160.0	147.66667	129.0	
118.333336	120.333336	136.66667	148.66667	146.66667	156.0	173.66667	179.66667	197.33333	207.0	206.0	201.33333	203.0	206.33333	208.33333	208.33333	205.0	207.0	210.0	211.0	208.33333	208.0	208.0	204.66667	199.33333	194.66667	188.33333	183.66667	177.33333	168.66667	169.33333	169.66667	163.0	166.66667	159.0	140.33333	
115.666664	125.333336	137.33333	140.66667	146.66667	158.0	174.33333	178.33333	190.0	200.0	200.33333	198.33333	202.66667	207.66667	211.33333	211.0	209.0	208.0	207.0	204.0	200.33333	201.0	201.33333	202.66667	201.66667	198.66667	193.66667	188.0	181.33333	173.66667	172.66667	166.66667	164.66667	174.66667	163.0	161.66667	
118.333336	123.666664	137.0	139.66667	151.33333	159.0	165.0	167.33333	177.33333	194.0	200.66667	201.33333	203.0	207.0	208.33333	207.66667	205.33333	203.0	206.0	206.33333	205.33333	208.0	205.33333	201.33333	201.0	200.0	196.33333	192.33333	183.0	174.66667	176.66667	168.66667	161.66667	171.66667	162.33333	168.0	
123.666664	120.666664	137.0	142.33333	151.33333	158.0	164.0	167.0	177.66667	193.33333	200.66667	203.0	205.66667	209.66667	211.0	210.66667	209.66667	209.0	209.33333	207.33333	205.33333	208.66667	209.33333	208.0	204.33333	199.0	194.33333	191.33333	183.0	171.0	169.0	168.0	163.0	166.33333	156.0	140.33333	
124.666664	121.333336	133.33333	138.0	140.66667	153.33333	170.33333	174.66667	180.0	189.0	195.66667	201.33333	207.0	211.66667	212.33333	209.33333	206.0	208.33333	207.0	202.33333	198.33333	197.66667	205.0	206.33333	203.33333	197.66667	190.0	182.33333	166.66667	156.33333	162.0	166.0	164.0	163.66667	152.66667	124.666664	
122.0	122.333336	131.0	137.66667	142.66667	154.66667	167.66667	178.66667	180.0	185.66667	193.33333	200.66667	208.33333	210.66667	210.66667	208.0	207.0	209.33333	203.33333	194.66667	182.66667	173.33333	181.33333	187.33333	190.0	186.0	177.0	164.33333	147.33333	140.0	151.66667	157.33333	158.0	161.33333	160.66667	133.0	
119.333336	118.666664	125.333336	138.0	145.0	152.0	161.0	175.33333	184.0	189.0	195.33333	199.33333	204.33333	205.0	208.66667	206.33333	204.66667	205.66667	200.0	192.66667	182.66667	169.66667	165.0	161.0	154.33333	142.33333	133.0	129.66667	134.66667	147.33333	154.33333	154.0	153.66667	154.33333	161.0	150.66667	
115.0	112.0	121.333336	131.0	129.0	135.66667	151.0	169.0	175.66667	173.0	176.33333	185.33333	192.0	192.66667	198.66667	199.33333	198.0	202.0	203.0	195.66667	189.0	177.33333	156.0	132.66667	117.666664	114.0	116.666664	131.66667	150.66667	163.66667	165.0	160.0	151.66667	151.0	161.33333	162.33333	
109.0	104.666664	113.0	113.666664	112.0	127.0	137.33333	145.0	144.0	136.33333	138.33333	153.66667	173.33333	180.33333	183.66667	186.33333	189.33333	196.0	203.0	198.0	185.0	172.0	153.33333	137.66667	128.33333	114.333336	128.66667	130.33333	152.66667	174.66667	179.33333	170.33333	165.66667	168.0	173.33333	169.0	
109.666664	101.333336	103.666664	112.333336	122.333336	127.333336	122.0	117.0	114.333336	114.0	119.0	124.0	138.33333	150.33333	160.0	171.66667	184.66667	198.66667	203.0	192.0	173.33333	162.66667	159.66667	164.66667	183.66667	140.33333	124.666664	93.666664	104.333336	131.0	166.66667	180.0	182.66667	187.33333	181.66667	173.0	
104.666664	96.0	103.0	118.666664	131.33333	132.66667	133.0	128.66667	117.666664	109.0	110.333336	108.333336	133.33333	146.0	143.0	148.33333	174.0	200.0	205.33333	189.33333	175.33333	178.0	177.0	176.33333	191.0	164.0	143.66667	138.33333	155.0	155.66667	167.33333	183.66667	193.0	199.0	189.0	173.0	
102.333336	103.0	115.333336	130.0	152.66667	153.66667	131.33333	131.33333	127.333336	117.666664	128.0	121.333336	159.66667	173.0	155.66667	136.33333	162.66667	197.0	201.66667	184.66667	177.33333	192.33333	191.66667	187.0	191.0	193.33333	200.66667	198.0	199.66667	195.0	194.0	193.66667	199.66667	202.66667	195.33333	177.66667	
105.666664	119.0	132.66667	154.33333	166.66667	147.0	135.0	156.33333	157.33333	141.33333	151.66667	163.33333	180.33333	184.66667	164.66667	125.666664	148.33333	189.33333	195.66667	181.0	175.0	190.66667	197.66667	193.66667	196.66667	205.0	211.0	208.66667	205.0	203.66667	205.0	206.0	207.33333	204.0	197.33333	183.33333	
117.333336	140.33333	159.66667	172.66667	172.33333	163.0	174.66667	185.0	189.66667	196.66667	201.0	196.0	197.0	197.66667	169.33333	125.666664	143.0	179.66667	188.33333	178.0	171.66667	180.66667	194.0	196.0	199.33333	206.0	210.0	209.33333	206.0	206.66667	208.66667	211.0	210.0	203.0	195.33333	182.33333	
127.333336	157.33333	180.66667	179.0	176.33333	177.0	182.0	191.0	201.33333	204.33333	204.33333	200.0	195.33333	182.33333	146.0	122.666664	143.33333	174.33333	183.0	174.66667	170.0	178.66667	191.66667	198.66667	201.0	208.0	215.0	212.66667	208.0	206.33333	207.0	208.66667	207.66667	201.66667	193.66667	180.33333	
128.33333	158.0	184.66667	184.66667	184.66667	187.33333	187.66667	193.0	200.66667	205.33333	205.66667	203.0	193.0	169.66667	137.33333	124.666664	142.66667	176.33333	183.33333	171.66667	165.33333	177.33333	184.33333	194.66667	199.66667	203.66667	213.33333	215.33333	211.33333	209.0	207.66667	204.0	202.33333	199.66667	193.33333	179.66667	
129.0	156.66667	176.66667	185.66667	193.33333	196.66667	196.0	197.0	202.33333	210.66667	210.33333	203.33333	190.33333	159.0	139.66667	129.33333	141.0	179.33333	184.66667	172.66667	163.66667	175.33333	178.33333	186.66667	200.0	204.33333	208.66667	212.33333	212.33333	211.0	208.66667	201.0	197.0	198.33333	191.33333	174.33333	
119.333336	145.66667	168.66667	186.33333	192.66667	195.0	196.0	202.0	208.0	211.66667	206.66667	197.66667	183.66667	149.33333	138.33333	131.66667	139.66667	177.0	185.66667	178.0	165.33333	172.0	179.66667	188.33333	202.0	210.33333	213.0	214.33333	214.0	209.66667	205.33333	197.33333	194.66667	197.66667	189.33333	172.33333	
104.0	134.0	162.33333	181.66667	187.33333	192.33333	197.0	205.66667	212.33333	209.33333	205.0	199.0	177.33333	146.66667	138.33333	133.0	140.33333	174.66667	188.0	182.33333	166.66667	166.66667	174.33333	193.33333	205.33333	210.0	214.33333	217.33333	219.0	213.0	203.0	192.66667	188.66667	189.0	184.33333	173.66667	
91.333336	124.666664	153.33333	169.0	177.66667	189.33333	198.66667	206.66667	211.66667	209.33333	209.33333	204.66667	182.66667	152.0	135.0	134.33333	146.33333	176.33333	192.0	190.33333	176.0	169.66667	163.66667	179.66667	203.33333	209.66667	213.66667	216.66667	218.66667	214.33333	204.33333	194.0	186.33333	182.66667	181.0	174.66667	
89.333336	119.0	147.0	157.66667	167.33333	183.33333	193.33333	204.66667	210.0	209.33333	212.0	206.66667	199.0	159.0	124.666664	125.0	138.66667	174.66667	198.66667	195.66667	177.33333	176.0	172.33333	168.33333	188.33333	202.0	209.33333	213.0	216.0	213.66667	206.33333	197.0	186.33333	181.0	180.0	178.66667	
88.333336	117.0	143.33333	154.0	163.0	176.0	187.0	200.33333	207.66667	209.33333	212.33333	207.33333	196.0	150.66667	133.0	130.33333	129.66667	165.66667	200.66667	198.66667	174.33333	181.66667	188.33333	177.33333	181.66667	192.66667	199.33333	206.66667	211.66667	212.33333	206.33333	195.66667	185.66667	181.33333	180.33333	177.0	
84.666664	112.0	140.0	151.0	156.66667	165.33333	177.0	194.0	203.0	207.66667	209.0	203.33333	179.33333	138.33333	150.33333	149.66667	136.33333	161.66667	200.33333	206.66667	182.33333	181.66667	187.0	176.0	178.66667	194.66667	196.33333	202.33333	208.0	208.66667	204.33333	194.33333	185.33333	182.0	184.0	176.0	
82.0	105.666664	135.33333	147.0	148.33333	153.66667	170.0	187.0	196.33333	203.33333	203.66667	197.33333	167.66667	130.33333	148.0	147.33333	138.33333	164.0	200.0	206.33333	187.0	175.66667	183.66667	176.0	185.33333	203.66667	201.33333	201.33333	204.0	204.66667	202.0	193.66667	184.0	181.0	183.33333	177.66667	
80.0	99.0	131.66667	147.0	143.33333	145.33333	163.66667	180.33333	190.66667	196.66667	198.66667	196.0	171.66667	140.33333	151.33333	155.66667	137.33333	149.0	181.0	186.66667	179.66667	181.33333	193.33333	190.0	194.0	202.0	205.66667	204.66667	203.33333	204.0	202.33333	195.66667	184.66667	181.66667	183.66667	176.33333	
81.666664	99.666664	127.333336	147.66667	144.0	136.66667	154.66667	174.33333	189.0	197.0	199.0	197.33333	180.66667	160.0	160.33333	166.0	153.0	156.0	166.0	177.0	188.0	195.33333	197.0	189.33333	193.66667	199.33333	202.0	206.33333	206.66667	205.0	202.0	196.33333	185.66667	183.33333	184.66667	174.33333	
81.333336	99.0	121.0	144.66667	146.0	132.33333	150.66667	174.0	186.0	196.0	199.66667	193.0	178.66667	170.0	167.0	171.0	169.33333	180.33333	187.66667	193.66667	200.33333	200.33333	196.0	188.0	191.66667	197.0	200.0	202.0	204.33333	204.33333	201.0	196.33333	188.0	181.66667	184.33333	175.33333	
79.333336	97.333336	117.333336	141.33333	149.33333	137.66667	150.66667	169.66667	183.33333	195.0	194.33333	184.66667	173.33333	170.0	169.33333	171.0	177.0	192.33333	199.66667	197.66667	199.33333	199.66667	198.66667	192.66667	190.0	191.66667	195.0	196.66667	199.33333	202.0	201.33333	197.0	190.0	179.66667	184.33333	179.66667	
74.0	98.333336	117.333336	141.0	153.66667	142.0	148.0	168.0	185.66667	197.33333	186.33333	176.66667	171.0	166.0	168.66667	170.33333	176.33333	188.33333	194.33333	192.0	195.66667	204.33333	202.0	195.0	189.33333	184.0	185.33333	189.33333	194.66667	200.33333	202.66667	199.0	192.66667	179.0	185.66667	183.0	
62.666668	90.666664	115.333336	138.0	151.66667	141.33333	141.0	165.66667	185.66667	194.33333	177.33333	170.0	168.66667	160.0	160.33333	167.33333	175.0	184.66667	193.33333	196.33333	195.66667	201.66667	198.33333	193.66667	190.33333	183.0	182.0	185.0	191.0	201.0	205.0	199.33333	193.0	178.33333	185.0	185.33333	
48.666668	85.333336	111.666664	130.66667	149.33333	144.33333	139.0	161.33333	188.0	190.0	168.0	161.66667	161.33333	151.0	152.33333	167.33333	177.0	183.0	185.0	193.66667	192.0	189.33333	183.66667	179.66667	175.66667	171.66667	180.0	188.0	192.66667	201.0	205.66667	200.33333	190.33333	176.0	185.0	189.0	
31.0	75.333336	105.0	124.0	151.33333	147.0	132.33333	154.0	188.0	192.66667	168.33333	165.66667	162.0	143.33333	140.66667	157.33333	165.33333	162.66667	154.33333	164.0	170.33333	171.0	172.33333	171.66667	160.66667	149.33333	165.33333	184.66667	195.66667	204.0	206.66667	202.0	187.66667	172.33333	187.66667	190.33333	
15.0	54.333332	94.666664	116.0	149.33333	149.33333	127.0	143.33333	187.0	201.0	183.0	182.33333	175.66667	141.66667	128.66667	150.33333	167.66667	173.33333	171.0	174.0	179.66667	183.33333	184.66667	177.0	164.66667	159.33333	171.0	182.66667	191.0	203.33333	206.33333	201.66667	184.66667	172.0	191.33333	187.66667	
5.0	33.333332	82.0	106.0	144.66667	156.0	127.0	130.33333	179.0	205.0	197.0	190.66667	185.33333	164.66667	144.66667	148.33333	164.0	174.33333	180.0	178.66667	181.66667	181.0	176.33333	163.0	162.66667	172.33333	182.66667	189.0	191.66667	199.33333	203.0	197.66667	178.66667	172.0	194.0	183.33333	
3.3333333	16.0	61.0	96.666664	137.33333	155.66667	127.666664	120.666664	169.33333	204.0	200.0	186.66667	181.33333	171.66667	165.0	154.66667	155.33333	159.66667	162.33333	162.33333	164.0	171.0	175.0	171.33333	172.66667	176.33333	183.0	192.66667	195.66667	197.33333	200.0	192.0	171.33333	175.0	198.0	179.0	
3.6666667	6.3333335	35.0	75.333336	120.0	152.0	132.33333	116.333336	155.0	195.33333	198.66667	186.66667	178.66667	166.33333	161.66667	157.66667	161.33333	171.66667	179.66667	180.66667	181.66667	186.33333	189.33333	186.0	179.0	176.66667	182.0	194.66667	198.66667	200.33333	200.33333	186.33333	164.33333	182.0	197.66667	171.33333	
3.3333333	6.0	12.0	42.666668	93.666664	142.66667	141.66667	115.333336	137.66667	184.0	195.66667	186.66667	176.0	165.0	156.33333	158.0	162.66667	177.0	187.33333	190.33333	192.0	191.66667	188.66667	184.33333	180.33333	177.66667	182.33333	194.0	195.33333	198.33333	199.66667	182.0	162.0	188.66667	193.33333	165.66667	
3.0	5.6666665	5.6666665	16.333334	56.666668	123.0	144.33333	116.333336	121.0	168.33333	187.66667	182.0	171.66667	168.33333	160.66667	161.0	164.66667	173.33333	179.33333	182.33333	183.0	184.0	182.0	178.33333	177.0	178.0	183.0	193.66667	193.66667	196.0	196.0	171.0	167.0	196.33333	185.33333	160.0	
3.0	4.6666665	5.6666665	7.0	27.0	89.333336	135.66667	127.666664	113.666664	148.66667	173.33333	176.66667	170.33333	174.0	167.33333	164.0	166.33333	168.66667	173.33333	176.0	173.0	174.0	176.66667	177.0	176.0	177.66667	183.0	189.66667	192.0	194.0	185.33333	160.0	177.33333	200.33333	181.0	173.66667	
3.3333333	4.6666665	6.0	7.3333335	16.0	60.666668	112.666664	133.0	113.0	127.666664	157.0	169.33333	170.66667	175.33333	171.33333	171.0	173.66667	175.0	174.0	177.0	178.0	177.0	177.66667	178.33333	180.33333	184.0	187.0	190.66667	194.33333	190.66667	171.33333	159.33333	191.66667	197.0	173.0	203.0	
3.6666667	4.6666665	6.3333335	7.6666665	9.666667	43.0	91.0	119.666664	117.0	111.666664	136.0	151.66667	169.33333	180.33333	177.33333	179.66667	182.66667	181.33333	181.0	185.33333	189.33333	187.33333	186.66667	188.33333	191.66667	193.33333	192.33333	193.0	193.66667	182.0	162.0	168.33333	198.0	184.0	194.0	203.33333	
5.0	5.6666665	6.3333335	6.6666665	5.6666665	28.333334	82.0	101.333336	109.333336	104.333336	115.666664	134.66667	162.33333	179.0	186.33333	191.33333	193.33333	190.66667	193.33333	198.0	198.33333	196.66667	197.0	198.33333	198.0	197.0	195.33333	192.66667	187.0	168.66667	151.66667	175.0	192.66667	196.66667	221.66667	149.66667	
6.0	6.0	5.6666665	5.3333335	5.0	26.666666	91.0	103.333336	96.333336	98.0	100.333336	115.333336	151.33333	172.66667	187.33333	187.0	186.0	185.0	191.66667	197.33333	198.66667	199.33333	197.33333	194.33333	194.33333	197.0	197.66667	194.33333	181.0	152.33333	150.66667	177.33333	190.66667	222.66667	189.66667	89.333336	
