72.0	74.0	105.666664	146.33333	164.0	169.0	165.33333	155.0	146.66667	143.66667	141.0	139.66667	137.0	136.66667	138.66667	136.66667	134.66667	136.33333	137.33333	137.0	136.0	135.33333	136.33333	135.33333	137.0	136.33333	136.66667	138.33333	139.0	140.33333	137.0	127.0	105.333336	64.333336	41.333332	56.666668	
67.0	80.0	126.666664	171.33333	177.66667	169.0	163.33333	152.0	142.66667	139.33333	137.33333	137.33333	136.0	137.33333	138.33333	137.0	136.0	138.33333	139.0	137.33333	135.0	133.66667	133.66667	134.33333	133.66667	133.33333	134.0	139.0	141.0	140.66667	138.33333	133.33333	116.333336	81.0	44.666668	50.0	
62.0	89.333336	153.33333	184.66667	182.33333	170.33333	159.33333	147.0	139.33333	138.0	136.66667	137.33333	137.33333	138.33333	138.33333	138.33333	137.33333	139.33333	140.0	137.0	133.33333	134.66667	133.33333	133.0	134.33333	135.0	137.0	139.0	141.0	142.66667	142.0	141.33333	128.0	94.666664	52.333332	44.666668	
67.666664	105.333336	171.66667	187.66667	182.0	169.0	155.66667	146.33333	141.0	139.0	136.66667	137.0	138.0	137.0	136.0	136.0	136.66667	139.0	138.66667	137.66667	136.33333	136.33333	135.66667	134.66667	135.66667	134.66667	137.33333	139.33333	143.0	144.0	143.66667	143.33333	136.33333	103.666664	61.0	46.333332	
75.0	122.0	179.0	186.66667	178.0	162.66667	151.33333	146.66667	143.33333	139.0	136.0	134.33333	136.33333	135.33333	133.66667	134.0	136.33333	139.0	140.33333	137.66667	137.0	135.0	136.0	135.66667	138.66667	136.66667	139.0	141.0	144.33333	144.66667	144.66667	146.66667	143.33333	110.0	67.333336	51.333332	
79.333336	125.666664	176.33333	181.33333	170.33333	155.0	146.33333	143.33333	143.0	136.66667	130.0	130.66667	135.66667	133.66667	131.33333	133.33333	137.33333	139.0	138.33333	134.33333	133.0	133.33333	133.66667	134.66667	137.33333	135.33333	138.33333	140.0	143.33333	143.66667	143.33333	147.66667	148.0	115.0	71.666664	53.333332	
82.333336	123.333336	171.66667	171.66667	157.66667	145.66667	139.33333	137.66667	139.66667	135.66667	128.0	130.66667	134.33333	132.66667	131.66667	134.0	138.0	137.66667	136.0	134.66667	132.0	130.0	132.0	134.33333	134.0	132.0	137.0	137.66667	140.33333	142.66667	144.0	149.33333	148.33333	115.333336	72.333336	50.666668	
87.666664	120.333336	164.0	164.33333	149.0	138.0	135.66667	136.66667	138.0	138.0	136.33333	135.33333	134.33333	132.0	130.0	132.66667	136.66667	136.33333	136.33333	133.0	129.0	130.33333	133.33333	134.33333	134.33333	134.33333	139.33333	141.33333	141.0	141.66667	143.33333	149.0	148.33333	114.666664	70.666664	50.666668	
90.666664	110.333336	147.33333	158.0	145.33333	140.66667	140.0	140.66667	141.0	140.33333	139.66667	138.33333	136.33333	132.33333	129.66667	131.66667	135.33333	134.33333	135.0	131.0	129.0	134.66667	134.66667	137.0	139.0	140.0	141.66667	141.66667	139.66667	141.66667	143.66667	146.33333	145.33333	115.0	72.0	54.666668	
89.666664	98.666664	131.66667	152.66667	144.66667	141.66667	141.0	142.66667	144.0	142.0	140.0	138.0	136.0	133.0	134.33333	135.66667	134.33333	132.0	133.66667	134.66667	133.33333	136.66667	136.33333	137.33333	139.0	139.33333	138.33333	137.66667	137.0	140.0	144.33333	144.66667	143.33333	116.0	73.0	53.333332	
85.666664	93.0	122.666664	149.66667	151.0	145.66667	143.33333	141.66667	137.66667	134.0	132.66667	133.33333	131.33333	128.66667	134.0	132.66667	132.66667	131.33333	134.0	136.33333	132.33333	134.66667	134.66667	136.0	136.0	135.0	133.66667	134.0	134.66667	135.66667	141.0	146.33333	144.33333	127.333336	89.666664	57.666668	
91.666664	93.666664	118.0	147.0	159.0	151.66667	142.0	137.66667	131.0	125.666664	123.666664	124.0	120.0	119.0	122.666664	122.0	127.333336	127.333336	130.66667	130.33333	126.0	128.0	124.333336	128.0	130.33333	127.0	124.333336	122.0	126.666664	130.66667	135.66667	145.33333	146.0	140.0	115.333336	75.0	
103.666664	99.0	122.0	145.66667	167.33333	154.33333	139.0	130.33333	124.0	114.0	100.666664	90.0	87.333336	89.333336	93.666664	102.666664	116.333336	113.333336	117.666664	118.333336	114.666664	101.333336	88.0	87.0	89.666664	89.0	86.333336	87.0	97.333336	109.666664	119.0	132.0	142.66667	144.33333	138.0	101.0	
109.666664	106.0	127.666664	151.0	167.33333	144.0	120.333336	102.666664	88.0	71.0	59.333332	57.333332	63.0	67.666664	74.0	92.333336	107.333336	109.0	111.0	107.0	99.0	80.666664	61.333332	48.333332	43.0	43.666668	51.333332	65.333336	79.666664	89.0	91.666664	111.333336	139.0	147.33333	149.66667	129.66667	
95.0	106.333336	138.33333	158.0	153.66667	114.0	91.333336	76.333336	65.666664	52.0	44.666668	47.333332	56.666668	64.0	69.0	82.666664	100.666664	112.666664	114.666664	108.666664	89.666664	70.0	53.0	45.0	43.0	42.0	47.666668	58.666668	69.0	77.0	79.666664	92.666664	124.0	144.66667	145.33333	135.33333	
88.666664	109.333336	147.0	163.66667	139.66667	96.0	91.666664	79.333336	68.666664	59.0	51.333332	49.666668	52.666668	59.333332	63.666668	74.0	87.0	105.666664	108.666664	96.333336	78.0	63.333332	50.0	42.666668	40.666668	40.333332	44.0	51.666668	58.333332	68.0	80.666664	82.666664	95.0	119.666664	140.33333	142.0	
83.333336	113.666664	158.33333	164.33333	124.666664	114.666664	124.0	71.666664	56.666668	49.0	45.0	44.333332	49.0	51.333332	54.333332	63.333332	70.666664	81.333336	86.333336	80.333336	63.0	52.0	45.333332	38.0	35.333332	33.333332	37.666668	43.666668	47.333332	48.0	68.0	80.333336	88.0	113.333336	139.66667	142.66667	
114.0	158.33333	196.66667	184.66667	131.33333	136.0	99.666664	52.666668	44.666668	41.0	40.666668	44.333332	48.0	45.666668	48.666668	55.333332	62.0	86.0	101.333336	97.0	68.0	47.0	46.666668	39.666668	41.666668	45.0	49.333332	57.333332	66.666664	63.333332	64.666664	83.0	98.0	126.0	144.33333	149.0	
123.666664	154.66667	186.33333	172.0	110.0	101.0	73.333336	60.333332	64.333336	59.666668	57.666668	57.0	55.666668	53.666668	54.333332	54.666668	58.666668	94.0	109.666664	108.666664	83.666664	47.333332	47.666668	45.333332	46.333332	51.0	58.333332	68.0	75.333336	79.333336	77.333336	84.0	102.333336	130.66667	147.33333	151.66667	
165.33333	157.66667	182.0	168.0	117.333336	101.333336	89.333336	77.0	75.0	74.333336	70.666664	65.0	62.0	61.333332	60.666668	57.666668	63.0	101.0	113.333336	112.666664	100.666664	61.333332	55.333332	56.0	54.666668	57.666668	63.0	69.666664	76.333336	82.666664	85.333336	90.333336	111.0	132.33333	148.33333	153.66667	
168.0	167.0	186.33333	179.0	133.66667	111.666664	113.333336	85.666664	77.666664	77.333336	73.333336	67.666664	67.333336	68.333336	68.333336	64.666664	77.333336	108.666664	114.666664	116.0	112.666664	86.0	67.333336	64.0	64.0	65.333336	68.0	73.333336	79.333336	84.666664	90.666664	103.333336	120.0	128.66667	147.66667	155.0	
141.0	165.33333	200.66667	197.33333	153.66667	117.666664	106.333336	83.0	76.0	74.666664	71.0	70.666664	72.0	72.666664	74.0	81.333336	94.666664	114.333336	117.0	117.0	114.333336	106.333336	92.0	80.0	72.333336	69.333336	70.0	73.666664	79.333336	90.0	106.0	118.333336	124.666664	130.66667	148.33333	158.0	
127.0	179.33333	216.66667	222.33333	178.0	128.0	112.666664	91.333336	77.0	72.333336	69.0	71.333336	75.333336	78.0	88.0	100.666664	106.0	113.666664	115.333336	115.333336	114.666664	113.0	110.666664	104.0	93.666664	90.333336	91.0	93.0	99.0	111.0	118.0	122.333336	128.0	134.66667	152.0	162.0	
130.33333	174.66667	220.33333	232.66667	191.33333	132.0	123.666664	116.0	102.0	92.0	87.0	87.333336	91.333336	93.333336	96.666664	103.666664	107.333336	115.333336	114.333336	112.666664	115.666664	114.0	111.333336	107.666664	102.0	102.0	104.666664	107.0	110.333336	118.333336	123.333336	124.333336	127.666664	135.66667	151.66667	163.66667	
117.666664	148.33333	202.33333	225.0	188.0	137.0	129.33333	123.0	117.666664	109.0	106.666664	106.666664	105.333336	99.333336	96.666664	101.0	110.666664	120.666664	115.333336	115.0	117.666664	117.666664	108.333336	103.0	104.0	105.333336	108.333336	113.333336	116.333336	122.666664	129.33333	129.66667	130.33333	136.33333	146.66667	160.66667	
104.333336	135.66667	189.33333	210.33333	164.66667	137.0	128.0	121.0	118.0	114.0	113.666664	112.666664	109.666664	97.666664	91.666664	103.333336	115.333336	116.333336	114.0	116.666664	117.333336	119.333336	116.0	104.333336	98.333336	104.0	107.666664	116.0	120.666664	124.333336	129.33333	129.66667	132.0	134.33333	142.0	156.66667	
104.333336	141.66667	198.33333	204.33333	153.33333	135.66667	127.333336	118.333336	118.666664	120.666664	118.666664	113.666664	105.333336	91.333336	88.333336	99.666664	91.333336	101.333336	107.666664	107.0	109.0	98.333336	88.333336	99.0	96.333336	101.666664	106.333336	116.666664	120.666664	125.666664	129.0	128.66667	131.66667	131.33333	136.66667	151.0	
101.333336	126.0	209.33333	200.66667	146.33333	134.0	125.333336	119.666664	118.666664	118.666664	114.666664	105.333336	92.666664	87.666664	89.0	83.0	56.666668	70.666664	96.0	94.0	92.333336	67.333336	67.333336	91.0	97.0	102.666664	105.0	113.333336	118.333336	125.333336	129.0	128.66667	128.0	126.333336	132.33333	147.0	
120.666664	115.666664	198.66667	199.66667	145.0	133.33333	126.333336	120.333336	117.333336	115.333336	107.666664	96.0	86.0	92.666664	93.0	81.0	77.666664	78.666664	87.666664	87.666664	87.0	86.666664	87.666664	90.0	103.0	106.666664	103.666664	110.333336	117.333336	124.333336	128.0	127.666664	128.0	125.333336	129.66667	141.66667	
164.66667	155.0	182.66667	195.33333	145.33333	128.66667	124.333336	122.0	117.0	113.0	106.333336	92.333336	88.0	97.666664	100.0	94.666664	93.666664	86.666664	82.333336	86.0	91.666664	94.333336	92.666664	97.666664	107.0	109.666664	107.0	107.333336	116.333336	123.333336	128.0	127.666664	126.333336	123.0	127.333336	137.66667	
194.66667	169.33333	157.0	189.66667	147.33333	127.333336	121.666664	122.0	116.666664	112.0	104.0	89.333336	88.0	95.0	101.666664	102.333336	96.666664	89.333336	87.666664	91.333336	94.0	95.333336	97.666664	103.0	108.333336	110.0	110.333336	107.333336	114.0	121.333336	127.333336	127.0	124.0	118.666664	126.0	137.66667	
153.0	162.33333	139.0	186.33333	152.33333	130.33333	119.333336	118.333336	116.333336	111.0	101.333336	86.0	86.666664	93.333336	99.666664	99.666664	95.666664	94.0	91.333336	93.333336	96.666664	97.0	98.0	102.0	105.333336	108.0	108.333336	105.0	109.333336	116.666664	125.0	126.333336	121.333336	118.666664	124.666664	135.33333	
75.333336	127.0	134.66667	177.0	156.66667	131.33333	120.666664	117.333336	117.0	109.666664	97.666664	84.666664	84.666664	90.666664	101.0	102.666664	101.666664	100.666664	97.0	97.666664	101.0	102.666664	103.666664	105.333336	106.0	105.666664	103.0	101.0	105.333336	113.666664	122.333336	125.0	120.0	118.666664	122.333336	133.0	
48.333332	67.666664	98.333336	160.0	165.33333	134.66667	122.666664	118.0	115.666664	107.333336	98.0	84.333336	83.0	89.666664	99.666664	98.333336	91.333336	87.666664	87.666664	90.0	89.333336	93.0	97.0	102.666664	108.333336	104.666664	99.0	97.0	101.0	112.666664	121.333336	123.333336	121.0	117.333336	122.666664	134.66667	
48.0	48.666668	59.666668	129.66667	169.0	135.66667	124.333336	116.333336	114.333336	105.666664	98.0	84.666664	79.333336	85.0	75.333336	61.0	58.333332	59.333332	67.0	68.333336	66.666664	64.666664	57.333332	64.333336	80.0	93.666664	95.333336	94.0	100.0	110.0	118.333336	123.666664	121.666664	119.666664	124.666664	135.66667	
47.333332	48.0	59.666668	119.0	175.0	138.0	125.333336	114.333336	115.0	110.0	100.0	88.0	79.666664	74.0	43.666668	30.0	36.333332	39.666668	44.666668	44.333332	42.0	42.666668	36.333332	35.666668	38.666668	59.0	85.333336	91.666664	97.333336	107.0	117.0	122.333336	121.333336	120.666664	124.666664	136.66667	
46.333332	45.666668	57.666668	112.666664	180.0	144.33333	126.333336	117.666664	113.666664	111.333336	100.666664	92.333336	81.333336	73.666664	36.333332	29.0	45.333332	51.0	51.333332	50.0	52.666668	53.0	53.666668	48.666668	33.666668	32.666668	73.333336	87.0	90.333336	103.333336	116.0	119.666664	119.333336	121.0	123.666664	136.66667	
44.333332	47.0	57.0	102.666664	173.33333	151.0	130.0	121.666664	114.0	112.333336	101.666664	94.0	82.0	83.0	55.333332	35.333332	62.333332	86.0	93.0	94.333336	97.0	94.0	87.666664	70.0	43.666668	48.0	82.666664	83.0	84.333336	100.0	114.0	118.333336	119.0	122.666664	125.666664	136.0	
43.666668	47.0	56.666668	93.333336	169.66667	162.33333	137.0	126.333336	114.666664	113.333336	102.333336	92.666664	85.666664	92.333336	85.333336	78.333336	109.0	117.333336	110.666664	107.333336	103.333336	104.333336	112.666664	106.333336	68.333336	79.0	99.0	86.666664	83.0	97.333336	112.666664	119.0	123.333336	126.666664	129.0	141.66667	
43.333332	44.0	52.0	89.0	168.0	181.33333	145.66667	132.33333	120.666664	113.666664	104.666664	93.333336	88.0	95.666664	110.666664	129.66667	125.666664	115.0	107.666664	103.333336	99.0	98.666664	108.666664	123.333336	116.333336	104.666664	107.333336	95.666664	87.0	97.666664	112.0	116.333336	122.666664	128.66667	133.0	144.0	
47.666668	42.333332	50.666668	88.333336	167.33333	203.33333	155.33333	135.0	124.333336	117.0	109.666664	97.0	91.333336	100.333336	130.33333	139.0	123.666664	117.666664	112.333336	111.333336	109.0	110.333336	118.666664	128.66667	136.33333	125.333336	109.333336	100.333336	91.666664	97.666664	112.0	115.666664	122.0	133.66667	137.33333	142.66667	
53.0	42.333332	50.333332	91.0	170.66667	213.0	173.66667	140.66667	129.33333	118.333336	113.666664	100.333336	92.0	105.666664	142.33333	142.0	140.0	145.0	144.66667	143.0	143.33333	143.33333	146.0	151.66667	155.66667	151.0	117.666664	105.0	96.0	99.0	112.0	116.666664	123.333336	135.0	136.33333	137.66667	
51.0	41.333332	49.666668	96.333336	175.33333	216.0	192.66667	144.66667	138.0	121.0	113.666664	103.333336	93.333336	114.333336	168.66667	166.33333	157.0	141.66667	125.333336	114.666664	105.666664	103.0	109.333336	119.333336	130.66667	143.0	122.333336	107.666664	99.333336	102.0	110.333336	112.666664	123.0	132.33333	129.66667	130.33333	
45.333332	40.0	49.333332	99.0	178.33333	224.0	202.0	151.0	141.66667	126.0	114.0	108.333336	95.666664	123.666664	178.0	140.33333	123.0	113.0	103.666664	98.0	92.0	91.666664	98.666664	106.0	115.333336	126.666664	114.666664	106.666664	100.333336	107.0	112.0	111.666664	119.333336	123.0	120.0	119.666664	
42.666668	42.333332	54.0	105.666664	188.33333	229.66667	198.33333	154.0	135.66667	129.66667	119.0	113.666664	100.666664	110.666664	141.0	122.0	109.333336	103.666664	96.0	93.333336	88.0	86.333336	90.666664	99.666664	107.0	122.666664	115.333336	107.0	105.666664	109.333336	111.666664	111.333336	114.0	113.666664	111.666664	111.666664	
43.666668	44.666668	59.333332	120.0	207.33333	212.0	164.33333	137.66667	121.333336	118.0	118.666664	115.333336	103.666664	100.333336	137.66667	120.666664	101.333336	95.0	92.333336	91.333336	94.0	98.0	100.666664	102.0	106.0	118.0	111.0	111.333336	108.0	108.333336	105.666664	101.0	100.666664	105.333336	107.666664	106.0	
44.0	48.666668	72.0	148.33333	223.33333	177.66667	99.333336	100.666664	105.333336	98.333336	103.666664	110.333336	108.0	100.333336	128.0	124.333336	101.0	101.333336	109.0	117.333336	128.0	133.66667	133.0	131.66667	128.66667	114.666664	107.333336	109.333336	106.0	104.0	95.0	90.0	95.666664	100.333336	102.666664	101.0	
44.666668	54.333332	98.666664	183.0	231.66667	156.0	66.333336	72.333336	88.333336	88.0	87.333336	93.666664	100.333336	101.333336	106.666664	117.666664	112.333336	116.666664	116.333336	103.0	91.0	86.0	85.0	97.0	123.333336	110.333336	104.666664	105.0	99.666664	88.0	81.333336	85.0	92.333336	96.0	96.333336	95.333336	
47.666668	68.333336	137.66667	215.66667	233.0	149.33333	64.0	53.0	71.0	76.333336	78.666664	78.0	80.333336	88.0	91.0	93.666664	112.333336	104.0	83.0	58.0	51.333332	69.0	60.666668	61.666668	112.0	104.666664	96.666664	93.333336	83.666664	77.333336	80.0	84.0	90.333336	92.666664	89.0	86.666664	
