14.666667	14.666667	22.666666	29.666666	34.666668	38.666668	40.333332	41.0	51.666668	85.333336	116.333336	150.66667	193.0	208.0	221.66667	239.0	240.66667	240.33333	240.66667	237.33333	216.33333	175.0	129.33333	115.333336	121.0	131.66667	136.0	142.0	62.0	45.0	47.333332	51.0	51.0	47.333332	44.333332	45.0	
22.666666	22.666666	29.666666	33.666668	37.666668	40.333332	42.333332	43.333332	52.666668	97.0	177.0	229.66667	243.66667	248.33333	248.0	248.33333	250.33333	250.66667	251.0	249.66667	244.66667	235.33333	224.33333	220.33333	218.0	216.33333	211.0	196.0	115.333336	70.666664	51.333332	52.333332	52.333332	47.666668	45.0	44.0	
32.0	33.666668	36.333332	38.333332	38.0	41.333332	52.0	66.333336	116.0	198.0	240.33333	245.33333	243.0	244.0	239.0	231.33333	235.0	246.33333	248.0	241.33333	231.66667	218.66667	207.33333	212.33333	227.0	229.33333	224.33333	214.0	184.66667	139.33333	86.0	55.666668	49.333332	47.666668	46.333332	44.0	
32.0	38.0	39.666668	39.0	42.0	71.333336	114.333336	158.0	215.66667	235.66667	231.66667	228.66667	231.66667	238.66667	227.66667	219.66667	217.66667	225.66667	221.66667	207.33333	193.0	195.66667	191.66667	179.33333	179.33333	189.66667	189.0	198.0	208.0	175.33333	132.33333	91.666664	55.666668	46.333332	45.333332	45.0	
24.0	35.333332	47.333332	55.666668	76.0	148.0	210.33333	235.0	236.0	220.33333	208.33333	210.33333	219.33333	226.66667	213.0	193.0	183.66667	180.66667	177.0	169.33333	167.33333	172.66667	178.33333	180.33333	173.66667	167.66667	161.33333	171.0	194.66667	201.33333	165.33333	123.333336	76.333336	46.666668	47.0	46.0	
16.0	36.0	70.666664	95.666664	153.33333	217.66667	236.66667	239.33333	219.66667	198.0	192.66667	194.66667	197.66667	196.0	185.66667	165.0	149.33333	149.0	161.0	163.66667	167.33333	174.66667	183.33333	194.0	200.0	200.66667	194.33333	186.33333	197.66667	233.33333	230.33333	185.66667	124.333336	61.0	48.0	47.0	
13.0	23.666666	51.666668	103.0	197.0	229.33333	232.33333	226.0	200.33333	193.0	190.66667	184.0	178.33333	174.0	170.66667	160.0	156.33333	158.33333	162.33333	166.0	170.33333	176.33333	181.33333	189.66667	203.33333	216.33333	220.33333	213.66667	211.0	235.33333	242.66667	231.66667	206.33333	140.0	74.666664	54.666668	
13.0	19.666666	76.0	189.0	234.0	236.33333	224.66667	201.33333	202.33333	201.33333	192.0	181.33333	174.66667	169.33333	164.66667	159.33333	154.66667	154.66667	156.0	157.33333	161.33333	165.33333	166.66667	169.66667	184.0	194.0	200.66667	212.66667	214.66667	213.0	229.0	227.66667	228.0	216.33333	153.66667	86.333336	
12.0	28.333334	122.0	215.0	227.33333	218.33333	192.33333	199.0	213.66667	205.0	188.33333	175.0	167.0	159.66667	155.33333	153.66667	152.33333	153.33333	152.33333	153.33333	154.33333	155.33333	157.0	156.33333	160.33333	166.33333	178.66667	195.33333	208.0	198.0	202.33333	209.33333	212.0	221.66667	216.0	166.33333	
16.0	69.666664	176.66667	223.0	212.0	184.33333	176.33333	217.66667	214.33333	196.0	179.0	164.66667	158.0	155.0	150.66667	147.66667	149.33333	150.33333	150.0	149.33333	149.33333	149.33333	149.33333	148.66667	148.0	150.66667	161.33333	175.0	187.0	191.33333	180.0	179.66667	186.66667	199.0	215.0	214.33333	
16.0	79.0	194.0	214.33333	193.66667	176.0	193.0	220.33333	201.33333	184.33333	171.33333	160.0	154.0	152.33333	149.0	147.66667	150.33333	149.33333	148.0	148.0	147.33333	146.33333	146.0	144.33333	142.66667	145.0	149.33333	156.0	169.66667	178.33333	168.33333	155.0	153.66667	172.33333	196.33333	218.33333	
23.0	105.333336	204.33333	198.0	180.66667	175.33333	206.66667	214.66667	190.0	174.66667	164.33333	157.0	152.66667	152.66667	151.33333	147.66667	148.0	149.66667	148.33333	148.0	147.66667	148.0	148.0	144.66667	143.0	145.33333	147.0	151.66667	159.33333	165.0	162.33333	151.66667	138.33333	154.66667	173.33333	191.66667	
67.333336	160.66667	207.0	191.33333	171.0	179.66667	211.66667	205.66667	182.0	172.33333	161.0	155.0	152.66667	153.66667	151.0	147.66667	147.66667	149.66667	152.66667	152.0	150.33333	151.0	151.0	148.33333	146.33333	148.0	148.66667	149.33333	150.0	155.66667	152.66667	148.66667	139.33333	147.0	160.66667	169.0	
102.0	189.33333	210.33333	180.33333	167.0	176.0	205.33333	194.33333	178.0	169.33333	160.66667	159.0	157.66667	156.66667	152.0	147.0	147.66667	149.66667	151.33333	150.0	148.0	147.66667	148.33333	153.0	152.66667	150.0	153.33333	152.33333	150.0	151.66667	143.66667	144.66667	135.66667	138.0	138.66667	146.0	
69.0	180.33333	202.66667	172.33333	169.33333	170.33333	197.0	190.0	177.33333	171.66667	167.33333	169.0	164.66667	158.66667	152.0	147.0	146.33333	146.0	147.0	145.66667	135.66667	127.333336	130.66667	134.66667	140.33333	143.66667	148.33333	158.0	161.33333	154.66667	136.66667	135.0	139.33333	140.66667	145.33333	143.0	
99.666664	204.0	201.66667	181.33333	173.33333	165.66667	191.33333	187.0	178.0	177.66667	174.0	170.33333	158.0	147.33333	144.66667	143.66667	144.66667	144.66667	144.0	141.66667	129.33333	118.333336	117.0	113.666664	109.333336	115.0	123.333336	138.0	159.33333	156.0	134.66667	122.333336	130.33333	141.33333	148.0	150.66667	
141.33333	212.0	201.0	185.0	170.66667	163.33333	184.66667	186.0	183.0	176.33333	163.0	147.0	133.0	132.33333	137.33333	140.33333	144.66667	146.66667	147.33333	148.66667	142.66667	134.33333	125.333336	115.333336	112.0	119.666664	120.333336	124.333336	140.0	149.66667	136.0	118.666664	114.333336	125.0	132.66667	139.0	
181.66667	215.33333	198.0	183.66667	172.0	165.33333	182.33333	188.33333	179.33333	153.0	135.0	124.666664	122.333336	133.66667	144.66667	147.33333	149.66667	152.0	148.0	145.33333	140.66667	135.33333	133.0	133.66667	139.0	142.66667	140.0	134.0	135.0	143.66667	138.0	121.0	107.333336	110.0	128.33333	135.33333	
215.33333	216.33333	198.0	187.66667	175.66667	162.66667	178.33333	188.0	167.66667	139.0	133.0	137.0	139.0	143.33333	148.33333	148.66667	150.66667	148.33333	140.66667	133.33333	121.666664	112.0	98.666664	100.666664	110.666664	120.333336	130.33333	135.66667	134.66667	141.66667	144.66667	129.66667	105.333336	96.333336	116.333336	125.333336	
219.0	215.66667	196.0	187.66667	173.0	158.0	175.66667	183.0	165.0	156.66667	159.0	153.0	141.33333	129.0	125.666664	131.66667	142.66667	139.66667	132.66667	121.666664	99.0	80.0	65.666664	69.0	78.333336	84.333336	97.0	120.666664	133.33333	144.0	149.66667	142.0	111.666664	86.666664	100.333336	114.333336	
210.33333	211.0	189.66667	185.0	165.33333	156.33333	175.66667	175.66667	165.33333	162.33333	143.0	114.0	88.666664	79.666664	89.333336	101.333336	125.666664	140.0	136.0	121.333336	102.333336	91.0	93.333336	107.0	120.0	126.666664	126.666664	122.666664	120.333336	135.0	144.0	143.0	125.333336	89.0	82.666664	97.0	
191.66667	206.0	187.0	184.0	152.33333	151.33333	177.0	176.0	167.66667	142.33333	114.666664	109.333336	104.0	96.0	100.333336	113.0	133.66667	149.33333	143.33333	128.0	118.333336	113.666664	116.666664	119.333336	120.333336	119.333336	118.666664	125.333336	132.33333	137.33333	140.33333	141.33333	133.33333	109.0	85.0	81.666664	
205.66667	205.0	187.33333	183.0	140.0	143.33333	176.66667	173.66667	153.66667	140.33333	144.0	143.33333	134.66667	127.333336	128.66667	134.0	150.33333	158.0	151.33333	139.66667	129.66667	126.333336	128.0	129.66667	129.66667	130.33333	134.66667	139.0	140.33333	139.0	138.0	136.66667	135.33333	127.0	102.666664	82.0	
145.0	189.0	181.33333	176.33333	136.66667	139.33333	173.33333	163.66667	144.33333	136.33333	132.0	131.66667	132.0	134.33333	145.66667	156.66667	166.66667	160.66667	146.66667	143.0	140.0	140.0	138.33333	136.66667	137.33333	139.33333	141.0	144.0	144.33333	139.66667	139.0	136.33333	136.33333	133.33333	113.333336	88.666664	
65.333336	174.0	175.0	165.33333	136.33333	147.33333	176.33333	163.66667	153.66667	147.33333	144.0	142.66667	142.0	146.33333	154.66667	160.66667	172.0	161.33333	145.33333	144.66667	143.66667	143.66667	138.66667	135.33333	138.0	140.0	143.33333	146.33333	146.33333	145.0	143.33333	142.33333	140.0	135.66667	115.666664	102.0	
58.666668	176.0	186.66667	162.33333	144.0	161.33333	173.0	160.0	163.66667	161.0	155.33333	147.66667	143.0	138.66667	149.0	164.0	172.33333	165.33333	156.66667	150.33333	145.0	144.0	146.0	135.0	136.0	141.66667	147.33333	148.33333	145.0	143.66667	143.33333	140.33333	143.0	139.0	127.333336	120.666664	
71.666664	171.66667	181.66667	168.0	155.0	165.66667	165.33333	165.66667	172.33333	165.33333	156.0	145.66667	137.66667	135.0	148.33333	160.0	154.33333	163.0	165.0	150.0	122.333336	118.0	130.33333	129.33333	133.33333	139.33333	146.33333	149.66667	146.66667	143.66667	142.66667	139.0	140.33333	139.0	134.33333	122.666664	
49.333332	136.33333	165.0	156.0	151.0	160.0	168.0	177.0	177.33333	163.0	154.66667	145.0	132.0	133.0	141.33333	145.33333	136.33333	137.0	149.66667	140.0	123.0	120.666664	122.666664	126.333336	127.666664	132.33333	137.66667	147.0	147.0	143.33333	142.33333	139.66667	140.0	137.33333	135.0	128.0	
40.0	103.0	165.66667	156.66667	147.33333	160.0	171.33333	180.66667	178.0	160.66667	153.66667	141.66667	132.0	135.0	141.33333	144.66667	140.33333	135.66667	135.33333	130.66667	125.333336	125.0	125.0	125.333336	120.333336	122.666664	124.666664	134.33333	144.66667	141.66667	142.33333	140.33333	139.33333	137.66667	137.33333	127.0	
41.0	91.0	159.0	161.33333	147.66667	159.0	172.66667	180.0	175.33333	159.0	149.33333	136.33333	132.66667	136.33333	139.66667	145.0	144.66667	141.33333	136.33333	135.66667	133.33333	132.0	129.0	127.666664	123.0	120.333336	121.0	121.666664	138.33333	144.66667	142.66667	139.0	138.66667	140.0	138.0	125.333336	
42.333332	76.333336	148.33333	152.66667	134.66667	163.33333	175.0	176.33333	171.33333	158.66667	147.0	130.33333	127.666664	133.33333	140.0	145.33333	149.66667	149.0	139.0	134.0	133.66667	134.66667	130.66667	130.33333	129.0	128.33333	130.0	125.666664	130.33333	144.33333	144.33333	138.33333	137.66667	142.0	137.66667	126.333336	
39.0	54.0	123.333336	139.33333	120.333336	165.33333	173.66667	172.33333	167.33333	160.0	144.33333	128.33333	132.33333	138.33333	147.0	147.66667	145.33333	147.0	143.66667	136.66667	133.0	132.33333	128.0	115.666664	100.666664	106.666664	131.0	135.33333	130.0	141.66667	144.66667	137.66667	138.33333	141.66667	135.66667	124.666664	
33.333332	41.0	88.666664	136.33333	110.666664	152.66667	172.33333	169.0	163.33333	160.0	141.66667	124.333336	139.66667	143.66667	131.0	124.666664	145.33333	153.33333	157.33333	149.33333	147.0	139.33333	144.0	128.33333	83.666664	57.333332	107.0	127.666664	137.66667	142.0	143.0	137.0	138.33333	141.66667	132.66667	117.333336	
24.333334	34.0	63.0	142.66667	150.66667	147.33333	168.0	167.0	160.33333	159.66667	143.33333	121.0	137.0	125.333336	75.333336	99.666664	149.33333	143.66667	122.666664	100.666664	85.333336	78.666664	88.0	87.0	84.333336	95.333336	118.333336	128.0	140.0	142.33333	141.33333	138.0	139.0	137.66667	129.66667	113.0	
16.666666	25.666666	45.666668	129.33333	173.33333	157.66667	165.66667	166.66667	158.66667	159.0	148.33333	128.0	123.0	118.0	98.333336	95.666664	95.666664	92.0	85.666664	82.333336	88.333336	99.0	107.666664	106.666664	115.0	125.0	127.333336	133.0	143.66667	144.33333	140.33333	137.0	137.66667	135.33333	127.666664	99.666664	
13.666667	16.666666	32.333332	107.333336	173.33333	161.0	163.33333	166.66667	156.66667	160.0	155.33333	141.0	122.333336	120.0	133.0	132.0	124.0	126.666664	130.0	128.0	128.0	133.33333	133.0	129.66667	127.0	129.66667	130.0	137.66667	146.0	146.0	139.0	136.0	136.33333	133.0	124.333336	76.0	
13.333333	13.0	21.666666	61.666668	146.66667	158.66667	160.33333	164.66667	157.0	157.33333	159.33333	152.0	138.33333	132.33333	140.0	144.0	144.33333	143.0	142.33333	140.66667	139.33333	137.33333	133.33333	130.66667	129.66667	132.33333	133.33333	137.66667	143.66667	141.66667	139.0	138.66667	134.33333	132.0	121.333336	70.666664	
13.666667	13.333333	15.333333	26.666666	71.0	112.333336	136.33333	162.0	158.66667	154.0	158.66667	156.66667	147.66667	142.66667	142.33333	146.0	145.66667	143.66667	143.33333	140.66667	138.0	134.0	132.66667	130.0	129.33333	132.66667	133.66667	136.33333	139.66667	138.33333	138.0	139.0	132.33333	129.66667	114.0	62.0	
14.666667	14.333333	15.0	18.333334	27.333334	43.0	88.333336	155.33333	158.66667	155.33333	155.0	157.66667	151.33333	147.0	144.33333	145.0	144.66667	144.0	144.0	139.0	136.33333	133.66667	132.0	129.0	128.66667	128.66667	134.0	137.66667	138.66667	136.66667	137.0	134.0	129.0	127.666664	105.0	56.333332	
16.666666	15.666667	15.666667	17.0	19.666666	28.0	56.666668	136.66667	158.0	157.66667	152.33333	154.0	153.66667	149.66667	146.66667	144.33333	145.33333	146.66667	143.33333	137.0	134.0	133.66667	132.0	129.66667	129.33333	132.33333	135.33333	138.33333	137.66667	135.0	136.0	130.66667	125.333336	120.333336	104.666664	57.666668	
18.0	17.666666	19.666666	19.333334	17.333334	20.333334	32.0	101.666664	153.66667	158.33333	154.0	150.0	154.33333	154.33333	152.0	147.33333	144.33333	141.66667	138.0	136.33333	135.0	133.33333	130.33333	128.33333	129.0	133.0	136.66667	138.0	135.66667	134.66667	135.33333	127.333336	122.333336	117.333336	97.0	56.0	
22.0	23.0	23.333334	19.666666	18.333334	16.0	19.666666	59.666668	143.0	153.0	158.33333	155.0	153.33333	156.0	156.0	151.66667	147.33333	139.0	131.0	129.33333	134.0	132.33333	127.333336	124.666664	128.33333	133.33333	138.0	137.66667	134.33333	133.0	132.33333	123.666664	119.666664	115.0	84.333336	53.666668	
29.333334	33.333332	29.666666	22.0	18.333334	16.666666	18.333334	51.0	144.0	149.0	153.0	157.0	155.0	155.66667	159.66667	155.33333	149.66667	141.0	133.0	126.666664	134.33333	134.33333	127.0	128.0	131.66667	136.0	139.66667	137.0	133.66667	132.33333	129.66667	120.333336	116.666664	114.666664	85.666664	54.0	
33.666668	39.666668	36.666668	27.666666	21.666666	18.333334	17.0	35.333332	138.33333	149.33333	144.66667	152.33333	156.0	154.0	155.66667	155.0	150.0	144.0	139.66667	137.66667	138.0	142.33333	137.66667	135.66667	137.33333	140.66667	140.66667	135.0	134.66667	132.33333	128.0	119.666664	114.666664	116.666664	107.333336	57.0	
37.666668	38.666668	35.333332	31.0	24.333334	20.333334	18.0	25.666666	110.666664	147.0	135.0	142.0	151.33333	153.66667	149.33333	151.33333	151.33333	147.33333	144.66667	145.33333	144.0	146.0	141.66667	140.33333	142.66667	142.33333	137.0	133.0	133.0	131.66667	126.666664	116.333336	110.333336	139.0	158.0	84.0	
45.666668	38.666668	34.333332	34.0	30.0	23.666666	19.666666	19.666666	52.666668	126.0	131.33333	129.33333	142.0	148.66667	148.33333	150.33333	151.33333	150.0	149.66667	149.0	146.0	145.66667	141.33333	139.33333	139.33333	135.33333	130.33333	131.0	132.0	130.33333	121.333336	106.333336	110.0	174.66667	189.66667	124.666664	
45.666668	38.666668	34.333332	32.0	33.333332	28.666666	23.666666	20.0	31.0	96.0	135.33333	125.0	128.33333	137.0	143.33333	146.33333	148.33333	149.0	150.66667	148.0	142.66667	141.33333	137.66667	135.0	131.33333	125.333336	126.666664	129.0	130.0	124.333336	108.0	95.333336	149.0	208.0	208.0	130.33333	
40.666668	37.666668	34.0	31.0	32.0	33.333332	28.333334	31.666666	91.333336	113.666664	154.66667	143.33333	127.0	124.333336	130.0	132.66667	134.66667	137.33333	138.0	138.33333	136.66667	134.66667	132.66667	129.66667	126.666664	126.0	127.333336	128.66667	121.0	111.0	97.333336	141.0	201.33333	214.66667	213.66667	144.0	
38.666668	38.0	37.0	33.0	32.666668	37.666668	55.666668	120.333336	163.66667	108.666664	173.66667	202.33333	164.0	134.66667	118.333336	118.666664	120.333336	121.333336	123.333336	124.666664	125.666664	126.333336	128.66667	127.333336	127.333336	128.33333	125.666664	119.333336	110.666664	99.666664	137.33333	200.0	213.0	213.66667	215.0	158.33333	
