22.333334	51.0	106.0	129.33333	138.66667	142.33333	143.0	147.33333	150.33333	152.0	151.33333	149.0	149.33333	152.0	150.0	149.66667	151.0	154.33333	150.66667	149.66667	150.0	145.0	143.0	142.0	139.66667	139.0	141.0	139.66667	136.0	126.0	94.0	52.666668	34.333332	40.666668	44.333332	44.666668	
35.666668	82.0	122.333336	129.66667	139.33333	142.33333	141.0	145.0	149.66667	149.66667	148.66667	152.0	154.66667	153.33333	155.33333	153.66667	151.33333	151.66667	150.33333	150.0	151.0	149.0	144.66667	140.33333	139.66667	138.33333	136.66667	138.66667	136.66667	131.0	109.333336	68.0	37.0	33.0	37.666668	38.666668	
58.666668	103.333336	123.666664	129.33333	137.0	138.0	138.33333	143.66667	148.66667	149.0	153.33333	157.0	156.33333	153.33333	154.33333	155.0	152.0	149.33333	155.66667	155.66667	155.66667	153.33333	146.66667	141.33333	139.66667	139.33333	136.0	139.33333	142.0	139.66667	128.66667	95.333336	52.666668	37.0	37.333332	38.666668	
81.0	112.333336	122.666664	129.33333	136.66667	138.0	139.33333	145.0	149.33333	150.0	154.0	157.33333	157.0	155.0	155.33333	158.33333	157.66667	157.66667	162.0	160.33333	159.33333	155.0	147.66667	142.66667	141.66667	141.33333	136.0	137.66667	139.0	138.0	136.33333	115.333336	72.333336	45.333332	42.333332	46.333332	
96.666664	118.0	124.0	129.66667	135.33333	137.66667	141.66667	146.66667	151.66667	154.0	155.0	156.33333	158.66667	158.66667	158.66667	159.0	161.33333	160.0	161.0	162.33333	159.66667	154.33333	146.66667	139.66667	140.0	140.0	136.0	136.66667	137.0	135.66667	134.66667	128.66667	95.666664	59.0	47.666668	49.666668	
104.333336	119.333336	124.666664	128.0	132.33333	135.33333	140.0	145.0	150.66667	157.0	157.0	155.66667	155.0	158.0	161.33333	159.66667	159.66667	158.66667	162.0	163.66667	159.0	154.33333	151.66667	148.33333	143.66667	139.66667	138.0	134.33333	133.33333	133.66667	134.66667	135.0	112.0	78.0	57.333332	52.333332	
106.333336	116.0	124.0	126.0	129.0	135.33333	138.33333	144.0	150.0	154.66667	153.66667	152.33333	155.33333	160.33333	167.0	166.66667	164.66667	163.66667	166.33333	165.66667	159.33333	151.66667	149.0	146.33333	142.0	139.33333	140.66667	138.33333	135.66667	133.66667	136.0	138.66667	122.666664	94.333336	69.666664	52.666668	
106.333336	114.333336	124.333336	126.0	128.33333	132.66667	136.66667	146.66667	151.33333	154.33333	156.33333	157.33333	164.33333	168.0	169.0	162.66667	158.33333	160.66667	161.33333	160.0	157.0	149.33333	144.33333	142.66667	140.0	137.66667	141.33333	141.33333	136.33333	133.0	136.66667	141.33333	130.0	108.666664	82.666664	54.333332	
102.333336	112.0	121.333336	124.333336	126.333336	130.33333	137.0	147.66667	151.0	155.33333	158.33333	158.66667	161.0	159.66667	155.33333	159.33333	160.33333	164.66667	165.66667	163.33333	159.66667	153.0	148.33333	146.66667	142.66667	142.66667	146.66667	147.66667	141.33333	133.33333	136.0	140.33333	132.66667	120.666664	99.333336	62.666668	
101.0	112.333336	119.666664	122.666664	129.0	131.0	135.33333	142.0	146.33333	148.66667	152.66667	156.0	156.0	158.33333	163.33333	163.66667	163.0	164.33333	164.0	164.0	155.33333	147.0	146.0	143.66667	138.66667	139.66667	145.33333	147.66667	145.66667	135.66667	137.66667	139.66667	136.0	132.33333	122.666664	92.0	
103.333336	114.666664	125.0	126.0	124.0	122.666664	126.666664	135.0	146.33333	153.33333	159.0	164.33333	163.33333	164.66667	165.0	163.0	160.33333	159.66667	159.0	158.66667	158.0	158.66667	157.33333	154.0	150.0	149.66667	152.66667	149.0	150.33333	141.66667	138.0	137.33333	141.66667	139.0	135.0	118.333336	
99.0	115.0	126.0	125.0	122.666664	125.0	135.0	144.33333	151.33333	155.33333	159.66667	163.0	161.0	160.33333	155.66667	153.33333	155.66667	164.0	168.66667	169.33333	169.66667	166.66667	159.33333	155.0	152.33333	149.0	153.0	153.66667	151.66667	145.33333	139.66667	135.33333	139.66667	139.33333	135.33333	130.66667	
101.666664	115.0	124.666664	126.666664	127.333336	130.0	138.66667	144.33333	147.66667	151.66667	154.33333	155.33333	156.66667	160.0	161.33333	160.66667	163.66667	173.0	171.66667	169.33333	162.0	152.66667	146.66667	138.66667	133.66667	131.0	141.66667	151.66667	149.66667	145.66667	143.0	137.0	138.66667	137.33333	135.0	133.33333	
104.666664	114.666664	124.333336	126.0	129.33333	134.0	141.66667	148.0	153.66667	155.0	158.66667	163.66667	166.0	168.0	163.0	164.0	163.66667	166.0	163.0	154.66667	133.0	117.333336	114.333336	105.666664	105.666664	120.333336	130.66667	136.0	138.33333	143.33333	145.66667	141.33333	133.33333	133.33333	138.66667	130.33333	
98.666664	115.666664	126.666664	128.0	134.66667	137.33333	140.0	139.66667	147.0	146.66667	152.33333	159.33333	166.0	167.33333	158.0	155.33333	151.33333	146.33333	138.66667	128.33333	105.0	85.0	86.0	91.0	95.333336	107.333336	122.0	127.0	129.33333	138.66667	144.33333	142.66667	135.66667	137.33333	139.66667	129.33333	
96.0	115.666664	125.333336	123.666664	119.666664	120.333336	124.0	121.666664	120.333336	125.666664	136.33333	145.33333	153.66667	153.33333	146.0	145.33333	143.0	133.66667	123.333336	120.0	115.0	112.0	124.333336	133.33333	136.33333	134.66667	129.33333	130.0	132.33333	135.66667	140.66667	141.66667	139.66667	140.66667	139.66667	132.0	
96.666664	111.0	119.0	108.0	97.666664	96.333336	93.666664	88.666664	88.666664	101.0	114.666664	130.66667	144.33333	147.0	142.33333	145.0	146.66667	138.0	130.66667	128.66667	133.33333	140.33333	139.66667	136.66667	139.66667	143.66667	142.33333	135.0	132.33333	131.66667	136.0	140.33333	138.66667	140.66667	138.0	132.33333	
95.0	105.666664	106.666664	96.333336	88.666664	87.333336	92.0	96.333336	97.0	107.0	116.333336	120.666664	133.66667	148.0	145.0	150.0	151.33333	139.0	134.33333	132.0	123.333336	111.333336	101.666664	95.666664	96.0	101.666664	111.0	125.333336	133.0	133.33333	135.0	140.0	138.0	135.66667	136.33333	131.66667	
93.333336	100.0	97.333336	92.0	98.0	116.0	137.33333	147.33333	137.66667	122.666664	115.666664	110.666664	109.666664	137.33333	148.66667	152.33333	148.66667	137.0	135.0	120.666664	110.666664	96.0	111.333336	96.666664	68.666664	61.333332	80.666664	87.0	107.0	127.0	141.0	143.66667	137.33333	137.66667	139.33333	132.33333	
91.333336	93.666664	88.0	97.0	121.666664	138.33333	136.0	120.333336	103.333336	94.0	99.0	108.0	105.333336	120.333336	146.66667	152.0	146.0	133.33333	131.33333	126.666664	114.333336	115.0	139.33333	127.666664	83.333336	82.333336	106.666664	98.666664	106.0	126.0	142.33333	148.66667	147.0	142.33333	140.0	135.0	
92.666664	91.333336	88.333336	99.0	115.333336	105.0	89.666664	66.666664	69.666664	79.333336	102.666664	104.666664	116.0	111.333336	140.66667	153.33333	151.66667	135.33333	132.33333	137.0	126.0	116.666664	121.333336	131.33333	119.0	118.333336	120.666664	121.0	134.0	144.33333	150.66667	154.66667	152.33333	146.0	142.0	140.0	
93.666664	94.333336	92.0	98.333336	83.666664	74.666664	110.666664	87.333336	71.333336	88.333336	107.666664	105.333336	115.0	110.666664	139.0	153.33333	154.66667	138.66667	131.0	136.33333	135.33333	125.0	124.333336	131.0	132.66667	131.66667	131.66667	139.0	146.66667	152.66667	155.0	154.0	149.66667	144.0	139.0	137.0	
91.666664	97.0	100.333336	93.666664	71.333336	85.0	111.333336	109.0	102.0	107.333336	109.0	120.666664	113.666664	111.333336	138.66667	151.33333	153.0	140.66667	131.66667	136.33333	143.33333	145.66667	141.33333	141.66667	146.0	146.0	148.0	153.66667	155.33333	159.66667	160.33333	154.66667	148.33333	142.0	140.0	137.0	
88.333336	101.0	114.666664	103.0	92.0	90.666664	102.333336	109.0	113.333336	113.0	117.666664	127.333336	106.666664	112.666664	137.0	151.0	151.66667	141.0	130.66667	135.33333	145.33333	157.0	146.0	139.66667	143.33333	149.0	153.0	157.66667	160.0	164.0	162.33333	154.33333	149.0	142.33333	140.0	136.33333	
87.0	102.666664	121.666664	120.0	113.333336	109.666664	113.0	120.333336	126.0	126.666664	134.0	134.0	103.0	111.666664	135.0	147.33333	147.0	140.66667	134.33333	133.0	139.33333	153.0	156.0	151.66667	146.0	151.33333	154.66667	158.66667	165.33333	164.0	161.66667	155.66667	148.33333	141.0	139.66667	133.33333	
85.666664	99.666664	123.0	130.33333	125.0	126.666664	130.0	131.66667	131.0	135.0	142.33333	130.0	98.333336	110.666664	133.66667	144.0	143.66667	141.0	137.0	134.33333	136.66667	144.33333	157.33333	162.0	157.33333	157.66667	159.33333	163.66667	166.66667	165.66667	163.66667	156.66667	148.0	142.66667	138.66667	134.0	
87.0	92.333336	118.0	132.66667	132.66667	136.0	137.33333	138.0	134.0	134.66667	142.33333	121.333336	98.333336	116.0	135.0	145.0	145.0	140.66667	137.33333	135.33333	136.66667	145.0	157.0	158.66667	160.0	162.66667	163.66667	163.66667	162.0	162.33333	160.0	154.33333	145.66667	144.0	137.33333	136.0	
86.666664	89.333336	106.333336	126.333336	135.0	141.0	142.33333	140.66667	139.0	138.33333	138.0	118.333336	101.0	119.333336	135.33333	145.33333	147.0	141.66667	138.33333	134.0	127.666664	137.33333	157.33333	161.0	162.66667	165.33333	166.33333	162.33333	158.66667	158.33333	153.33333	151.66667	147.0	141.66667	135.66667	136.33333	
112.0	87.0	96.333336	114.0	130.0	139.0	143.66667	141.0	140.33333	142.0	138.33333	126.0	105.0	116.666664	132.0	146.0	145.66667	142.0	139.0	140.0	131.0	126.333336	147.0	162.66667	164.0	163.0	165.33333	163.0	158.0	154.0	151.33333	150.33333	146.0	137.66667	132.0	134.0	
151.0	87.666664	88.666664	104.333336	123.0	135.0	140.33333	139.66667	141.0	142.66667	142.0	127.666664	107.0	115.333336	132.0	147.0	148.0	142.0	142.0	147.66667	144.33333	130.66667	137.33333	155.66667	164.33333	164.66667	162.66667	159.0	154.66667	151.33333	148.66667	146.33333	145.33333	134.33333	127.333336	130.0	
162.66667	96.333336	84.333336	98.333336	116.0	127.333336	129.33333	129.0	134.33333	142.66667	147.0	127.0	109.0	115.0	131.66667	150.33333	159.33333	142.33333	139.66667	137.0	127.666664	120.0	133.66667	150.33333	159.0	166.33333	163.33333	158.66667	155.66667	150.33333	147.66667	146.33333	142.33333	132.33333	128.33333	129.33333	
117.666664	104.333336	84.0	96.0	108.0	118.0	124.666664	128.0	134.0	144.66667	149.66667	129.0	101.333336	108.666664	127.666664	142.0	146.66667	129.0	115.666664	102.333336	105.333336	109.333336	137.33333	147.33333	150.0	163.33333	160.0	156.0	155.0	150.66667	148.33333	144.0	135.66667	133.33333	132.0	131.66667	
92.0	104.333336	82.666664	93.666664	103.666664	111.333336	118.0	127.666664	133.0	142.66667	146.66667	129.66667	98.666664	88.333336	113.0	123.0	119.0	110.333336	106.333336	95.666664	90.0	110.0	136.33333	143.0	142.66667	157.33333	159.0	151.66667	151.66667	148.66667	146.0	142.33333	133.66667	132.0	130.33333	133.33333	
87.666664	99.666664	84.333336	83.666664	106.0	109.0	114.333336	123.0	129.0	140.0	142.33333	122.666664	94.0	76.333336	83.333336	92.333336	86.666664	85.333336	87.666664	84.666664	83.666664	106.0	115.666664	122.333336	134.0	142.33333	155.66667	153.33333	148.0	144.0	142.66667	143.66667	134.66667	131.0	130.33333	131.33333	
83.333336	98.0	96.333336	76.0	100.666664	110.333336	113.0	120.0	131.0	140.33333	134.33333	110.0	93.0	88.666664	94.0	90.333336	62.666668	62.666668	89.0	102.0	87.666664	100.0	106.0	97.333336	116.666664	128.66667	146.66667	156.0	145.0	141.66667	139.66667	140.0	133.33333	131.0	132.66667	129.66667	
83.0	92.666664	107.0	81.666664	93.666664	108.0	112.0	122.0	132.66667	130.66667	116.0	100.666664	97.666664	109.666664	116.0	108.333336	84.333336	86.0	108.333336	114.666664	103.666664	99.333336	107.666664	106.0	109.333336	119.333336	139.0	153.33333	148.33333	144.66667	139.66667	139.66667	134.66667	133.66667	133.66667	127.666664	
84.0	85.333336	98.333336	85.0	87.333336	103.0	111.333336	120.666664	129.0	123.666664	109.333336	98.666664	105.666664	118.0	121.333336	119.666664	114.0	116.666664	125.0	123.333336	122.0	117.666664	113.0	113.333336	108.333336	113.666664	141.33333	159.0	155.66667	149.66667	142.66667	142.0	136.33333	134.66667	131.33333	125.333336	
86.0	85.333336	87.0	80.333336	82.333336	93.666664	108.333336	120.0	127.333336	127.0	113.0	106.0	100.666664	94.666664	89.333336	85.666664	88.0	91.333336	92.0	93.666664	98.333336	103.666664	104.666664	111.333336	114.666664	119.666664	142.33333	156.33333	152.0	145.66667	141.66667	140.0	134.33333	132.0	128.33333	125.666664	
88.0	89.0	86.333336	93.666664	85.0	90.0	103.666664	118.666664	124.333336	123.666664	108.666664	99.666664	82.666664	86.666664	84.666664	69.666664	69.0	74.333336	86.666664	97.666664	100.666664	106.0	115.333336	117.333336	116.666664	126.333336	141.0	147.66667	146.0	142.66667	137.66667	135.33333	134.33333	127.666664	123.333336	121.0	
83.666664	84.333336	87.666664	123.666664	95.333336	88.0	102.0	115.666664	124.0	125.333336	114.666664	105.666664	90.0	93.333336	100.333336	102.333336	101.0	102.666664	110.666664	119.0	115.666664	116.666664	123.666664	123.666664	120.666664	125.0	135.66667	141.0	140.66667	140.33333	135.0	133.33333	132.33333	126.666664	120.666664	109.333336	
91.333336	83.666664	88.666664	150.33333	127.333336	82.666664	100.333336	107.333336	116.0	121.333336	117.0	104.666664	91.666664	92.666664	101.0	113.666664	118.0	121.0	117.666664	112.333336	109.0	116.333336	126.333336	128.0	125.333336	123.0	130.66667	136.0	136.66667	135.66667	130.33333	129.0	126.0	120.666664	112.333336	97.666664	
150.0	108.666664	90.0	167.33333	171.33333	87.666664	89.333336	100.0	107.333336	120.666664	122.666664	110.333336	103.0	103.666664	93.333336	93.666664	98.333336	101.333336	99.0	103.666664	112.333336	123.333336	130.66667	128.0	127.0	128.33333	131.33333	134.33333	133.33333	130.33333	126.333336	124.0	118.333336	109.666664	99.666664	92.333336	
214.0	163.0	108.666664	180.0	210.66667	126.333336	79.333336	88.333336	101.0	118.0	122.666664	108.666664	105.0	108.333336	107.0	107.666664	110.333336	115.0	117.666664	119.0	123.333336	128.0	133.0	136.0	134.33333	135.0	133.33333	131.66667	132.33333	129.66667	127.0	123.333336	112.333336	100.666664	91.0	90.333336	
223.33333	194.33333	130.33333	190.66667	221.66667	189.0	95.0	78.666664	93.333336	109.666664	115.333336	109.0	106.333336	110.333336	116.0	123.0	125.0	125.0	126.666664	128.66667	131.66667	135.33333	139.66667	143.66667	142.0	138.66667	133.66667	129.0	128.66667	127.333336	123.0	116.0	104.0	93.0	88.666664	96.0	
223.0	197.0	140.0	200.0	225.0	220.33333	151.0	76.333336	86.666664	101.0	108.666664	114.333336	113.0	115.666664	122.0	125.333336	129.66667	131.33333	132.0	134.0	139.33333	138.0	140.66667	146.0	145.0	137.33333	132.33333	127.0	121.0	116.0	110.0	103.666664	95.333336	90.0	93.666664	100.0	
219.0	169.33333	136.66667	210.33333	223.33333	219.33333	184.66667	84.0	69.333336	89.666664	100.333336	108.0	111.666664	116.666664	120.333336	122.0	130.66667	136.0	134.33333	139.0	150.33333	149.33333	144.0	141.33333	139.66667	130.0	122.333336	115.333336	108.0	103.0	99.666664	97.333336	93.0	95.0	105.0	105.666664	
163.0	108.333336	107.333336	144.33333	133.33333	115.333336	91.0	46.0	43.333332	71.666664	91.666664	99.0	103.666664	107.666664	108.666664	116.666664	134.66667	141.33333	135.33333	138.66667	146.66667	140.66667	134.66667	129.33333	125.333336	118.0	107.0	102.0	98.0	96.0	95.666664	93.333336	95.666664	102.666664	104.666664	124.333336	
62.0	45.0	36.333332	34.0	32.666668	32.0	31.0	27.666666	29.0	45.0	68.0	81.666664	91.0	96.333336	100.333336	109.666664	126.333336	135.33333	130.0	126.0	127.666664	124.0	119.333336	115.0	112.333336	105.333336	96.666664	95.666664	93.666664	93.666664	95.666664	99.333336	103.0	104.333336	120.0	183.33333	
35.666668	32.333332	28.0	28.0	26.666666	26.333334	27.0	28.0	28.333334	26.0	36.0	52.333332	68.0	81.666664	88.0	99.666664	109.666664	120.333336	118.333336	110.666664	108.333336	105.333336	99.333336	97.666664	99.333336	97.0	96.0	95.0	97.333336	100.666664	105.0	108.666664	107.0	118.0	178.0	230.0	
