45.333332	71.0	102.0	111.0	104.0	126.333336	188.66667	212.33333	218.33333	213.33333	204.0	196.66667	195.33333	192.66667	193.33333	154.66667	147.33333	184.66667	163.66667	176.66667	195.0	181.0	182.66667	194.33333	194.0	166.33333	138.33333	171.0	189.66667	177.66667	172.33333	167.0	174.66667	161.66667	158.66667	163.33333	
41.666668	71.333336	101.0	106.0	113.0	171.66667	206.33333	217.66667	217.0	210.66667	195.33333	192.0	186.66667	191.0	177.0	149.66667	167.0	180.0	166.0	187.33333	188.66667	174.33333	184.0	197.66667	193.33333	161.33333	146.66667	160.33333	186.66667	191.0	175.0	165.33333	171.0	173.0	158.66667	163.33333	
46.333332	76.333336	103.0	107.666664	148.66667	200.66667	216.66667	216.33333	213.33333	199.0	189.33333	189.66667	184.0	187.33333	158.66667	152.33333	179.33333	172.66667	172.33333	194.0	178.33333	170.33333	182.33333	196.0	185.66667	160.0	157.0	166.0	172.33333	189.66667	186.33333	165.66667	168.66667	180.66667	166.33333	161.33333	
70.0	93.666664	111.0	123.0	179.0	207.66667	218.0	216.33333	206.0	190.66667	191.33333	186.66667	190.33333	178.66667	153.66667	161.0	182.33333	167.33333	176.0	192.66667	171.0	168.0	181.33333	193.66667	178.0	156.33333	167.0	176.33333	171.0	167.66667	184.66667	172.33333	164.33333	181.0	181.0	163.33333	
92.0	106.333336	115.333336	134.33333	191.66667	210.0	215.66667	212.33333	196.66667	187.33333	190.0	192.66667	195.33333	172.33333	156.0	167.66667	178.33333	168.66667	188.33333	186.0	169.0	171.33333	185.0	193.66667	177.66667	162.33333	175.0	180.33333	174.33333	164.0	159.66667	173.33333	166.33333	175.0	188.0	176.33333	
100.666664	108.666664	117.333336	157.66667	203.0	213.33333	214.33333	205.66667	187.66667	185.0	192.0	199.66667	195.66667	168.66667	156.0	173.0	178.33333	174.0	194.66667	175.66667	164.33333	176.66667	190.33333	195.0	178.33333	171.0	181.66667	180.33333	177.0	165.0	156.33333	155.66667	167.0	168.66667	184.33333	189.0	
103.0	106.666664	116.666664	174.0	204.33333	210.66667	210.0	194.66667	183.33333	187.66667	195.0	201.33333	187.33333	171.0	162.66667	182.66667	176.66667	184.66667	194.0	170.33333	163.0	178.33333	192.0	194.66667	179.0	174.33333	186.33333	182.66667	179.0	167.66667	159.0	156.0	154.33333	160.66667	174.0	191.0	
103.0	111.0	136.33333	185.66667	200.66667	204.33333	199.66667	182.66667	181.66667	190.66667	193.66667	198.66667	184.0	174.66667	171.66667	186.33333	179.66667	192.33333	186.66667	168.66667	165.0	177.33333	195.0	197.33333	182.33333	175.66667	186.33333	186.0	184.33333	172.33333	160.0	153.33333	158.66667	153.0	159.0	175.33333	
103.0	118.0	151.0	188.0	194.33333	191.33333	184.33333	168.66667	175.0	187.33333	189.66667	192.0	182.0	180.66667	177.0	188.0	188.0	188.33333	184.0	173.66667	170.0	174.66667	196.0	195.33333	185.0	177.33333	188.33333	190.0	183.66667	175.33333	157.66667	159.33333	161.0	164.0	156.66667	166.0	
101.0	121.333336	156.33333	185.0	186.0	178.0	167.0	150.33333	161.0	170.0	177.33333	182.33333	183.66667	190.0	188.0	184.33333	186.0	182.0	183.66667	172.0	166.0	174.66667	195.66667	196.33333	186.0	178.0	185.66667	186.0	184.33333	177.0	161.0	159.33333	163.66667	166.33333	167.0	165.33333	
98.0	117.333336	156.66667	176.33333	171.66667	159.66667	150.0	136.0	147.66667	152.66667	164.66667	176.0	187.0	200.33333	197.66667	177.0	175.33333	174.66667	177.0	167.33333	160.33333	168.33333	186.0	187.66667	174.66667	174.33333	184.33333	184.0	184.0	179.66667	166.0	157.33333	156.66667	168.0	175.0	172.0	
99.333336	121.333336	158.66667	168.33333	157.33333	145.0	136.66667	128.33333	136.66667	143.0	162.33333	178.66667	190.33333	210.0	205.66667	173.0	156.33333	157.66667	167.0	166.0	161.33333	162.33333	168.0	171.66667	165.0	169.66667	183.33333	188.0	186.66667	180.33333	168.33333	158.33333	150.0	149.33333	160.66667	175.0	
103.666664	126.666664	152.66667	158.66667	146.66667	136.0	123.0	118.666664	128.0	142.66667	169.66667	182.33333	195.0	210.66667	203.33333	180.0	151.66667	146.33333	160.33333	154.66667	154.66667	159.66667	152.33333	152.33333	153.33333	166.0	175.33333	188.33333	189.33333	181.33333	173.0	162.33333	155.66667	142.33333	133.33333	140.66667	
103.666664	120.666664	136.0	145.66667	134.0	128.0	113.666664	111.0	120.666664	153.66667	183.0	188.33333	198.0	205.33333	206.66667	200.33333	175.0	146.33333	153.0	157.66667	143.66667	156.0	157.33333	143.0	137.0	153.0	168.66667	175.33333	180.66667	178.66667	173.66667	163.0	156.0	147.66667	133.66667	116.333336	
96.0	112.0	122.0	133.0	121.0	116.666664	107.333336	105.666664	121.0	144.0	161.66667	170.33333	189.33333	202.33333	205.66667	209.66667	209.0	180.0	156.66667	169.66667	151.0	140.33333	147.66667	142.66667	142.66667	147.66667	168.66667	180.0	176.33333	175.0	170.33333	159.66667	155.33333	153.0	145.33333	123.666664	
88.333336	106.0	117.0	124.0	118.0	105.333336	99.333336	110.0	138.0	145.0	139.0	141.0	164.0	188.66667	201.66667	210.0	215.0	205.0	185.66667	170.66667	159.0	150.0	147.0	153.33333	173.33333	179.0	171.0	175.66667	178.33333	179.33333	172.66667	163.66667	154.33333	154.66667	149.33333	135.33333	
82.333336	100.666664	110.333336	117.666664	107.0	91.333336	91.333336	143.0	173.33333	177.66667	171.0	163.0	161.66667	176.33333	194.0	206.33333	212.33333	202.33333	189.33333	176.33333	173.33333	176.33333	167.66667	171.33333	173.66667	184.33333	181.0	172.0	174.0	176.0	175.0	168.33333	158.0	155.33333	152.66667	144.33333	
71.333336	94.0	108.333336	117.666664	98.666664	74.333336	85.0	154.33333	172.33333	168.0	167.33333	162.66667	158.0	168.33333	187.33333	204.66667	210.0	194.0	181.0	175.66667	183.66667	167.0	149.0	148.33333	140.66667	142.33333	150.0	161.0	167.66667	167.0	169.66667	171.66667	163.66667	157.66667	158.0	148.33333	
57.666668	75.333336	99.333336	120.0	99.666664	74.333336	78.666664	139.33333	122.666664	136.0	151.0	139.33333	146.33333	157.0	179.33333	202.33333	204.66667	187.66667	169.0	158.66667	160.0	153.0	152.66667	167.66667	139.66667	101.333336	102.0	115.333336	140.66667	155.33333	159.66667	172.66667	171.66667	165.66667	158.0	145.66667	
49.0	57.0	89.666664	117.666664	101.333336	84.0	97.333336	128.66667	99.0	171.33333	162.66667	133.0	134.33333	160.0	179.33333	203.0	202.33333	177.33333	154.33333	142.66667	160.0	172.66667	187.66667	199.33333	144.66667	108.0	115.666664	106.333336	112.0	151.33333	169.0	176.66667	178.66667	173.33333	157.66667	145.66667	
33.0	44.0	73.666664	110.333336	103.0	94.333336	116.0	144.33333	121.0	162.33333	168.0	146.0	156.0	168.33333	185.66667	204.0	201.33333	171.33333	150.0	152.0	178.66667	175.66667	172.0	174.33333	157.0	143.0	146.33333	138.33333	135.66667	161.33333	173.0	178.66667	184.33333	178.0	160.33333	146.0	
18.666666	30.666666	61.666668	105.666664	105.333336	106.333336	126.666664	161.33333	143.66667	143.66667	155.66667	159.66667	164.0	165.0	193.33333	207.33333	202.33333	175.33333	154.33333	157.66667	172.66667	177.0	176.33333	176.66667	169.33333	166.0	172.0	175.33333	183.33333	192.33333	196.0	197.33333	193.33333	178.33333	159.66667	148.0	
17.666666	17.666666	41.666668	97.333336	105.333336	114.0	142.66667	175.33333	168.0	165.0	163.66667	167.33333	168.33333	170.0	199.66667	210.33333	206.0	187.66667	175.33333	170.33333	182.33333	194.33333	196.33333	193.66667	187.0	184.0	183.33333	188.66667	199.0	209.0	211.66667	209.0	200.66667	184.0	159.66667	144.0	
19.333334	18.0	29.0	83.333336	101.666664	116.0	161.0	183.33333	177.33333	179.0	179.66667	180.33333	173.0	177.66667	205.66667	214.66667	210.66667	202.33333	196.0	184.66667	191.66667	202.66667	205.66667	202.66667	199.66667	200.33333	202.0	206.66667	212.33333	214.33333	212.0	207.66667	197.0	180.0	153.0	135.66667	
18.666666	18.0	23.333334	72.0	95.0	113.0	170.33333	182.33333	181.33333	182.66667	183.0	181.66667	173.66667	189.0	213.0	221.33333	216.0	207.66667	201.33333	194.0	199.0	203.66667	201.66667	200.66667	206.33333	209.33333	211.33333	214.0	214.0	211.66667	206.0	200.33333	190.33333	172.33333	147.66667	127.333336	
17.666666	18.0	27.0	68.333336	91.0	108.0	168.66667	184.33333	187.0	188.33333	189.33333	184.66667	179.66667	203.66667	218.33333	224.33333	217.0	201.0	187.0	184.66667	196.66667	206.66667	205.66667	204.33333	209.0	213.66667	216.66667	215.0	211.33333	207.66667	200.0	191.33333	184.0	165.66667	143.0	121.333336	
17.666666	17.666666	24.666666	59.0	85.0	100.333336	167.33333	185.66667	190.66667	194.33333	191.66667	183.33333	184.33333	211.0	219.66667	221.66667	210.33333	194.33333	189.0	181.0	176.66667	192.0	203.33333	207.33333	213.0	219.0	221.66667	217.33333	211.66667	208.0	197.33333	185.66667	175.33333	159.66667	137.66667	117.333336	
15.333333	11.666667	9.333333	33.333332	73.333336	97.0	168.33333	186.66667	194.33333	194.33333	186.33333	173.33333	182.0	210.33333	215.33333	209.0	197.0	193.66667	200.33333	189.0	166.66667	175.66667	185.0	201.0	215.33333	222.66667	222.66667	216.0	208.0	202.0	190.0	175.33333	165.33333	155.33333	136.33333	117.666664	
29.333334	12.333333	10.333333	31.666666	75.333336	103.0	171.0	186.0	191.66667	190.66667	179.66667	165.66667	164.66667	186.33333	190.66667	172.66667	158.33333	166.0	172.0	162.0	162.66667	183.33333	179.33333	185.0	202.33333	213.33333	216.33333	207.66667	198.0	192.0	183.0	167.0	155.0	151.66667	141.33333	123.333336	
43.0	27.333334	19.0	52.0	91.0	109.666664	165.66667	182.0	185.33333	181.0	168.0	164.0	155.0	159.66667	158.66667	140.66667	118.333336	120.666664	132.33333	146.0	178.0	188.33333	187.66667	175.66667	184.33333	195.66667	197.66667	194.0	188.0	178.0	168.66667	158.0	151.33333	154.33333	148.33333	131.33333	
37.666668	33.333332	28.333334	69.666664	106.666664	109.666664	151.33333	174.66667	177.0	169.66667	163.0	169.33333	173.33333	168.0	149.0	129.66667	131.33333	151.0	169.0	187.66667	193.0	184.0	184.33333	175.66667	168.0	177.33333	181.33333	179.0	173.66667	164.33333	155.33333	151.33333	154.0	161.0	152.66667	134.33333	
29.666666	28.666666	31.0	67.0	102.333336	97.666664	123.0	161.0	166.33333	159.66667	164.0	172.0	175.66667	181.33333	180.33333	170.33333	174.0	189.33333	198.33333	202.33333	198.66667	184.0	176.0	173.0	168.33333	163.33333	169.0	170.0	162.33333	155.0	151.33333	153.0	159.0	164.33333	155.33333	136.0	
23.0	22.333334	34.666668	53.666668	85.333336	84.0	101.666664	148.0	159.66667	154.0	161.66667	170.66667	174.33333	184.33333	191.66667	197.33333	198.33333	202.33333	204.0	205.66667	200.66667	186.66667	174.0	172.33333	174.33333	165.66667	158.0	166.0	157.33333	152.0	155.66667	161.33333	163.66667	166.33333	156.0	135.33333	
20.333334	21.0	42.666668	51.333332	79.0	84.0	99.0	145.66667	163.0	165.0	162.0	165.66667	167.66667	175.66667	181.0	187.66667	193.33333	195.0	194.66667	191.33333	181.33333	171.33333	159.0	153.33333	152.0	154.66667	157.33333	169.66667	165.33333	158.66667	165.33333	170.33333	168.0	165.0	152.0	132.33333	
16.666666	19.0	44.333332	55.666668	79.333336	89.333336	100.333336	147.66667	172.33333	180.33333	172.33333	159.66667	136.33333	141.33333	151.0	153.33333	158.33333	160.33333	158.33333	149.66667	140.66667	129.0	110.333336	105.666664	83.0	116.666664	166.33333	175.66667	173.33333	166.66667	173.33333	174.0	168.33333	161.0	148.66667	129.66667	
13.666667	18.0	40.666668	56.666668	78.0	97.333336	106.333336	144.66667	169.0	186.66667	185.33333	181.66667	140.33333	119.333336	157.66667	164.0	161.33333	169.33333	173.0	165.66667	157.0	140.33333	105.666664	93.0	79.666664	136.0	181.0	181.66667	175.0	171.33333	180.33333	180.0	167.0	157.66667	146.0	125.666664	
13.333333	19.333334	40.333332	51.0	72.666664	107.666664	112.0	137.0	166.66667	183.0	188.33333	191.0	175.66667	118.333336	114.333336	156.0	164.66667	166.33333	150.33333	120.333336	127.0	133.33333	116.0	116.0	147.33333	187.66667	194.66667	186.66667	170.0	173.0	185.33333	180.0	163.0	155.0	141.0	116.666664	
9.666667	20.333334	44.333332	47.0	67.0	109.0	121.333336	129.66667	165.33333	174.66667	185.33333	187.33333	190.0	152.33333	118.666664	134.33333	140.0	127.333336	128.33333	134.33333	140.66667	145.0	153.66667	168.33333	189.66667	196.66667	195.66667	189.0	171.66667	176.66667	185.0	174.0	160.0	149.0	130.66667	107.0	
8.333333	17.333334	45.666668	43.333332	57.333332	98.333336	125.0	120.0	155.33333	177.0	182.0	188.66667	188.0	174.33333	156.66667	159.0	176.0	172.66667	176.33333	184.0	180.66667	182.33333	189.33333	190.66667	193.66667	197.33333	196.33333	187.33333	177.0	181.0	182.66667	165.66667	151.33333	140.66667	118.0	96.666664	
7.3333335	14.666667	48.666668	47.333332	51.0	83.333336	112.0	107.666664	136.66667	180.0	185.0	185.66667	187.66667	181.0	168.33333	168.33333	179.33333	181.0	183.0	194.33333	200.33333	201.66667	199.66667	198.0	199.0	199.66667	193.0	188.33333	177.0	181.33333	176.33333	159.66667	145.0	127.333336	106.0	92.0	
9.666667	13.0	52.0	56.333332	47.333332	67.666664	98.333336	106.0	121.666664	168.33333	188.66667	183.66667	188.0	185.33333	178.33333	179.66667	182.0	186.33333	187.0	194.33333	205.33333	206.66667	201.0	202.33333	203.66667	202.33333	194.0	188.33333	175.66667	178.66667	171.0	155.66667	135.0	114.0	97.333336	84.333336	
10.0	12.0	54.0	69.0	50.666668	57.666668	91.0	104.0	109.333336	138.33333	181.33333	182.0	186.33333	188.0	182.66667	185.0	185.66667	186.66667	188.0	192.33333	203.0	206.0	202.0	202.66667	204.0	200.66667	194.0	187.0	172.66667	173.66667	166.66667	150.0	125.0	98.333336	82.666664	83.666664	
8.333333	8.666667	51.666668	74.333336	56.333332	50.0	82.0	101.666664	104.333336	104.666664	152.0	179.0	185.0	187.33333	186.66667	187.33333	190.33333	195.0	195.66667	201.0	207.66667	206.66667	204.0	206.0	206.0	198.33333	191.0	179.33333	172.33333	172.66667	164.0	141.0	110.333336	86.0	84.333336	103.0	
10.666667	7.6666665	37.666668	68.0	61.0	48.333332	71.666664	99.666664	99.666664	83.666664	96.666664	164.0	177.0	183.66667	183.66667	187.0	195.0	201.66667	205.33333	207.66667	211.66667	207.0	205.33333	208.0	203.33333	196.0	186.33333	171.0	169.66667	171.33333	157.0	129.66667	95.666664	84.0	99.333336	120.666664	
12.666667	7.6666665	20.666666	51.666668	62.333332	51.333332	62.333332	92.666664	95.0	76.0	54.0	110.333336	166.0	182.33333	181.0	190.33333	199.33333	205.33333	208.66667	210.33333	211.66667	208.66667	207.33333	205.33333	199.0	190.33333	172.33333	158.33333	164.66667	167.0	146.0	109.333336	88.0	96.333336	117.666664	127.333336	
10.333333	8.333333	15.333333	36.0	61.666668	58.333332	59.333332	79.333336	84.333336	74.333336	61.333332	73.0	133.33333	179.33333	183.33333	193.33333	202.66667	207.0	212.33333	216.66667	217.0	212.33333	208.33333	199.0	185.66667	169.0	149.66667	146.0	160.33333	152.0	123.0	94.666664	97.0	116.0	130.33333	133.66667	
24.666666	32.333332	41.0	50.333332	63.333332	63.666668	61.333332	63.0	63.333332	60.0	62.333332	62.333332	79.333336	154.33333	183.33333	187.66667	194.66667	195.66667	202.33333	207.66667	209.33333	208.33333	199.0	180.33333	159.33333	139.33333	130.66667	141.33333	148.0	128.33333	100.666664	99.0	114.666664	130.66667	140.33333	140.0	
66.666664	66.666664	67.0	65.0	62.0	59.0	57.666668	56.0	56.0	56.333332	55.666668	56.666668	51.0	97.333336	168.33333	181.66667	187.66667	185.66667	185.33333	187.66667	190.66667	185.33333	169.66667	150.0	131.0	122.333336	131.66667	141.33333	132.33333	107.333336	101.333336	114.333336	127.333336	141.0	146.0	142.33333	
66.333336	62.666668	62.0	59.333332	56.666668	55.0	51.333332	52.666668	54.666668	53.333332	53.333332	52.333332	40.333332	46.333332	105.333336	160.0	174.0	173.66667	173.33333	172.33333	166.66667	156.33333	143.33333	128.33333	125.666664	133.0	135.33333	130.0	112.333336	106.0	118.333336	130.0	140.33333	148.66667	152.33333	149.0	
