63.0	70.333336	81.0	86.666664	86.666664	91.0	106.333336	127.333336	149.33333	164.33333	160.66667	157.0	150.66667	150.0	153.66667	174.33333	198.33333	211.33333	212.0	209.33333	213.33333	211.66667	210.0	213.0	207.0	194.33333	192.0	189.0	168.0	116.0	45.666668	8.333333	3.3333333	3.3333333	2.3333333	5.6666665	
63.333332	70.0	82.0	90.0	99.333336	110.0	128.33333	140.33333	142.33333	142.66667	136.0	132.0	133.0	143.66667	151.33333	172.33333	189.0	186.0	180.33333	174.33333	179.66667	173.0	166.33333	167.66667	165.0	164.33333	167.66667	172.33333	185.0	188.66667	156.33333	79.0	18.666666	4.0	3.3333333	6.6666665	
61.333332	68.333336	81.333336	95.666664	108.666664	111.0	116.666664	122.0	126.333336	129.66667	123.666664	122.0	125.333336	132.0	138.33333	148.0	153.33333	149.0	145.0	144.33333	148.0	146.66667	143.0	143.33333	145.33333	148.33333	150.33333	153.33333	162.0	174.0	189.33333	180.0	107.333336	29.333334	8.0	10.333333	
58.0	67.0	90.333336	100.0	100.666664	99.666664	104.333336	111.0	114.666664	115.333336	115.0	116.333336	118.0	120.666664	127.0	135.33333	138.66667	138.33333	137.33333	140.33333	141.33333	139.0	139.33333	140.33333	142.0	144.0	146.33333	147.0	151.66667	159.0	169.0	184.0	185.33333	123.0	38.666668	13.0	
56.0	79.0	105.0	99.666664	98.333336	100.0	101.666664	105.0	111.666664	113.666664	113.0	117.666664	122.333336	123.666664	132.0	136.0	139.33333	139.33333	139.33333	141.66667	141.66667	140.33333	139.33333	139.33333	141.66667	144.66667	146.33333	145.66667	148.66667	153.0	159.66667	167.66667	186.66667	192.33333	132.0	42.0	
58.0	93.666664	103.333336	96.666664	95.666664	103.0	106.666664	105.0	108.333336	115.0	118.0	121.333336	124.0	127.666664	137.33333	141.33333	147.33333	148.66667	145.66667	145.0	145.33333	145.33333	141.66667	140.0	141.66667	144.0	144.33333	146.33333	147.66667	149.66667	158.0	164.33333	179.33333	197.66667	188.0	122.333336	
69.666664	107.666664	96.666664	91.333336	91.0	101.0	107.333336	107.666664	110.0	116.666664	122.333336	126.666664	131.0	136.66667	144.33333	152.0	160.33333	165.33333	157.33333	146.66667	147.0	146.33333	145.66667	143.66667	140.0	141.66667	142.66667	144.66667	145.66667	147.66667	153.66667	161.0	174.66667	191.0	195.33333	180.66667	
90.333336	103.333336	86.666664	80.666664	87.0	99.333336	105.333336	110.666664	115.666664	124.666664	127.0	134.33333	139.66667	141.33333	145.33333	155.0	159.66667	161.66667	160.0	150.0	147.33333	148.33333	148.66667	146.33333	141.33333	144.66667	147.66667	146.0	145.66667	144.66667	148.66667	159.66667	178.33333	189.33333	195.0	191.33333	
104.0	86.666664	78.333336	76.333336	86.0	95.666664	100.666664	108.0	115.0	125.0	132.33333	136.33333	141.0	144.33333	150.0	157.66667	160.33333	158.0	154.0	154.66667	150.33333	151.0	150.0	152.33333	154.0	158.33333	166.66667	156.0	148.33333	142.33333	142.33333	152.0	166.33333	177.66667	188.66667	190.33333	
95.0	76.0	77.333336	78.0	86.666664	97.333336	102.666664	108.333336	111.333336	122.333336	131.66667	133.33333	139.66667	145.33333	150.66667	159.66667	162.66667	158.33333	148.33333	148.66667	151.33333	150.33333	154.0	157.33333	162.0	169.66667	167.66667	150.66667	143.33333	142.0	143.0	147.33333	156.0	164.33333	173.33333	178.33333	
79.333336	71.333336	77.333336	78.333336	86.333336	96.333336	100.666664	105.333336	108.666664	121.0	129.66667	132.66667	138.0	142.0	146.66667	153.0	156.66667	157.33333	149.66667	145.33333	146.33333	150.33333	156.0	161.0	163.0	169.33333	156.66667	144.33333	142.33333	143.66667	144.33333	147.0	153.0	159.33333	162.66667	162.0	
71.0	73.333336	81.0	80.666664	88.0	98.666664	102.666664	104.666664	111.0	123.333336	129.33333	131.33333	134.66667	137.66667	139.0	144.66667	152.33333	154.66667	151.66667	145.0	143.33333	149.66667	160.66667	164.0	162.33333	166.0	155.66667	144.66667	144.0	143.33333	143.66667	149.33333	154.33333	157.0	160.33333	160.66667	
66.0	73.333336	79.0	82.333336	91.0	102.333336	106.0	108.666664	118.666664	123.666664	132.33333	133.66667	134.33333	135.33333	137.0	141.0	144.0	144.33333	147.0	145.33333	149.0	153.0	155.33333	155.33333	157.66667	159.0	151.66667	145.0	145.0	144.33333	145.66667	153.0	156.0	155.0	161.33333	164.33333	
63.666668	70.666664	78.666664	86.0	96.333336	107.333336	116.666664	115.333336	120.333336	124.333336	125.666664	128.66667	130.33333	128.66667	129.0	131.0	132.33333	139.0	144.33333	146.0	148.66667	150.33333	147.66667	150.0	150.0	149.33333	147.66667	143.33333	146.66667	149.66667	153.33333	162.0	165.0	157.66667	161.33333	166.66667	
58.666668	67.0	78.333336	86.0	97.666664	111.333336	120.333336	118.333336	119.333336	122.666664	122.333336	122.333336	125.0	125.666664	126.666664	128.33333	134.66667	138.0	144.33333	149.66667	150.0	145.33333	142.0	144.0	143.33333	140.66667	139.33333	139.33333	140.66667	143.0	146.0	159.66667	167.33333	161.66667	165.33333	174.66667	
59.333332	64.0	76.666664	90.0	103.666664	114.333336	120.666664	122.333336	118.333336	125.0	126.333336	122.666664	122.333336	129.0	133.66667	135.0	139.33333	138.66667	142.66667	146.66667	148.33333	146.0	138.66667	133.0	121.333336	106.0	103.0	110.666664	113.666664	123.0	133.33333	147.66667	156.66667	154.33333	158.33333	163.66667	
61.333332	64.666664	83.333336	98.666664	108.0	112.333336	119.0	121.666664	120.333336	122.0	123.0	122.333336	126.333336	134.33333	136.66667	142.33333	143.0	141.0	144.0	146.33333	140.33333	128.0	100.0	74.666664	46.0	29.666666	28.333334	33.0	35.0	46.666668	76.333336	114.0	136.33333	139.33333	139.0	141.33333	
58.0	78.333336	106.666664	109.666664	103.666664	108.666664	113.333336	124.666664	123.666664	121.666664	121.666664	120.0	128.0	136.33333	138.33333	146.33333	147.33333	145.33333	143.0	135.33333	109.0	79.333336	53.0	43.0	36.0	35.333332	26.0	16.0	14.0	19.666666	34.333332	76.666664	114.666664	124.666664	120.333336	91.0	
82.0	118.0	129.0	125.666664	120.666664	108.0	103.0	123.0	126.0	121.333336	122.0	121.666664	127.0	137.0	139.33333	145.66667	151.66667	148.66667	139.66667	117.666664	91.0	77.666664	67.0	56.666668	46.333332	34.0	23.0	17.666666	22.0	40.0	55.666668	82.666664	106.666664	108.666664	90.666664	52.666668	
110.666664	109.333336	87.666664	93.333336	113.333336	128.66667	125.666664	115.666664	110.666664	115.0	118.666664	122.333336	127.0	134.66667	140.33333	146.0	152.0	150.33333	134.0	114.333336	105.333336	82.0	50.0	49.333332	44.333332	19.333334	12.333333	12.666667	22.666666	48.333332	76.666664	97.666664	119.333336	108.666664	65.333336	33.666668	
119.666664	109.666664	117.333336	125.0	99.0	116.333336	138.0	132.66667	115.0	112.666664	114.333336	122.333336	125.666664	132.0	139.33333	146.66667	150.33333	149.33333	140.0	125.0	108.0	97.0	92.333336	99.333336	83.666664	37.0	37.333332	30.0	46.333332	75.0	101.666664	116.333336	135.66667	117.0	43.0	27.333334	
129.0	121.333336	142.66667	161.33333	137.0	128.0	136.0	136.33333	131.33333	118.0	119.666664	123.666664	125.666664	130.33333	138.0	145.66667	150.66667	152.0	149.0	141.66667	138.66667	141.66667	136.66667	127.0	108.0	84.0	71.666664	61.0	84.666664	106.0	117.0	119.333336	129.0	130.66667	78.666664	70.333336	
140.33333	138.33333	156.33333	170.0	159.0	114.333336	114.666664	140.66667	147.0	132.0	122.666664	122.666664	125.0	131.33333	138.0	141.33333	148.33333	151.33333	151.0	151.33333	148.33333	147.0	141.66667	131.0	111.666664	94.333336	84.666664	89.333336	107.0	117.666664	120.333336	121.0	131.33333	142.0	129.66667	88.666664	
138.0	144.33333	155.0	148.66667	123.333336	86.333336	103.666664	156.0	157.66667	136.0	123.333336	123.666664	124.0	131.33333	138.0	139.33333	142.0	147.0	150.0	150.0	153.0	157.66667	154.33333	148.66667	142.0	131.66667	120.333336	120.333336	124.666664	128.0	130.33333	138.66667	147.66667	146.0	148.66667	93.333336	
120.0	143.33333	146.66667	136.33333	135.66667	135.66667	136.66667	167.33333	162.66667	134.33333	124.0	125.0	118.333336	126.333336	135.33333	136.33333	137.33333	143.66667	148.66667	154.0	156.0	157.66667	157.0	150.66667	147.66667	150.33333	145.0	135.0	132.66667	136.0	147.66667	157.33333	159.0	151.0	158.33333	120.666664	
90.666664	129.33333	144.66667	144.33333	155.66667	159.0	143.0	162.66667	156.66667	133.33333	114.666664	117.0	116.333336	121.0	128.0	132.0	134.0	136.66667	143.0	153.0	156.66667	157.0	158.66667	159.33333	154.0	154.33333	151.0	139.66667	136.66667	147.0	157.33333	160.33333	159.33333	152.66667	156.0	163.33333	
73.0	95.333336	142.0	150.66667	164.66667	158.66667	142.0	152.33333	147.66667	127.333336	111.0	109.666664	112.333336	114.0	120.0	126.0	131.0	131.33333	136.33333	143.66667	148.0	153.0	156.0	156.66667	152.33333	146.66667	137.66667	123.0	121.0	144.33333	154.33333	156.66667	159.66667	154.33333	151.33333	173.66667	
78.333336	77.0	125.333336	152.66667	167.33333	164.0	154.33333	149.0	142.33333	121.666664	109.0	114.666664	116.333336	113.0	116.0	122.0	126.333336	131.0	134.33333	137.33333	139.66667	141.33333	141.66667	140.66667	137.33333	128.33333	110.666664	97.666664	111.666664	142.33333	151.66667	155.66667	156.33333	154.33333	152.0	160.66667	
85.333336	77.333336	105.0	133.66667	155.66667	155.33333	150.0	146.66667	142.33333	125.333336	114.333336	113.666664	114.333336	117.0	116.333336	119.0	121.666664	127.333336	130.66667	137.0	135.0	132.66667	129.33333	124.666664	121.0	105.333336	94.0	105.333336	102.333336	122.0	123.0	115.666664	115.666664	120.0	124.333336	127.0	
90.0	82.666664	99.0	117.0	141.33333	155.66667	156.0	157.66667	139.66667	120.333336	114.333336	114.333336	119.0	119.333336	120.0	122.0	122.0	122.0	127.0	133.33333	130.66667	124.333336	121.666664	113.333336	97.333336	94.333336	116.333336	124.666664	99.333336	70.333336	46.333332	32.666668	35.0	64.0	84.0	88.666664	
92.333336	86.333336	101.0	112.333336	120.666664	129.0	139.66667	141.66667	131.33333	114.0	114.333336	117.666664	120.333336	123.333336	122.666664	122.666664	121.0	121.333336	122.333336	126.333336	122.666664	119.333336	116.0	95.333336	88.666664	103.0	118.666664	121.0	115.666664	96.0	76.0	46.0	29.666666	36.666668	48.333332	63.333332	
101.0	97.333336	103.333336	109.333336	114.333336	106.0	88.333336	85.666664	113.666664	111.666664	115.333336	118.333336	118.0	122.333336	118.333336	115.333336	115.333336	119.0	116.333336	117.0	121.0	120.333336	104.666664	78.666664	80.0	88.0	99.333336	108.666664	110.666664	105.666664	93.333336	70.666664	48.666668	32.333332	48.0	79.0	
104.0	105.666664	109.0	114.666664	119.0	115.333336	95.666664	80.333336	108.0	104.666664	107.333336	116.666664	114.333336	114.666664	111.333336	113.333336	117.333336	113.333336	110.333336	111.666664	115.0	114.333336	93.0	75.666664	70.0	86.333336	103.0	109.666664	112.0	109.666664	100.333336	91.666664	76.666664	59.333332	72.666664	90.0	
109.0	108.666664	111.666664	122.333336	134.33333	139.33333	142.0	123.666664	108.333336	97.666664	107.333336	112.333336	111.333336	112.0	110.666664	115.0	118.666664	112.0	106.333336	105.333336	105.666664	106.666664	89.333336	68.333336	56.666668	60.333332	75.666664	88.333336	93.666664	98.666664	105.333336	118.333336	124.333336	116.333336	104.0	95.333336	
113.666664	114.0	123.0	133.0	141.66667	149.0	152.66667	131.66667	103.666664	95.333336	100.666664	107.0	113.0	108.333336	109.333336	110.0	108.0	107.333336	104.333336	102.666664	103.333336	102.666664	86.666664	69.666664	76.0	65.0	60.666668	72.666664	73.0	74.666664	70.333336	69.666664	86.333336	100.333336	104.333336	86.666664	
112.0	118.333336	135.0	141.33333	138.66667	141.33333	143.33333	122.666664	97.333336	89.333336	91.0	98.333336	106.666664	108.666664	105.0	103.333336	101.0	104.0	100.666664	100.333336	100.0	96.0	81.666664	91.333336	113.333336	122.333336	121.0	122.666664	121.666664	118.333336	109.666664	88.0	71.333336	50.666668	53.0	65.333336	
106.333336	111.666664	134.0	143.33333	140.66667	137.0	138.66667	116.333336	90.666664	83.0	87.666664	94.666664	97.0	102.666664	101.666664	99.666664	97.666664	95.666664	98.666664	98.666664	91.666664	87.333336	80.0	104.0	122.666664	135.66667	141.66667	142.0	135.33333	130.33333	125.666664	131.66667	133.66667	105.0	67.0	69.0	
103.0	106.0	131.0	143.33333	142.33333	137.33333	138.33333	117.666664	92.666664	86.666664	85.333336	87.333336	89.333336	96.333336	96.666664	96.666664	98.333336	94.333336	95.666664	88.333336	83.666664	82.333336	75.333336	93.333336	119.0	133.33333	134.0	128.66667	120.333336	108.666664	98.333336	103.666664	122.333336	132.66667	99.666664	80.333336	
105.0	102.333336	124.666664	141.0	143.33333	141.66667	139.33333	128.33333	97.0	84.333336	76.333336	76.0	82.666664	88.333336	90.0	93.333336	97.0	92.333336	84.333336	78.666664	79.333336	82.333336	76.666664	82.333336	103.666664	119.333336	125.0	124.333336	116.0	102.0	90.333336	82.666664	93.0	114.333336	101.666664	78.333336	
119.666664	110.0	124.333336	137.66667	141.66667	141.66667	140.33333	137.66667	109.0	87.333336	74.0	70.333336	76.666664	80.333336	85.333336	86.666664	93.666664	90.666664	82.666664	77.0	77.333336	82.0	84.666664	91.666664	97.333336	108.333336	117.0	124.666664	127.333336	119.666664	112.0	114.333336	108.666664	112.0	88.0	63.333332	
140.0	122.333336	123.333336	135.66667	139.66667	142.0	136.66667	135.33333	123.0	92.333336	81.333336	71.333336	67.0	70.333336	76.333336	82.333336	90.666664	89.666664	83.666664	75.666664	74.0	79.0	88.0	92.333336	97.333336	108.333336	116.666664	126.0	130.33333	127.333336	117.666664	126.0	121.666664	105.333336	68.333336	50.333332	
182.33333	143.66667	122.0	136.0	140.66667	139.33333	132.66667	130.0	134.66667	108.666664	83.666664	68.666664	57.0	57.666668	60.333332	71.666664	77.333336	76.666664	79.0	73.666664	68.666664	71.666664	78.0	85.333336	96.0	100.666664	107.666664	113.0	112.0	110.0	103.0	98.333336	100.333336	82.333336	53.0	43.0	
233.66667	203.66667	147.0	136.66667	147.33333	139.66667	130.66667	127.333336	127.666664	122.0	91.0	70.0	58.333332	50.333332	43.666668	51.666668	61.0	68.666664	72.333336	65.666664	61.666668	67.333336	68.0	73.333336	85.0	89.0	94.333336	92.333336	90.333336	89.0	83.666664	83.666664	81.333336	56.333332	43.333332	42.666668	
244.33333	240.33333	211.33333	167.0	152.0	145.66667	133.66667	128.66667	123.0	124.0	107.0	80.0	62.666668	45.666668	32.333332	34.666668	45.666668	50.0	54.666668	58.333332	60.333332	64.0	63.666668	68.333336	74.0	78.666664	81.666664	81.666664	80.333336	72.666664	64.333336	71.333336	79.666664	52.333332	41.666668	43.0	
244.66667	245.66667	243.0	224.0	181.0	152.66667	139.33333	127.666664	121.0	116.666664	107.333336	88.666664	66.666664	54.666668	43.666668	37.333332	38.0	42.333332	45.0	46.333332	49.0	51.0	54.0	61.0	63.333332	64.333336	64.666664	64.0	62.333332	52.666668	54.333332	59.666668	61.666668	47.0	43.0	43.0	
245.0	246.66667	246.33333	243.0	225.0	180.0	149.33333	130.33333	122.666664	116.666664	111.0	97.666664	79.666664	68.666664	53.666668	40.666668	38.666668	39.666668	39.0	43.333332	40.0	41.0	40.0	47.0	50.0	47.666668	45.666668	41.333332	34.333332	31.333334	37.666668	39.333332	45.0	42.666668	44.666668	44.0	
243.66667	245.0	245.0	245.33333	243.0	222.66667	173.66667	140.0	123.666664	117.333336	110.333336	103.666664	95.0	84.666664	62.666668	47.0	43.0	40.333332	37.333332	38.0	38.666668	37.666668	33.666668	38.666668	40.333332	37.666668	38.0	30.0	23.0	24.666666	20.0	28.0	39.0	43.0	45.0	43.333332	
241.66667	241.66667	242.33333	243.33333	242.0	237.66667	211.33333	154.33333	127.666664	113.0	106.333336	102.666664	98.0	92.333336	71.0	57.0	52.333332	46.333332	38.333332	38.0	38.333332	36.666668	31.666666	38.0	43.666668	38.666668	35.0	26.333334	21.0	22.333334	29.333334	40.333332	43.666668	44.0	44.666668	43.333332	
244.66667	241.66667	239.33333	240.66667	239.0	236.33333	232.0	189.33333	132.66667	114.333336	104.666664	99.333336	96.0	97.666664	85.0	73.666664	70.0	65.666664	52.333332	40.666668	35.333332	33.666668	31.0	29.666666	34.666668	33.333332	31.666666	27.0	29.0	36.333332	42.666668	45.0	45.333332	45.333332	45.0	44.0	
