202.0	215.33333	224.33333	222.33333	213.0	204.66667	197.0	193.66667	195.66667	200.0	196.33333	192.33333	193.0	197.66667	199.66667	200.66667	203.66667	209.0	214.0	217.0	219.66667	223.0	222.33333	222.0	220.33333	213.33333	204.66667	198.0	190.0	180.33333	169.66667	163.33333	159.0	138.66667	95.666664	41.0	
202.33333	209.0	218.66667	218.0	211.66667	206.0	199.33333	198.33333	201.33333	201.0	195.33333	192.66667	193.0	193.66667	195.0	198.0	203.33333	210.0	213.0	216.33333	219.0	220.33333	221.66667	220.33333	216.33333	209.33333	203.66667	198.0	187.0	177.0	167.66667	162.66667	162.0	146.33333	110.0	50.333332	
208.66667	206.33333	212.33333	215.66667	215.0	210.33333	202.66667	200.0	200.33333	198.66667	196.33333	196.0	196.66667	196.0	197.0	199.66667	204.66667	209.0	213.33333	216.66667	217.0	215.0	219.0	216.0	209.0	206.0	204.0	200.66667	189.33333	176.33333	166.66667	160.33333	160.0	146.0	113.333336	51.333332	
212.66667	208.33333	207.66667	212.0	214.33333	211.0	206.33333	203.33333	200.0	197.33333	197.66667	197.66667	199.0	200.66667	201.0	201.66667	204.0	206.66667	210.33333	214.0	216.33333	217.66667	217.66667	214.66667	210.33333	203.33333	199.66667	198.0	191.33333	178.66667	166.33333	158.0	157.33333	148.0	115.666664	49.666668	
212.33333	211.66667	207.33333	208.0	211.33333	208.0	205.0	200.33333	197.0	197.0	198.0	197.0	197.0	199.33333	196.33333	195.66667	199.33333	202.66667	207.0	210.33333	213.33333	214.33333	211.33333	207.66667	206.66667	202.66667	199.66667	197.33333	192.33333	180.33333	161.33333	154.66667	157.0	147.0	117.666664	55.0	
205.0	210.66667	208.33333	206.0	206.33333	205.0	202.66667	197.33333	192.33333	194.0	193.0	191.0	194.33333	193.0	186.66667	186.33333	192.0	195.0	199.33333	203.0	204.66667	204.66667	201.0	202.66667	206.33333	205.0	204.0	197.66667	188.33333	177.33333	160.0	155.0	156.66667	147.66667	114.333336	56.333332	
197.33333	202.66667	205.33333	202.0	198.66667	198.33333	199.33333	198.66667	193.0	192.66667	189.33333	188.0	190.33333	189.33333	185.33333	186.66667	190.66667	193.33333	198.0	202.33333	204.66667	204.0	203.33333	202.66667	200.0	199.33333	193.0	187.66667	183.66667	174.33333	159.33333	154.0	154.0	150.33333	107.666664	48.666668	
193.0	198.0	199.33333	199.66667	198.66667	197.66667	195.0	195.0	191.33333	190.0	190.0	194.33333	196.33333	194.0	189.66667	188.66667	190.66667	195.0	199.66667	204.0	204.0	201.66667	206.0	204.0	194.66667	189.66667	192.66667	193.33333	187.66667	178.0	164.33333	156.66667	155.66667	148.33333	95.333336	42.0	
194.0	194.33333	195.66667	197.66667	197.33333	192.0	190.0	193.33333	193.66667	189.66667	188.0	189.33333	186.33333	184.66667	186.0	188.0	191.33333	192.0	194.33333	196.33333	196.0	196.33333	198.66667	196.33333	194.0	192.66667	189.66667	184.66667	180.33333	174.0	165.0	156.33333	157.66667	148.33333	80.666664	39.333332	
197.0	199.0	196.0	194.66667	192.33333	190.0	186.0	183.33333	185.66667	185.66667	190.0	191.33333	186.33333	185.33333	189.66667	191.66667	195.0	194.33333	193.33333	193.0	193.33333	198.66667	200.0	194.33333	191.33333	187.66667	185.0	184.0	182.33333	175.0	167.66667	160.0	157.66667	148.0	81.333336	40.0	
198.0	195.66667	189.0	187.33333	186.66667	187.33333	186.33333	186.66667	194.33333	195.33333	194.66667	189.66667	185.33333	185.66667	186.66667	186.66667	192.66667	193.66667	193.66667	196.33333	199.0	201.33333	202.66667	196.0	188.66667	188.0	187.33333	185.66667	184.0	175.0	167.33333	161.0	155.0	147.0	83.0	38.666668	
198.66667	197.66667	191.0	185.33333	191.0	197.33333	200.66667	199.33333	194.66667	190.66667	190.33333	187.0	183.0	185.0	183.66667	180.66667	184.66667	188.0	190.66667	195.66667	199.33333	198.33333	197.66667	191.66667	187.33333	190.0	188.33333	184.33333	180.33333	173.33333	160.33333	149.66667	138.66667	139.33333	84.666664	38.0	
199.66667	202.33333	199.66667	193.33333	195.66667	197.0	191.66667	193.0	193.33333	185.33333	179.66667	171.0	165.33333	170.66667	175.0	174.66667	179.0	182.33333	184.33333	189.0	192.66667	194.66667	192.66667	186.33333	186.0	187.33333	181.33333	178.66667	178.66667	167.33333	150.66667	127.666664	108.0	111.333336	81.333336	39.333332	
203.0	200.66667	193.0	193.0	193.0	189.33333	189.66667	184.66667	170.0	148.33333	138.0	137.0	142.33333	146.33333	153.33333	156.66667	167.33333	175.0	175.0	177.33333	182.66667	187.33333	187.33333	178.0	179.0	183.33333	179.0	173.33333	166.33333	142.66667	112.666664	83.0	77.333336	84.666664	69.333336	42.0	
198.66667	194.66667	189.66667	189.0	190.0	188.33333	170.33333	152.0	129.33333	106.666664	91.0	81.0	83.0	90.666664	104.333336	120.666664	143.0	156.33333	163.66667	168.0	172.0	177.33333	178.66667	172.33333	173.33333	175.33333	167.0	159.0	134.33333	95.0	67.0	72.333336	99.0	92.0	68.333336	47.0	
200.66667	195.0	193.0	183.33333	185.0	177.66667	145.0	131.66667	117.0	117.0	107.333336	85.666664	62.666668	47.666668	46.0	59.0	86.666664	112.333336	135.33333	150.33333	156.33333	163.0	164.66667	160.0	157.33333	155.66667	143.66667	128.33333	84.666664	57.666668	82.0	122.0	138.0	114.0	83.0	54.0	
197.33333	194.33333	187.33333	176.33333	176.66667	152.66667	129.0	126.333336	133.0	146.0	144.33333	133.0	112.0	87.333336	58.0	39.0	42.0	66.666664	104.666664	126.333336	133.66667	142.0	149.33333	145.33333	142.66667	139.66667	114.0	83.666664	72.666664	104.0	145.33333	159.0	149.66667	130.33333	93.333336	55.666668	
197.66667	194.66667	186.0	174.33333	161.33333	132.66667	123.333336	131.33333	145.66667	152.33333	150.0	148.33333	147.66667	139.33333	121.0	91.0	67.0	57.333332	73.0	97.333336	118.666664	135.33333	150.66667	153.33333	153.66667	128.33333	87.333336	81.0	99.666664	110.0	113.666664	118.666664	124.333336	130.33333	88.666664	50.0	
199.66667	193.0	182.33333	170.33333	147.33333	123.333336	130.66667	149.0	146.66667	136.66667	129.33333	128.66667	130.66667	110.333336	88.333336	82.666664	79.666664	64.0	55.0	72.333336	111.0	137.66667	161.0	173.66667	159.66667	110.0	78.0	88.666664	102.666664	74.666664	54.666668	78.333336	113.333336	134.66667	78.666664	43.333332	
192.33333	184.33333	177.0	162.33333	142.33333	130.33333	140.33333	138.33333	117.666664	107.666664	125.666664	153.0	155.66667	100.0	60.333332	57.666668	61.666668	66.0	69.0	80.333336	115.333336	152.33333	173.33333	183.66667	161.33333	119.333336	104.666664	134.33333	155.66667	134.33333	110.0	131.33333	148.66667	141.0	70.666664	43.666668	
187.0	188.0	179.0	163.66667	153.66667	142.0	136.66667	139.0	152.33333	167.0	176.0	182.0	169.33333	116.666664	94.666664	104.666664	94.666664	106.666664	118.0	112.666664	133.0	166.0	186.0	190.0	174.33333	155.0	146.0	161.33333	174.0	171.0	156.66667	152.33333	162.0	145.0	67.333336	45.333332	
189.33333	190.66667	182.33333	178.66667	171.0	156.0	159.33333	183.33333	200.0	198.33333	184.66667	177.33333	172.0	159.33333	153.0	151.33333	138.66667	148.0	142.66667	136.66667	151.66667	172.0	187.66667	192.0	182.66667	165.66667	148.0	140.33333	151.66667	167.33333	162.33333	158.33333	171.33333	151.0	68.333336	46.0	
190.33333	188.66667	188.33333	190.66667	186.33333	180.33333	185.33333	195.66667	199.66667	192.0	181.0	173.66667	175.33333	179.66667	177.33333	160.33333	147.66667	150.66667	151.0	152.33333	166.0	180.33333	189.66667	193.33333	186.66667	165.0	147.0	134.0	131.33333	142.66667	150.66667	163.0	179.33333	156.33333	71.666664	46.0	
187.33333	189.66667	195.66667	199.33333	199.66667	197.0	191.33333	188.33333	191.0	188.0	182.0	174.33333	170.0	169.66667	163.33333	151.0	152.33333	165.66667	169.33333	172.33333	180.0	188.66667	193.66667	198.0	192.66667	168.33333	154.66667	144.66667	149.0	161.66667	166.0	169.33333	178.0	162.0	76.0	46.0	
188.66667	193.0	197.66667	200.33333	203.0	201.33333	194.33333	190.33333	186.33333	182.66667	178.0	163.0	154.66667	154.66667	154.33333	152.0	160.0	176.33333	180.66667	187.66667	190.66667	196.0	198.33333	201.33333	198.33333	170.33333	163.33333	166.0	157.0	159.66667	166.33333	178.33333	178.0	158.0	79.333336	49.666668	
187.66667	192.66667	197.0	196.33333	197.66667	198.66667	196.0	192.66667	189.66667	185.66667	179.33333	168.0	158.0	154.33333	156.66667	166.66667	179.0	184.66667	186.0	194.0	199.0	201.0	202.0	203.0	203.66667	175.66667	169.33333	187.66667	185.0	180.66667	182.66667	181.66667	171.66667	152.0	80.666664	50.666668	
181.33333	184.33333	187.66667	186.66667	188.0	187.0	190.0	190.33333	187.66667	188.33333	184.66667	174.66667	169.33333	172.33333	183.0	192.66667	196.0	193.33333	189.0	197.0	203.33333	202.0	202.33333	201.0	204.0	182.0	164.0	173.66667	191.0	188.66667	191.33333	180.66667	165.33333	146.66667	79.333336	47.666668	
185.66667	185.33333	182.0	181.33333	182.0	179.33333	180.66667	181.33333	178.66667	181.33333	186.66667	191.33333	195.33333	197.33333	197.66667	200.0	200.0	182.66667	170.0	184.33333	197.0	206.0	205.33333	200.33333	204.66667	190.33333	155.66667	144.0	167.66667	183.66667	190.33333	182.0	164.66667	141.0	76.0	46.0	
190.33333	190.0	183.33333	180.0	179.0	173.0	172.0	173.66667	175.66667	183.33333	187.0	194.33333	198.33333	199.66667	200.0	198.33333	182.0	153.33333	156.66667	175.0	188.0	206.66667	209.0	202.0	207.0	199.0	167.66667	139.33333	141.33333	173.66667	183.33333	179.33333	169.0	143.66667	72.0	43.333332	
187.66667	191.0	187.0	182.0	177.0	171.33333	170.0	174.33333	181.66667	194.33333	197.0	199.66667	201.33333	199.66667	194.66667	184.0	152.33333	135.33333	170.66667	186.0	189.33333	205.33333	209.0	201.66667	203.0	200.33333	176.66667	136.66667	117.0	150.0	169.66667	174.66667	163.66667	144.33333	68.333336	36.0	
189.33333	192.66667	190.33333	183.66667	178.0	173.66667	175.66667	185.0	192.0	199.33333	200.33333	198.33333	197.66667	192.0	182.33333	159.66667	122.333336	117.333336	163.0	181.66667	189.33333	196.33333	191.33333	185.33333	184.33333	184.33333	165.33333	123.666664	95.333336	124.666664	150.33333	161.0	155.66667	135.33333	60.333332	26.0	
190.66667	191.0	192.0	187.66667	183.66667	183.66667	186.66667	195.33333	198.0	198.33333	194.33333	188.66667	186.66667	180.0	165.33333	139.0	121.0	110.666664	114.0	122.0	141.33333	155.33333	156.33333	152.66667	148.0	151.33333	146.0	131.33333	101.333336	105.0	133.33333	147.66667	147.33333	127.0	50.666668	21.333334	
189.0	187.33333	189.66667	189.0	188.66667	190.33333	193.0	198.0	195.0	192.0	187.0	179.66667	174.66667	164.33333	148.66667	141.0	143.0	133.66667	115.333336	106.0	108.333336	112.0	120.666664	121.666664	107.333336	114.666664	133.0	146.33333	122.666664	101.0	117.333336	134.66667	137.66667	118.333336	44.333332	20.0	
191.0	188.0	188.33333	187.66667	188.66667	190.66667	195.0	198.66667	192.0	183.66667	176.33333	167.66667	160.66667	149.0	139.66667	145.66667	148.33333	145.33333	139.33333	131.0	117.333336	91.0	81.0	87.666664	100.333336	127.0	147.66667	150.33333	133.0	108.0	107.333336	124.666664	131.33333	112.0	39.666668	18.333334	
193.66667	191.33333	186.33333	183.66667	184.66667	186.66667	189.33333	190.66667	182.0	169.0	161.66667	158.33333	149.66667	137.66667	137.66667	150.0	148.0	148.0	147.0	141.0	133.0	108.333336	87.333336	100.666664	130.33333	149.33333	152.33333	143.0	133.66667	117.666664	109.666664	117.666664	123.0	98.0	32.333332	15.0	
192.0	191.33333	184.66667	178.66667	179.66667	180.66667	181.0	181.0	172.66667	160.0	149.0	142.66667	137.33333	133.0	137.33333	143.33333	145.0	149.66667	152.33333	152.0	149.66667	135.0	127.666664	142.66667	155.33333	156.0	150.33333	130.0	118.666664	114.333336	112.333336	120.0	121.666664	86.666664	27.333334	14.666667	
191.0	189.66667	182.66667	174.33333	172.66667	172.66667	171.66667	170.0	163.33333	153.33333	143.33333	135.33333	130.66667	131.0	136.33333	139.33333	141.33333	141.66667	146.0	155.0	158.0	154.66667	155.66667	172.33333	176.66667	156.66667	131.66667	97.0	84.0	102.333336	115.666664	124.333336	122.333336	76.333336	22.333334	15.333333	
188.0	187.66667	180.33333	170.33333	166.33333	164.33333	165.0	163.33333	154.0	144.0	137.66667	130.66667	124.0	118.333336	111.666664	108.666664	117.333336	116.666664	119.666664	130.66667	139.33333	145.66667	153.0	157.33333	136.66667	111.666664	107.0	94.666664	85.0	103.0	123.0	127.333336	116.333336	55.666668	20.0	17.333334	
178.66667	180.33333	176.66667	168.0	162.0	160.0	161.33333	156.66667	146.33333	139.0	138.66667	126.666664	110.666664	95.333336	83.0	87.666664	100.666664	97.333336	84.333336	80.666664	85.333336	93.0	100.0	104.666664	109.333336	117.666664	126.333336	136.33333	127.0	115.333336	124.0	123.666664	99.666664	38.666668	20.333334	19.333334	
169.0	171.66667	172.33333	166.33333	160.66667	159.0	159.0	151.33333	143.33333	144.0	140.0	129.0	114.0	109.0	117.0	124.333336	134.66667	135.66667	130.33333	131.66667	131.66667	132.66667	136.0	143.33333	145.66667	136.0	133.66667	153.33333	149.66667	127.0	120.0	115.0	77.666664	30.0	22.666666	20.666666	
166.66667	166.33333	162.33333	159.66667	157.33333	154.66667	153.0	146.0	146.66667	148.33333	138.33333	130.0	137.0	147.33333	145.0	138.33333	138.66667	142.66667	142.33333	142.0	140.66667	140.0	137.66667	129.33333	118.0	114.666664	135.0	155.66667	152.33333	134.33333	119.666664	102.666664	53.666668	27.666666	20.333334	20.333334	
165.33333	165.0	160.0	156.33333	153.66667	150.66667	145.0	139.33333	145.33333	141.66667	133.33333	141.33333	153.33333	153.66667	155.0	149.66667	141.0	131.0	117.333336	106.666664	98.0	94.333336	92.333336	88.0	93.333336	116.333336	140.66667	150.33333	149.66667	133.66667	118.0	84.333336	39.0	26.333334	20.0	23.666666	
164.0	167.66667	164.66667	158.33333	153.33333	151.0	143.0	131.66667	135.66667	134.0	132.66667	143.0	152.66667	154.66667	152.66667	151.0	145.66667	128.66667	111.333336	108.333336	115.333336	120.666664	123.0	124.666664	127.333336	138.33333	146.0	153.0	152.33333	141.0	113.333336	61.0	32.0	25.333334	23.666666	29.0	
166.33333	169.33333	169.0	163.0	157.0	150.66667	135.0	125.666664	132.66667	133.0	133.66667	137.66667	144.33333	152.0	153.66667	151.0	150.66667	145.33333	142.0	155.66667	164.66667	169.33333	170.33333	172.0	164.66667	162.33333	160.66667	156.33333	149.33333	127.0	84.0	42.0	30.333334	24.666666	26.0	33.666668	
172.66667	174.0	173.33333	166.33333	157.66667	145.66667	132.0	134.66667	139.66667	135.33333	142.66667	150.33333	153.33333	157.0	160.66667	162.66667	165.33333	170.0	174.0	183.0	189.66667	192.0	190.66667	186.66667	177.33333	170.66667	168.66667	157.0	132.0	96.0	63.666668	43.0	33.666668	30.333334	33.666668	38.666668	
175.66667	175.33333	172.66667	165.33333	157.66667	151.0	144.0	145.0	147.0	145.0	150.0	158.33333	164.33333	169.0	172.33333	177.0	182.0	185.33333	185.0	185.33333	189.33333	188.33333	184.66667	181.33333	172.66667	165.66667	162.33333	144.66667	106.333336	75.0	61.666668	63.0	57.666668	54.666668	51.666668	48.333332	
178.0	176.66667	174.66667	165.66667	151.33333	141.33333	135.33333	133.0	129.33333	127.666664	133.66667	150.33333	160.33333	167.66667	171.0	177.66667	181.0	182.66667	180.66667	178.33333	173.66667	163.0	159.0	160.66667	157.33333	152.33333	137.66667	118.666664	89.666664	73.0	65.666664	65.666664	72.0	68.333336	63.333332	61.666668	
177.33333	174.66667	171.66667	160.0	145.0	130.0	121.333336	118.0	115.333336	115.0	124.666664	141.66667	148.66667	156.0	161.66667	164.66667	166.0	165.0	163.33333	162.66667	154.0	139.33333	134.66667	139.66667	141.33333	135.33333	119.333336	90.666664	72.333336	67.333336	64.0	67.0	75.0	64.333336	53.666668	56.333332	
176.66667	172.0	167.0	156.66667	143.33333	130.33333	123.0	120.0	120.0	117.666664	118.333336	132.0	141.33333	145.33333	144.66667	144.66667	144.33333	143.0	139.33333	135.0	127.333336	116.333336	116.0	120.666664	118.666664	115.666664	101.0	65.333336	62.0	68.333336	64.0	63.333332	69.666664	68.333336	56.0	47.666668	
