200.0	244.0	250.66667	253.0	254.66667	254.33333	254.66667	254.33333	253.66667	253.66667	253.66667	254.33333	253.33333	253.66667	252.66667	252.33333	250.33333	209.66667	167.33333	192.66667	228.66667	238.33333	237.0	245.66667	249.33333	251.0	249.33333	247.66667	238.0	169.0	57.0	39.666668	38.333332	38.666668	38.0	36.666668	
245.66667	250.66667	252.0	254.0	254.0	253.66667	254.33333	254.0	254.0	253.66667	254.0	254.33333	254.33333	253.66667	253.0	252.33333	252.0	247.0	240.66667	240.66667	245.66667	248.33333	247.33333	249.66667	251.0	251.0	249.66667	250.33333	246.33333	217.33333	84.333336	39.666668	39.666668	38.666668	37.666668	36.666668	
251.0	251.0	252.33333	254.0	255.0	254.0	254.33333	254.33333	254.33333	253.33333	254.33333	254.33333	254.66667	254.0	254.0	253.0	252.0	249.66667	247.0	244.0	244.66667	248.66667	248.66667	249.33333	250.33333	251.66667	251.33333	251.0	249.66667	238.33333	117.666664	41.0	38.333332	39.0	37.333332	36.666668	
244.0	247.33333	250.0	253.66667	254.33333	253.33333	252.66667	254.0	254.33333	253.33333	253.66667	253.66667	252.33333	252.66667	252.33333	252.33333	250.0	246.33333	241.66667	235.66667	232.66667	234.66667	237.66667	237.33333	238.0	241.0	245.0	249.33333	249.33333	241.0	152.0	44.666668	40.0	39.0	37.666668	36.666668	
243.66667	250.33333	252.66667	254.0	254.0	252.66667	252.33333	254.0	254.33333	253.66667	252.66667	251.66667	251.0	247.33333	242.66667	235.33333	226.66667	219.33333	215.0	210.0	205.0	204.0	202.66667	206.66667	214.33333	220.33333	224.66667	232.33333	238.0	240.33333	186.33333	60.333332	40.333332	38.666668	37.666668	36.666668	
248.33333	250.66667	253.0	253.33333	253.0	252.66667	252.66667	253.0	253.0	253.33333	250.66667	244.0	235.33333	222.33333	201.66667	180.66667	161.0	148.66667	139.0	132.66667	129.0	130.33333	131.0	133.33333	139.0	154.33333	178.33333	204.0	218.0	226.66667	215.0	95.333336	41.0	38.0	36.666668	37.666668	
250.33333	251.0	253.33333	252.33333	249.0	249.66667	250.66667	249.33333	249.66667	246.0	233.0	212.33333	183.0	151.0	130.33333	120.666664	118.333336	118.333336	117.333336	116.0	114.333336	112.666664	110.333336	109.333336	106.666664	107.0	114.333336	137.0	177.66667	210.33333	219.66667	140.0	46.0	38.333332	36.666668	37.333332	
252.66667	252.66667	251.33333	248.0	247.66667	249.0	245.33333	244.33333	239.0	217.33333	179.33333	142.33333	126.0	120.333336	118.0	118.333336	120.333336	120.333336	117.333336	115.666664	112.0	109.333336	109.0	108.0	106.666664	107.0	105.0	105.666664	117.666664	166.33333	210.33333	180.66667	61.666668	40.333332	37.666668	36.666668	
251.66667	251.33333	249.66667	249.0	249.33333	246.0	244.0	232.33333	192.66667	142.33333	121.333336	118.666664	116.666664	114.333336	113.0	114.333336	118.333336	119.333336	117.333336	115.0	110.0	106.666664	108.0	107.666664	105.333336	104.666664	103.333336	100.666664	102.333336	117.0	170.66667	203.33333	89.0	39.666668	37.333332	36.333332	
250.66667	250.66667	250.66667	251.33333	250.33333	244.33333	220.66667	167.66667	129.33333	120.0	119.0	117.666664	116.333336	114.666664	112.333336	112.0	113.666664	114.666664	113.333336	113.0	107.666664	105.333336	107.333336	106.666664	104.0	103.333336	102.0	101.0	102.0	104.666664	127.0	192.33333	126.0	40.333332	38.666668	36.333332	
251.33333	251.33333	250.0	246.0	232.33333	198.33333	147.66667	125.333336	124.333336	122.0	117.333336	117.0	116.666664	113.333336	110.666664	110.666664	112.0	110.333336	109.333336	110.333336	109.666664	109.333336	108.666664	107.0	107.333336	109.0	108.333336	104.333336	103.333336	104.666664	108.333336	159.0	151.66667	45.333332	38.0	36.666668	
251.0	245.33333	236.33333	227.0	187.0	136.66667	121.333336	123.666664	123.0	121.666664	118.333336	118.333336	117.666664	118.0	116.0	115.0	115.333336	109.333336	108.666664	109.333336	111.333336	110.666664	111.666664	110.666664	112.0	113.666664	114.0	110.333336	106.0	104.666664	106.666664	128.0	149.0	48.0	37.0	36.333332	
237.66667	231.66667	222.33333	179.0	132.0	124.0	123.666664	122.333336	121.666664	119.666664	122.0	124.0	123.333336	123.666664	121.666664	119.0	116.0	110.666664	113.666664	111.666664	113.0	113.0	113.333336	115.0	116.333336	113.666664	112.0	111.666664	110.666664	108.0	109.0	113.666664	133.66667	49.333332	37.333332	36.666668	
228.0	222.66667	172.66667	124.333336	121.666664	122.0	120.333336	122.666664	123.0	125.0	129.33333	128.66667	127.0	125.0	121.0	118.0	115.333336	110.666664	112.666664	113.0	112.333336	114.0	114.333336	117.0	117.0	112.666664	112.0	113.666664	111.666664	108.666664	107.0	109.333336	119.0	44.666668	37.0	36.666668	
223.66667	170.66667	117.0	117.666664	119.333336	119.333336	118.666664	123.333336	127.333336	129.0	124.666664	121.333336	118.333336	114.0	116.0	116.666664	114.0	108.666664	109.0	110.666664	110.333336	112.333336	114.666664	116.666664	115.333336	113.666664	111.333336	109.333336	104.0	98.333336	91.333336	99.333336	106.0	42.666668	37.333332	36.0	
159.66667	106.0	113.666664	121.0	119.333336	121.666664	123.0	125.666664	120.0	107.333336	101.333336	99.0	98.333336	95.333336	102.333336	107.666664	104.333336	103.666664	106.666664	112.0	113.333336	112.333336	114.0	116.0	114.666664	109.666664	101.666664	91.666664	79.0	69.0	66.666664	75.0	76.333336	41.333332	38.0	36.666668	
82.666664	101.0	119.333336	122.666664	120.666664	126.0	131.0	120.0	91.666664	68.333336	59.666668	57.666668	58.0	60.666668	65.333336	71.0	76.0	86.0	97.666664	109.666664	112.666664	112.666664	114.333336	112.666664	95.0	74.333336	61.0	50.333332	42.0	43.0	52.0	66.0	65.666664	42.0	37.666668	37.666668	
80.666664	110.0	121.666664	122.666664	125.666664	133.33333	122.333336	91.333336	66.666664	54.333332	45.666668	42.0	39.333332	38.666668	39.666668	40.0	50.666668	70.0	90.666664	107.0	111.0	112.333336	112.333336	100.333336	73.333336	54.666668	46.0	51.666668	63.0	67.666664	70.333336	79.333336	78.333336	45.666668	36.666668	37.333332	
89.333336	111.0	120.0	122.333336	127.333336	118.666664	101.333336	85.0	73.0	71.0	74.666664	81.0	77.333336	68.0	64.0	63.666668	70.333336	82.666664	95.0	104.0	110.0	113.333336	114.666664	104.0	84.666664	68.666664	60.666668	68.666664	80.666664	93.0	105.0	110.0	101.0	49.0	36.666668	37.333332	
92.333336	114.333336	122.666664	123.666664	114.333336	99.0	94.333336	95.0	90.666664	90.666664	89.0	82.0	74.0	66.666664	62.333332	64.666664	75.666664	88.666664	100.0	105.333336	111.333336	114.666664	117.333336	102.333336	63.333332	44.0	47.333332	63.333332	72.666664	80.666664	98.333336	121.0	116.333336	57.333332	37.0	36.666668	
97.333336	118.666664	124.0	122.333336	113.666664	104.333336	102.333336	100.333336	92.333336	77.0	63.666668	53.0	52.666668	67.0	63.0	58.666668	64.666664	80.666664	98.333336	106.0	112.666664	112.666664	111.0	76.666664	41.333332	32.0	43.666668	85.0	98.0	71.333336	88.0	116.666664	120.666664	66.666664	38.0	36.0	
108.666664	124.0	124.333336	120.0	115.333336	110.666664	105.333336	94.0	71.0	55.333332	49.0	41.333332	53.333332	93.333336	88.0	69.0	68.0	80.0	94.666664	107.666664	116.666664	112.666664	107.0	74.666664	46.333332	38.666668	52.333332	93.333336	101.333336	89.0	97.666664	109.333336	115.0	81.666664	40.666668	35.666668	
120.0	129.0	128.66667	124.0	119.666664	114.0	107.0	95.666664	75.333336	66.333336	64.666664	54.666668	64.666664	93.0	81.666664	66.666664	69.0	80.0	96.0	112.0	121.666664	116.0	109.0	91.666664	66.0	61.333332	68.666664	86.333336	99.0	112.0	109.0	108.333336	113.333336	95.0	45.0	36.333332	
125.666664	131.0	129.33333	130.66667	127.333336	118.666664	113.333336	109.666664	102.0	93.666664	89.333336	82.666664	80.666664	85.333336	78.0	72.333336	77.0	90.666664	104.666664	121.0	128.0	122.333336	116.333336	107.333336	88.666664	76.666664	80.333336	93.333336	104.0	108.666664	109.0	108.0	113.0	103.333336	49.666668	36.666668	
126.666664	132.33333	131.0	132.33333	130.0	126.0	122.333336	117.666664	112.0	107.333336	102.0	96.0	92.666664	89.333336	85.333336	88.666664	99.0	106.333336	114.666664	127.333336	136.33333	133.0	124.666664	114.333336	106.0	96.0	93.333336	98.333336	103.333336	106.666664	111.333336	111.0	110.666664	106.333336	54.666668	36.666668	
123.666664	130.66667	131.33333	131.0	132.33333	133.0	132.66667	128.0	121.666664	116.0	111.0	107.0	106.0	104.333336	106.666664	110.666664	113.333336	115.333336	124.333336	134.33333	142.33333	141.33333	132.0	124.0	115.0	107.666664	103.333336	102.333336	103.0	107.666664	113.0	116.0	114.666664	110.0	57.666668	37.0	
124.0	128.66667	128.33333	127.666664	131.66667	134.0	137.33333	136.33333	131.66667	126.0	120.0	115.0	113.666664	116.0	118.333336	118.666664	119.333336	121.333336	128.33333	135.33333	144.66667	145.66667	136.0	127.666664	120.0	113.666664	105.666664	103.666664	103.333336	110.666664	118.666664	121.666664	122.666664	114.333336	58.666668	36.666668	
119.0	124.333336	125.666664	125.0	127.666664	132.0	136.33333	134.66667	130.33333	126.333336	121.666664	118.333336	120.333336	122.0	118.0	116.0	113.333336	115.333336	125.666664	139.66667	150.33333	147.0	137.0	129.33333	122.0	118.0	108.0	107.0	108.333336	115.0	121.666664	124.333336	126.333336	112.666664	54.333332	37.666668	
114.333336	120.333336	122.666664	124.0	124.666664	129.66667	132.66667	131.33333	129.33333	127.0	128.33333	127.0	128.66667	125.666664	118.0	107.666664	105.333336	120.666664	134.0	146.66667	147.33333	138.33333	131.0	127.0	123.666664	119.333336	111.0	110.333336	113.666664	118.666664	123.666664	125.0	127.0	107.0	47.666668	39.0	
111.333336	117.0	121.333336	124.333336	123.333336	123.0	128.66667	129.0	128.0	130.66667	133.0	133.66667	134.0	126.0	116.0	100.333336	107.333336	131.33333	135.33333	136.0	134.66667	128.66667	125.333336	124.666664	125.0	124.666664	114.666664	113.666664	118.0	122.333336	126.666664	126.333336	127.666664	94.666664	42.333332	40.0	
109.0	112.0	118.0	122.333336	123.333336	122.0	125.0	126.333336	126.333336	129.66667	133.0	132.66667	130.66667	124.666664	112.333336	98.333336	107.333336	121.0	114.0	102.0	107.666664	113.0	113.0	114.0	111.0	116.333336	115.333336	116.0	122.333336	124.666664	126.0	123.666664	125.333336	76.666664	40.0	39.666668	
111.666664	112.333336	115.333336	120.0	121.666664	122.0	123.0	123.0	123.333336	126.333336	129.0	129.0	125.333336	119.666664	108.666664	104.333336	107.0	97.333336	82.666664	78.333336	88.333336	99.0	97.666664	94.333336	91.333336	102.0	111.666664	117.0	124.666664	126.666664	127.0	123.333336	120.333336	61.333332	37.666668	39.0	
113.666664	114.0	113.666664	116.333336	119.333336	122.333336	122.0	121.333336	123.333336	124.666664	124.333336	123.333336	120.333336	113.666664	105.666664	113.333336	114.666664	102.333336	89.666664	84.666664	86.333336	88.333336	86.0	85.0	89.666664	99.666664	109.333336	116.666664	124.666664	129.66667	129.66667	125.666664	112.333336	53.666668	38.0	39.0	
115.0	113.333336	114.0	114.333336	117.333336	121.333336	122.0	122.333336	124.333336	126.0	124.666664	122.0	118.333336	111.666664	111.0	115.666664	110.666664	104.666664	98.0	92.666664	87.0	84.0	85.333336	86.0	88.666664	94.666664	100.666664	108.0	119.333336	132.0	131.0	125.333336	107.0	48.333332	37.666668	37.333332	
115.0	113.666664	116.0	115.333336	117.666664	119.666664	121.0	121.666664	125.0	126.666664	126.0	123.333336	120.333336	112.666664	112.0	106.666664	104.333336	108.333336	114.0	109.666664	98.333336	93.333336	96.333336	101.666664	103.0	104.666664	102.0	98.666664	109.333336	127.0	130.33333	124.333336	102.0	43.333332	39.333332	37.333332	
110.666664	114.333336	116.0	115.0	116.333336	118.333336	120.666664	123.333336	125.333336	126.333336	126.666664	123.666664	119.666664	110.0	107.0	102.333336	109.333336	121.0	122.666664	109.0	99.666664	99.0	99.333336	98.0	101.0	110.333336	115.666664	113.0	111.333336	120.666664	128.33333	124.0	94.0	40.0	38.333332	37.333332	
109.333336	113.666664	114.666664	114.666664	116.333336	117.666664	119.666664	121.0	121.666664	124.666664	126.333336	122.666664	118.0	107.666664	106.666664	110.0	114.0	105.666664	76.666664	57.0	61.666668	73.0	76.333336	83.333336	89.333336	81.666664	99.666664	112.333336	115.666664	122.333336	126.666664	120.666664	80.666664	37.0	36.666668	36.333332	
110.333336	111.333336	112.333336	114.0	115.0	116.666664	119.333336	119.333336	119.666664	123.333336	125.666664	124.333336	120.0	112.333336	113.0	107.0	87.0	52.666668	30.666666	28.0	46.333332	68.333336	85.333336	94.333336	88.333336	52.333332	58.0	89.0	108.333336	121.333336	126.333336	120.333336	70.0	36.0	36.333332	37.0	
109.666664	108.666664	109.0	111.0	112.666664	115.333336	119.333336	121.0	120.666664	121.0	124.333336	125.0	120.333336	114.0	109.666664	90.333336	58.0	40.666668	46.0	46.333332	64.666664	87.0	94.0	91.0	85.0	78.666664	81.333336	101.333336	110.0	117.333336	126.333336	116.0	57.333332	37.333332	37.333332	37.666668	
108.0	107.0	107.666664	108.333336	111.0	114.666664	117.666664	120.0	118.333336	118.0	122.0	123.333336	122.0	112.666664	105.333336	101.666664	96.666664	95.0	101.666664	100.333336	97.0	101.0	101.666664	100.666664	99.333336	100.666664	105.333336	114.0	115.666664	118.666664	124.666664	106.333336	46.0	36.666668	37.0	38.0	
106.333336	105.666664	105.666664	106.333336	107.0	110.0	113.333336	113.666664	114.333336	116.333336	118.666664	117.666664	114.333336	109.0	108.333336	111.333336	108.666664	100.333336	99.0	99.666664	101.333336	99.666664	98.333336	96.666664	95.666664	100.0	108.666664	112.0	112.666664	115.333336	121.333336	88.666664	41.333332	36.666668	38.0	38.0	
103.333336	102.333336	100.333336	101.666664	105.0	107.0	110.666664	111.333336	111.333336	113.666664	114.333336	112.666664	109.666664	107.0	110.0	107.666664	102.333336	95.333336	86.333336	79.0	77.666664	76.333336	78.333336	80.666664	83.666664	91.0	101.666664	108.333336	108.0	110.666664	112.666664	67.0	41.0	38.666668	38.333332	37.0	
104.666664	102.0	99.0	97.333336	101.666664	105.0	108.333336	109.333336	109.333336	111.0	111.666664	110.666664	107.333336	102.333336	102.0	100.666664	103.666664	100.0	91.0	80.0	72.666664	68.666664	66.666664	72.333336	80.666664	90.666664	101.666664	107.666664	109.0	109.666664	99.333336	49.666668	40.0	39.333332	37.666668	36.666668	
107.333336	103.0	99.0	96.0	92.333336	98.0	103.666664	106.0	107.666664	108.666664	108.666664	107.0	105.666664	100.0	100.333336	99.666664	105.666664	108.0	102.0	97.0	92.0	83.666664	75.333336	79.666664	88.333336	96.666664	101.666664	104.0	106.0	108.666664	80.666664	40.0	39.0	39.333332	37.666668	38.0	
104.666664	105.333336	101.333336	94.666664	87.0	83.333336	88.333336	96.666664	100.333336	100.333336	103.0	102.666664	103.333336	101.0	102.666664	101.333336	106.0	111.0	110.0	107.666664	105.666664	97.0	88.0	90.0	92.333336	96.333336	98.0	99.666664	101.333336	100.333336	58.333332	38.0	38.666668	39.0	37.666668	37.0	
103.333336	103.333336	102.333336	96.333336	89.0	81.333336	74.666664	75.0	82.333336	88.333336	92.666664	96.333336	97.666664	95.333336	100.666664	103.0	104.0	107.333336	107.666664	108.333336	106.333336	100.0	93.0	88.666664	87.0	90.333336	93.666664	97.0	100.666664	82.0	43.333332	39.333332	38.333332	38.666668	37.666668	37.0	
98.333336	97.666664	96.333336	93.0	88.666664	80.666664	74.666664	64.666664	60.0	64.0	70.333336	80.0	85.333336	87.0	94.333336	99.0	99.333336	99.0	98.0	97.333336	96.666664	90.666664	87.0	83.0	80.0	82.666664	89.333336	95.0	98.0	65.333336	39.333332	38.333332	38.0	38.666668	38.0	37.333332	
108.0	98.333336	91.666664	88.333336	86.333336	80.0	73.0	66.333336	59.0	48.666668	46.666668	52.0	63.0	71.333336	80.0	84.666664	87.333336	84.333336	81.666664	80.0	80.333336	76.666664	74.0	73.666664	73.333336	77.666664	85.0	93.0	98.333336	61.666668	38.333332	38.666668	39.0	38.666668	38.666668	37.666668	
166.0	132.66667	88.666664	75.666664	73.333336	70.333336	66.666664	61.333332	58.333332	52.0	44.333332	39.0	39.0	43.333332	53.0	64.0	69.666664	67.333336	64.666664	62.666668	63.0	59.0	55.666668	58.333332	60.333332	68.333336	77.333336	92.0	107.333336	70.333336	38.666668	39.0	39.333332	39.0	38.666668	38.0	
