153.66667	148.0	109.666664	125.0	148.0	158.66667	166.66667	174.66667	181.66667	187.66667	189.33333	185.66667	180.66667	177.66667	178.0	179.0	179.33333	180.33333	180.33333	181.66667	183.0	181.33333	179.33333	179.0	183.0	188.66667	194.33333	199.0	198.0	194.0	185.33333	168.66667	146.0	114.333336	97.333336	111.333336	
155.33333	136.33333	105.333336	132.0	153.66667	161.66667	167.33333	174.33333	178.66667	184.0	186.33333	185.66667	184.66667	182.66667	182.66667	183.33333	183.66667	184.33333	183.33333	184.0	185.33333	182.66667	181.0	180.66667	185.0	191.0	195.66667	198.33333	196.33333	194.33333	187.66667	175.33333	155.33333	127.0	106.333336	108.333336	
161.66667	130.33333	109.333336	137.0	154.66667	162.0	166.33333	173.33333	177.66667	182.33333	185.0	185.66667	186.66667	184.33333	182.66667	182.33333	185.66667	188.66667	189.66667	189.66667	188.0	185.66667	185.66667	186.0	189.33333	191.33333	194.66667	195.33333	194.33333	193.0	187.33333	178.0	162.33333	139.66667	115.666664	111.333336	
163.0	131.0	114.666664	136.0	151.0	161.33333	166.66667	175.66667	179.33333	180.0	181.0	180.0	184.33333	184.0	184.33333	185.66667	189.0	191.33333	193.66667	194.0	190.66667	188.0	186.0	186.66667	188.66667	190.66667	192.0	191.0	190.33333	190.66667	184.66667	178.66667	165.66667	148.33333	123.333336	116.666664	
164.33333	132.0	116.0	133.66667	147.33333	159.33333	167.33333	175.66667	178.0	176.66667	177.0	178.66667	184.66667	186.33333	189.0	192.66667	192.0	191.66667	194.66667	194.66667	191.33333	189.33333	187.33333	187.0	187.0	189.33333	190.0	187.33333	186.0	187.0	184.0	180.33333	171.66667	155.0	129.66667	114.666664	
158.0	135.0	119.666664	132.66667	144.0	157.33333	167.0	174.0	176.66667	175.33333	176.66667	181.0	185.66667	190.0	195.33333	199.33333	196.0	192.33333	193.66667	194.66667	193.33333	193.66667	192.66667	191.33333	190.33333	190.0	189.33333	188.33333	186.0	187.33333	187.0	182.33333	175.0	156.66667	131.66667	114.0	
146.0	138.66667	127.333336	130.33333	144.66667	158.33333	165.66667	171.33333	175.33333	177.33333	178.66667	183.66667	184.66667	188.33333	193.0	198.0	196.66667	193.66667	194.66667	196.33333	197.33333	197.0	195.0	194.0	193.0	190.66667	189.33333	189.0	189.0	189.33333	188.66667	182.0	175.33333	161.66667	139.0	113.333336	
134.33333	134.33333	131.33333	128.66667	145.0	161.33333	167.0	170.66667	176.0	180.0	181.66667	185.66667	185.66667	188.66667	189.66667	192.0	193.33333	191.0	190.66667	192.0	192.0	191.66667	190.66667	190.33333	191.33333	192.33333	193.33333	193.33333	193.33333	193.66667	191.0	184.0	177.66667	164.66667	144.33333	112.333336	
130.0	123.333336	130.66667	127.666664	141.33333	161.0	167.66667	173.66667	178.33333	179.33333	181.0	185.33333	189.0	192.0	194.33333	196.66667	196.66667	194.66667	191.33333	191.33333	195.33333	194.0	193.0	193.66667	196.0	195.66667	194.66667	193.66667	193.0	193.33333	191.33333	187.0	178.66667	162.33333	147.33333	113.0	
130.33333	115.666664	119.666664	123.0	136.33333	156.33333	169.66667	174.66667	175.33333	175.66667	180.66667	182.0	188.66667	193.0	195.33333	202.33333	199.0	194.0	194.0	193.66667	198.33333	198.33333	198.0	196.0	198.0	195.0	191.66667	189.33333	187.0	184.0	186.33333	186.33333	178.0	161.33333	146.33333	115.333336	
126.0	108.333336	116.0	117.666664	131.0	155.66667	173.0	165.66667	149.66667	148.66667	162.33333	174.0	184.0	191.66667	191.66667	196.0	191.0	186.0	196.33333	200.0	194.66667	189.33333	199.33333	198.0	196.66667	194.66667	187.0	171.66667	149.66667	137.33333	152.33333	173.66667	178.0	161.0	143.33333	121.333336	
127.0	108.333336	111.666664	115.0	122.666664	153.33333	164.66667	138.66667	107.333336	99.333336	114.0	131.66667	156.0	182.66667	191.33333	190.33333	179.0	175.0	194.0	204.0	186.33333	175.0	190.0	194.33333	188.66667	170.33333	144.33333	117.0	95.0	94.333336	109.0	127.0	155.0	159.33333	144.0	125.0	
127.333336	108.666664	109.666664	113.666664	118.333336	147.33333	138.0	106.333336	80.666664	64.666664	66.333336	80.666664	106.0	143.0	167.66667	172.33333	162.33333	161.66667	183.66667	191.66667	172.33333	161.33333	164.0	163.33333	143.0	109.0	85.0	71.666664	68.0	84.0	107.333336	121.333336	133.33333	146.0	143.33333	129.0	
128.33333	110.0	110.333336	118.333336	115.333336	120.0	101.333336	80.333336	72.666664	65.333336	62.0	81.333336	92.666664	103.0	118.333336	132.0	142.66667	149.66667	175.0	180.33333	159.33333	141.0	128.0	108.0	88.333336	73.666664	71.333336	75.333336	81.333336	88.666664	102.666664	115.333336	114.333336	123.666664	137.66667	137.66667	
116.666664	115.666664	122.666664	121.0	110.666664	93.0	88.333336	98.0	104.333336	111.333336	124.0	136.33333	135.0	127.666664	120.0	115.0	124.0	142.0	173.0	180.66667	156.33333	129.33333	122.666664	115.666664	113.333336	117.333336	138.66667	146.33333	142.66667	133.66667	125.0	113.333336	107.333336	115.0	128.33333	139.33333	
137.0	112.333336	121.333336	125.333336	107.333336	93.333336	109.0	131.0	135.33333	135.0	143.66667	147.0	140.66667	135.66667	141.33333	140.66667	125.666664	135.0	173.0	184.66667	162.0	131.33333	142.66667	149.33333	139.0	129.66667	142.33333	146.0	138.0	133.0	139.0	137.0	126.0	120.333336	125.0	132.66667	
171.0	134.33333	112.333336	124.333336	108.0	104.333336	123.666664	130.33333	114.0	103.333336	113.666664	127.666664	120.0	107.0	114.333336	140.33333	133.66667	131.0	172.0	189.0	163.33333	129.66667	134.0	126.666664	114.333336	110.0	112.333336	106.333336	104.0	106.333336	118.333336	126.666664	133.33333	126.333336	128.66667	121.0	
178.66667	157.66667	96.0	118.333336	122.0	116.333336	112.666664	117.666664	103.666664	91.333336	92.0	70.666664	80.333336	109.0	112.0	123.333336	127.666664	126.0	162.33333	184.0	158.66667	124.333336	113.0	115.333336	112.666664	108.0	76.666664	59.666668	83.333336	100.0	109.666664	118.0	116.0	131.66667	135.0	108.333336	
172.0	165.33333	93.333336	102.666664	134.66667	113.666664	111.0	123.333336	100.333336	92.666664	93.333336	64.666664	71.0	106.666664	115.666664	119.0	100.0	107.333336	151.33333	172.0	143.0	97.0	99.0	125.666664	119.666664	121.0	95.0	82.0	110.666664	117.666664	117.0	130.0	131.0	144.0	139.33333	116.0	
149.66667	156.66667	109.333336	98.333336	125.666664	117.0	130.66667	117.666664	109.0	109.666664	113.666664	111.333336	118.0	123.333336	123.666664	123.0	79.333336	99.333336	161.0	168.66667	151.33333	92.666664	89.0	128.0	130.0	133.33333	132.0	128.66667	131.33333	133.0	139.0	136.0	144.33333	133.0	145.0	145.33333	
121.0	122.0	107.333336	106.666664	114.333336	106.333336	132.0	138.66667	134.0	133.0	132.0	141.33333	146.0	140.66667	138.33333	126.0	70.0	110.0	173.66667	173.0	169.33333	101.666664	79.666664	133.66667	145.33333	149.0	153.0	150.66667	143.0	145.33333	153.0	153.0	155.66667	160.66667	188.66667	163.0	
119.666664	111.0	107.666664	125.0	144.66667	121.666664	143.33333	158.0	144.0	141.0	142.66667	149.33333	154.66667	157.0	150.0	136.66667	86.333336	121.0	170.0	179.0	174.0	124.0	100.0	146.0	154.66667	155.0	159.0	162.0	155.66667	152.33333	158.0	163.0	156.66667	182.0	188.66667	161.0	
135.33333	114.666664	106.333336	119.666664	149.33333	145.33333	136.33333	157.0	152.66667	146.66667	144.0	148.0	158.33333	158.66667	146.33333	118.666664	105.666664	139.33333	171.66667	183.66667	173.66667	138.33333	113.0	133.33333	152.66667	158.33333	161.0	157.33333	153.0	154.0	156.66667	155.66667	168.66667	191.33333	183.0	157.33333	
135.66667	115.333336	109.0	111.666664	141.66667	168.33333	148.33333	136.33333	152.33333	158.66667	158.66667	159.0	162.66667	153.33333	129.66667	111.0	121.666664	151.33333	180.33333	185.66667	178.0	145.66667	133.66667	127.333336	132.33333	151.66667	159.33333	161.0	159.33333	152.0	155.33333	170.0	189.66667	185.66667	177.0	151.0	
119.666664	108.0	113.666664	111.666664	137.66667	164.33333	161.33333	149.0	147.0	146.66667	148.33333	148.33333	149.66667	151.33333	144.0	122.666664	124.0	156.66667	181.66667	185.66667	186.0	150.33333	138.0	149.33333	153.66667	157.66667	155.66667	154.33333	163.33333	173.33333	187.66667	191.0	187.33333	179.66667	168.0	142.66667	
124.0	103.666664	112.0	114.333336	130.33333	160.66667	156.33333	165.66667	174.33333	171.66667	169.66667	170.0	176.0	178.0	154.33333	123.333336	129.66667	164.0	183.66667	188.33333	188.0	155.66667	133.33333	140.33333	168.66667	185.0	180.33333	175.66667	186.0	198.0	194.0	188.0	181.0	173.66667	157.0	132.66667	
147.0	115.333336	106.666664	112.333336	123.0	151.0	156.66667	168.66667	176.0	178.66667	181.33333	182.66667	188.0	179.33333	147.0	127.333336	138.66667	160.66667	180.66667	188.33333	183.0	160.66667	140.33333	140.66667	168.66667	189.0	189.0	188.66667	188.66667	193.66667	189.0	182.0	175.66667	164.33333	149.33333	126.666664	
145.0	115.0	105.666664	113.333336	120.0	147.0	152.33333	165.0	174.33333	179.33333	185.0	184.66667	179.66667	162.33333	134.66667	127.666664	134.33333	151.0	171.66667	177.33333	163.66667	150.0	143.0	146.0	160.66667	182.0	187.0	191.33333	189.33333	188.0	183.33333	175.66667	170.33333	160.66667	144.33333	124.0	
154.0	129.0	105.0	109.333336	123.666664	141.33333	147.66667	160.66667	173.33333	179.66667	183.0	181.66667	168.33333	151.0	131.0	118.333336	111.0	121.666664	147.33333	154.0	134.0	118.0	115.0	132.66667	153.0	179.0	186.66667	187.66667	186.0	182.33333	178.33333	171.66667	167.33333	161.0	145.66667	122.0	
163.0	144.66667	109.0	106.333336	127.0	142.33333	149.33333	161.33333	171.33333	176.0	179.33333	173.33333	160.0	155.0	142.66667	126.666664	106.666664	97.0	112.666664	121.0	108.333336	93.666664	112.666664	135.33333	157.33333	182.66667	187.66667	188.0	185.66667	181.33333	174.33333	168.0	164.66667	159.33333	145.33333	124.0	
159.0	153.33333	110.333336	102.666664	128.66667	148.66667	150.66667	163.0	169.66667	172.66667	176.0	162.33333	152.66667	152.33333	152.66667	144.66667	131.33333	120.333336	123.666664	127.0	129.0	126.666664	140.66667	152.66667	172.33333	179.33333	182.0	188.0	183.66667	178.66667	173.33333	167.0	164.33333	161.0	142.0	120.333336	
95.333336	108.666664	79.333336	98.0	127.0	148.33333	153.0	166.66667	168.0	171.33333	167.0	152.66667	151.33333	151.33333	158.0	154.66667	150.33333	154.66667	156.66667	154.33333	155.66667	152.0	161.0	167.66667	175.33333	177.33333	179.0	181.33333	182.33333	180.33333	174.33333	165.33333	163.33333	161.66667	136.66667	116.0	
23.333334	28.0	39.333332	91.666664	125.0	146.66667	152.66667	166.66667	167.33333	164.66667	153.0	152.33333	154.66667	152.33333	158.0	154.66667	157.0	168.66667	167.33333	165.0	168.33333	164.33333	168.0	169.0	172.66667	174.66667	173.33333	171.33333	177.66667	179.66667	173.0	164.33333	162.66667	156.66667	131.33333	119.666664	
12.0	12.666667	27.0	75.666664	116.333336	142.66667	153.33333	165.33333	167.33333	153.66667	146.33333	159.0	155.33333	154.66667	155.66667	155.66667	164.33333	170.66667	164.0	164.33333	169.33333	166.33333	169.0	169.33333	170.33333	169.33333	166.33333	166.33333	169.66667	175.66667	170.66667	165.33333	163.0	151.66667	127.333336	115.333336	
8.333333	8.0	15.0	51.0	104.333336	135.33333	152.66667	165.66667	166.33333	150.0	151.0	159.0	148.33333	149.33333	154.66667	154.33333	167.0	175.0	172.66667	174.0	173.66667	168.66667	170.33333	165.33333	167.66667	164.66667	160.66667	164.66667	161.66667	169.66667	169.66667	164.0	160.0	148.0	127.0	100.333336	
5.6666665	4.6666665	8.333333	29.333334	89.666664	124.333336	145.0	164.66667	167.0	153.33333	155.0	154.0	138.66667	132.66667	131.66667	124.0	131.33333	148.0	160.0	166.66667	161.66667	158.66667	163.66667	158.0	157.66667	153.0	154.0	162.0	156.66667	164.33333	171.0	162.33333	154.0	141.66667	121.0	79.0	
4.3333335	7.6666665	9.666667	15.333333	71.666664	118.0	138.33333	165.33333	170.66667	157.33333	149.33333	145.33333	126.666664	104.666664	99.333336	97.0	106.666664	115.666664	120.666664	126.333336	127.0	126.0	133.0	138.66667	144.0	143.33333	147.0	153.0	155.66667	165.33333	169.66667	160.0	150.33333	139.0	110.0	76.666664	
8.0	10.666667	11.666667	10.666667	49.0	113.0	132.66667	157.66667	170.66667	158.33333	140.0	129.33333	119.0	96.333336	94.0	102.666664	125.0	138.66667	145.33333	142.0	127.333336	109.0	104.333336	103.0	107.333336	123.0	139.0	144.33333	154.33333	167.66667	168.33333	155.0	146.0	128.0	103.0	94.666664	
12.0	10.666667	8.666667	7.6666665	29.333334	97.666664	125.0	146.33333	165.0	157.0	134.33333	125.666664	132.0	128.33333	129.33333	131.66667	131.66667	135.66667	140.66667	140.66667	124.666664	113.333336	112.0	112.0	114.0	121.333336	126.666664	140.0	154.66667	167.66667	167.33333	149.0	140.0	115.666664	105.333336	111.0	
10.666667	8.0	7.0	6.0	13.666667	67.666664	112.666664	131.66667	153.0	148.33333	130.33333	138.66667	148.0	133.33333	133.66667	148.66667	153.0	149.33333	151.33333	150.66667	139.33333	141.66667	145.66667	142.0	147.33333	147.33333	133.33333	137.0	156.66667	166.66667	159.0	139.0	130.0	108.333336	120.333336	122.0	
8.333333	7.6666665	5.0	4.6666665	8.333333	34.333332	95.0	112.333336	134.0	134.0	126.666664	140.33333	156.66667	148.66667	135.0	138.66667	149.33333	155.66667	158.66667	158.66667	152.33333	151.33333	150.0	143.33333	148.33333	154.33333	147.33333	138.66667	149.33333	155.0	142.0	126.666664	113.0	114.333336	134.33333	123.0	
7.3333335	7.0	3.3333333	4.0	8.0	16.0	67.666664	101.0	119.333336	130.33333	129.33333	134.33333	147.66667	150.33333	139.0	128.33333	129.0	137.0	139.66667	140.33333	138.66667	139.0	140.66667	141.0	149.0	151.0	141.33333	136.0	139.66667	137.66667	129.0	116.0	101.666664	130.66667	139.33333	120.666664	
6.3333335	4.3333335	3.3333333	4.0	8.333333	11.0	33.333332	83.333336	105.666664	125.666664	127.0	136.0	143.0	141.66667	136.66667	130.66667	127.333336	129.66667	129.0	125.0	123.666664	128.0	134.33333	142.66667	146.0	141.66667	137.0	138.0	137.33333	128.66667	116.666664	105.0	112.333336	140.66667	139.0	109.0	
3.6666667	2.6666667	4.0	5.0	8.0	10.333333	12.333333	54.666668	92.333336	113.666664	119.333336	129.33333	142.0	148.0	146.66667	144.0	147.33333	147.66667	146.0	143.0	140.33333	138.66667	141.66667	146.33333	144.0	137.66667	133.33333	134.66667	131.0	117.666664	104.666664	99.666664	129.33333	143.0	139.66667	85.666664	
1.6666666	3.6666667	4.0	7.6666665	11.666667	10.0	8.666667	37.666668	73.666664	92.666664	108.333336	123.0	140.66667	155.33333	163.33333	161.33333	168.66667	169.66667	167.33333	167.33333	163.66667	157.0	155.66667	152.33333	142.66667	135.33333	129.33333	129.33333	123.333336	103.333336	93.666664	111.0	141.0	138.0	132.33333	63.666668	
2.3333333	3.6666667	2.3333333	5.3333335	11.333333	9.333333	8.333333	33.0	67.0	69.333336	87.333336	115.333336	138.66667	150.66667	160.66667	163.66667	174.0	176.0	176.33333	180.33333	177.66667	168.66667	163.33333	158.33333	145.66667	136.0	129.33333	122.333336	103.666664	87.333336	98.333336	130.66667	142.66667	136.66667	135.66667	55.0	
2.3333333	3.3333333	3.0	4.3333335	13.666667	12.0	5.6666665	33.0	85.333336	84.333336	68.666664	90.666664	119.666664	138.0	151.33333	161.0	171.0	174.0	176.0	177.33333	173.0	163.0	156.0	151.0	143.33333	131.66667	110.666664	94.0	88.333336	100.0	124.666664	146.33333	136.66667	146.33333	152.0	47.333332	
2.6666667	2.6666667	2.6666667	5.6666665	14.666667	13.666667	6.0	33.0	104.0	111.333336	87.333336	66.333336	90.333336	120.666664	136.33333	149.0	159.66667	163.0	163.66667	164.0	157.66667	148.33333	143.0	140.0	131.66667	107.0	88.666664	94.333336	113.0	122.333336	143.0	146.66667	143.66667	181.0	150.33333	33.333332	
2.6666667	2.0	2.0	4.6666665	14.0	15.333333	6.3333335	35.333332	125.666664	120.0	108.666664	82.0	74.0	86.333336	106.666664	121.666664	136.0	143.66667	145.0	144.0	134.33333	130.33333	123.666664	117.333336	101.0	90.666664	105.666664	125.0	127.0	132.66667	148.33333	149.33333	183.66667	206.66667	121.333336	18.0	
