5.6666665	6.3333335	7.6666665	5.6666665	10.0	33.0	105.333336	150.66667	143.0	127.333336	117.0	120.666664	130.33333	135.0	135.0	133.0	136.0	143.33333	151.33333	155.0	148.33333	142.66667	141.33333	142.0	134.0	137.66667	143.0	143.33333	134.33333	127.666664	113.0	79.666664	26.666666	6.6666665	6.6666665	6.3333335	
7.0	5.3333335	9.666667	8.333333	25.0	90.666664	150.0	162.66667	146.33333	134.0	126.333336	129.66667	131.33333	130.66667	132.0	135.66667	142.33333	149.33333	155.33333	161.33333	159.66667	153.66667	154.0	155.0	145.33333	141.0	143.33333	145.33333	139.0	134.66667	128.66667	111.666664	63.666668	18.666666	8.333333	7.3333335	
8.333333	6.6666665	8.666667	18.0	77.0	149.33333	177.66667	167.33333	150.66667	141.33333	138.0	135.66667	133.33333	132.0	127.0	131.33333	139.66667	148.0	151.33333	156.0	158.0	154.33333	155.0	155.0	145.33333	142.33333	149.33333	147.33333	140.0	138.0	137.33333	127.0	101.0	48.666668	11.333333	8.333333	
4.6666665	6.0	9.666667	54.333332	136.0	180.0	185.66667	168.33333	155.66667	144.0	140.33333	135.33333	132.33333	128.66667	123.333336	128.66667	137.66667	147.0	150.66667	150.33333	150.66667	149.33333	154.0	153.66667	143.66667	141.66667	149.33333	147.33333	139.33333	139.33333	137.33333	128.33333	115.0	81.333336	29.0	11.0	
5.6666665	8.0	25.0	114.0	177.0	189.66667	185.33333	175.0	162.66667	145.0	139.0	133.66667	129.66667	129.66667	129.66667	132.33333	137.33333	141.33333	146.66667	148.33333	147.0	144.33333	143.66667	142.0	138.33333	136.0	132.66667	131.33333	137.0	144.66667	142.66667	130.33333	113.333336	97.666664	50.0	10.666667	
7.3333335	13.333333	55.666668	155.33333	192.0	195.66667	188.0	179.0	164.66667	143.33333	136.66667	129.66667	122.333336	124.666664	126.333336	130.0	134.33333	136.0	143.66667	147.0	142.0	137.0	135.0	131.33333	129.0	125.0	122.0	125.0	135.66667	145.33333	141.66667	128.0	116.0	103.0	73.666664	20.666666	
8.666667	19.666666	94.333336	172.33333	195.0	196.0	180.33333	165.66667	155.33333	142.33333	134.66667	126.666664	120.0	120.666664	124.333336	129.0	130.66667	134.33333	144.0	147.33333	139.33333	131.33333	129.66667	129.33333	126.333336	123.666664	125.0	128.66667	134.66667	141.66667	136.66667	122.666664	117.333336	105.0	87.333336	34.666668	
9.0	32.666668	122.333336	181.33333	202.0	201.0	175.0	157.0	150.0	141.66667	133.33333	127.666664	123.666664	125.333336	126.333336	126.666664	127.0	127.333336	135.66667	143.0	138.66667	135.0	135.33333	137.0	137.33333	134.0	138.0	142.0	140.33333	143.33333	135.0	118.333336	109.0	96.666664	90.333336	52.666668	
7.0	48.666668	134.66667	176.0	197.33333	196.33333	170.0	154.66667	148.66667	142.33333	135.33333	130.0	131.33333	131.33333	129.66667	129.33333	127.666664	123.666664	130.66667	141.66667	141.66667	144.0	146.33333	148.33333	151.0	147.0	144.0	140.33333	138.66667	140.66667	129.66667	115.333336	102.666664	89.333336	86.333336	67.0	
9.666667	63.666668	138.33333	169.0	185.33333	185.33333	165.33333	156.0	148.66667	144.66667	142.66667	137.33333	140.66667	140.0	137.0	136.33333	134.33333	128.0	129.0	138.33333	141.66667	150.66667	159.0	161.66667	161.33333	151.33333	141.66667	142.33333	142.66667	135.33333	121.333336	108.0	96.333336	86.333336	81.666664	73.333336	
16.333334	72.0	138.0	167.33333	186.0	180.66667	168.0	161.66667	153.0	147.33333	143.33333	137.33333	139.66667	141.33333	141.33333	139.33333	138.66667	132.0	129.66667	135.33333	138.66667	151.66667	159.33333	157.33333	149.66667	134.0	128.33333	137.0	141.33333	134.33333	123.0	106.333336	93.666664	85.666664	80.666664	71.666664	
21.666666	76.333336	118.666664	136.33333	168.0	176.0	161.66667	156.66667	147.66667	135.0	122.0	117.666664	123.0	129.33333	137.66667	132.0	134.33333	134.66667	130.0	128.0	137.33333	146.66667	143.33333	132.0	116.333336	106.0	108.333336	124.666664	132.0	128.33333	127.666664	113.666664	93.0	80.666664	79.666664	75.0	
24.333334	74.666664	105.333336	122.333336	158.66667	168.0	147.33333	142.0	130.66667	118.333336	110.0	112.333336	112.666664	118.333336	124.666664	113.666664	122.666664	137.66667	133.33333	128.33333	134.0	129.66667	117.0	109.666664	98.0	99.333336	113.333336	130.33333	133.0	125.666664	124.666664	117.333336	92.333336	73.0	75.0	74.333336	
25.0	79.333336	103.0	115.0	156.66667	164.33333	147.0	131.33333	112.0	100.333336	96.666664	104.666664	101.333336	100.666664	102.666664	87.333336	99.666664	118.0	120.0	118.333336	108.333336	96.666664	101.0	112.333336	109.333336	111.666664	115.333336	113.666664	114.333336	111.666664	112.666664	113.333336	96.333336	75.333336	72.0	70.333336	
25.0	75.333336	99.333336	110.333336	144.0	140.66667	113.0	88.0	62.333332	49.333332	46.666668	46.666668	47.0	57.0	62.666668	59.0	71.666664	82.666664	89.666664	86.666664	71.333336	63.333332	65.666664	71.333336	64.333336	53.333332	51.0	53.666668	59.333332	67.333336	71.333336	83.666664	91.666664	80.0	72.0	66.0	
25.333334	69.0	100.333336	112.0	120.333336	95.0	70.333336	60.666668	52.0	41.666668	35.333332	30.666666	27.0	30.0	31.0	35.666668	50.0	62.0	71.0	64.0	47.333332	40.0	33.666668	29.333334	29.666666	32.333332	37.0	39.0	44.0	47.0	47.666668	57.0	76.333336	83.333336	74.333336	66.333336	
22.333334	69.0	103.0	114.666664	113.0	81.333336	71.333336	76.0	72.0	56.333332	43.333332	29.0	21.333334	26.666666	27.0	26.666666	37.666668	59.666668	74.666664	56.333332	29.666666	26.0	26.666666	21.333334	22.0	29.333334	47.666668	56.333332	60.333332	60.333332	52.333332	53.0	68.333336	81.333336	74.333336	68.666664	
19.333334	71.0	109.333336	115.0	104.0	78.0	79.666664	78.333336	67.0	58.333332	54.0	40.0	19.0	16.333334	20.666666	24.666666	40.333332	80.666664	101.333336	70.333336	29.666666	21.666666	19.0	16.333334	26.333334	45.0	63.666668	62.0	53.0	48.666668	46.333332	49.333332	60.0	80.0	74.666664	68.666664	
22.666666	75.333336	112.666664	113.0	94.666664	66.666664	64.333336	61.666668	67.333336	78.0	76.666664	60.0	28.333334	17.0	17.666666	27.333334	58.666668	104.333336	129.0	103.333336	43.333332	23.0	17.333334	19.0	36.333332	55.666668	80.666664	77.0	52.0	35.666668	33.666668	41.333332	52.0	73.0	75.333336	69.666664	
49.0	94.666664	114.666664	113.333336	87.666664	59.333332	55.333332	63.333332	68.0	64.0	54.333332	41.0	25.0	20.333334	30.0	48.666668	88.0	123.0	142.66667	135.0	82.666664	42.0	31.0	30.333334	27.666666	30.666666	40.333332	40.333332	39.333332	42.666668	53.0	61.666668	63.333332	74.333336	76.0	69.0	
93.0	110.0	114.666664	120.666664	108.0	92.666664	78.0	61.666668	44.666668	36.333332	31.0	26.666666	28.333334	36.0	48.0	71.666664	118.333336	141.66667	150.0	153.66667	129.0	82.333336	62.0	57.0	34.666668	26.333334	26.0	30.333334	37.0	59.0	89.666664	98.0	90.333336	81.666664	79.666664	74.333336	
101.333336	101.666664	111.666664	126.333336	129.66667	124.666664	101.333336	76.333336	55.666668	44.666668	40.333332	44.333332	52.666668	59.0	70.333336	102.666664	147.0	153.0	158.33333	164.66667	147.66667	113.0	86.0	72.0	61.0	47.333332	46.0	52.333332	68.666664	96.666664	118.0	119.0	104.666664	87.666664	79.0	76.333336	
118.666664	95.0	102.666664	125.333336	133.0	131.66667	115.333336	96.333336	81.0	73.666664	74.666664	80.0	85.0	91.666664	104.666664	135.33333	158.33333	155.66667	161.66667	168.33333	151.33333	129.0	101.666664	87.666664	100.666664	96.333336	93.666664	101.333336	120.333336	139.33333	140.33333	124.666664	103.0	84.0	77.333336	72.666664	
123.666664	88.666664	93.666664	117.333336	124.666664	128.66667	119.333336	105.666664	101.0	99.0	100.666664	105.666664	108.333336	113.0	128.33333	147.0	155.66667	154.0	166.0	176.33333	164.0	144.0	117.333336	95.333336	116.0	127.333336	129.66667	136.33333	150.0	152.66667	136.0	115.0	92.0	74.666664	72.333336	92.0	
71.666664	55.0	84.666664	100.666664	102.0	110.333336	115.333336	113.333336	116.333336	118.0	116.0	112.0	107.666664	110.0	141.0	158.33333	161.33333	160.33333	183.33333	194.0	171.66667	143.66667	138.66667	113.333336	101.0	115.333336	127.666664	134.66667	137.66667	128.33333	109.0	88.333336	77.333336	68.666664	70.0	118.333336	
55.333332	55.666668	104.0	95.666664	83.666664	84.666664	102.0	115.666664	117.666664	116.0	108.333336	98.666664	90.0	111.666664	138.0	161.0	179.33333	172.33333	179.0	178.66667	156.33333	136.66667	157.33333	138.66667	85.333336	80.666664	96.333336	103.333336	107.333336	102.333336	90.0	76.666664	68.0	63.333332	67.666664	123.0	
57.0	77.0	119.0	94.0	79.0	75.666664	90.0	103.333336	103.333336	98.0	91.333336	81.333336	86.333336	130.66667	149.0	156.33333	156.0	135.33333	123.333336	114.333336	105.666664	109.666664	132.66667	129.0	85.666664	65.333336	70.666664	77.666664	82.0	81.666664	78.0	69.666664	63.0	61.333332	69.333336	111.0	
82.0	108.666664	127.666664	96.333336	78.0	76.333336	85.333336	86.666664	81.666664	77.333336	73.333336	74.333336	91.666664	108.333336	97.333336	91.666664	90.666664	92.0	94.666664	86.666664	74.666664	70.666664	76.666664	79.666664	78.666664	68.666664	63.666668	64.0	66.333336	65.333336	66.333336	65.666664	60.0	58.333332	66.666664	94.666664	
123.666664	98.333336	108.666664	95.0	80.333336	77.0	79.333336	78.333336	71.0	67.333336	66.0	74.666664	89.0	81.666664	50.666668	39.0	48.666668	71.333336	84.666664	72.333336	50.333332	36.0	37.333332	59.666668	94.666664	82.333336	62.0	57.666668	59.333332	58.666668	59.333332	59.333332	58.666668	58.666668	67.666664	79.0	
134.66667	111.666664	97.0	85.666664	82.0	77.0	74.666664	72.0	67.333336	63.333332	62.666668	79.666664	100.666664	96.0	72.666664	54.333332	44.333332	50.0	56.333332	44.0	29.0	24.333334	32.666668	70.333336	111.333336	98.333336	70.666664	54.666668	52.0	52.666668	54.666668	56.333332	61.333332	60.666668	66.0	65.333336	
136.0	113.0	83.333336	69.0	85.333336	79.333336	73.0	69.0	65.0	60.0	63.666668	86.0	103.333336	104.0	98.0	91.0	70.333336	50.666668	38.666668	33.0	40.333332	52.333332	68.0	92.333336	114.0	103.666664	78.0	56.0	48.666668	49.666668	52.0	55.0	59.666668	63.0	64.333336	44.333332	
127.333336	113.333336	61.0	49.0	84.666664	83.333336	74.333336	68.666664	63.0	60.0	69.333336	89.333336	108.0	115.666664	113.666664	102.0	84.333336	69.666664	63.666668	77.333336	95.333336	99.333336	103.333336	116.0	119.666664	103.0	79.0	61.0	48.0	47.333332	48.0	51.333332	56.333332	60.333332	62.0	34.0	
67.0	64.666664	31.666666	33.666668	77.0	83.333336	76.666664	68.666664	62.333332	62.333332	70.0	87.0	121.0	135.66667	127.666664	112.666664	97.0	94.0	101.666664	112.0	107.666664	102.0	110.0	121.0	120.666664	102.666664	78.333336	61.666668	51.666668	50.666668	50.666668	51.666668	53.666668	56.333332	59.666668	30.0	
18.0	17.0	13.333333	23.0	70.333336	82.666664	77.666664	68.333336	63.333332	67.0	72.0	89.333336	122.666664	123.333336	109.0	99.666664	90.0	85.0	87.666664	87.666664	86.666664	90.333336	90.333336	92.666664	95.666664	92.0	74.666664	61.0	56.666668	54.0	50.0	50.333332	54.333332	56.666668	57.0	23.333334	
8.333333	7.3333335	8.333333	13.666667	58.666668	81.333336	78.666664	72.0	66.666664	69.0	71.333336	84.666664	95.0	84.666664	89.333336	88.666664	84.333336	84.0	84.666664	81.0	77.666664	77.0	77.666664	76.666664	66.333336	68.333336	69.666664	64.333336	60.333332	55.333332	51.333332	50.0	55.0	57.0	52.333332	18.333334	
8.666667	8.0	8.0	11.0	45.333332	80.0	81.666664	78.666664	72.0	69.666664	69.666664	77.0	66.666664	62.666668	78.333336	92.0	104.666664	118.666664	118.0	114.0	115.333336	105.0	96.666664	86.0	51.666668	42.666668	55.0	60.333332	59.666668	57.333332	54.666668	51.333332	54.0	55.666668	46.0	15.0	
8.0	6.6666665	6.3333335	9.333333	30.333334	71.666664	79.666664	80.0	75.0	73.333336	68.333336	65.0	42.0	27.0	38.0	56.0	76.0	111.666664	111.666664	112.666664	112.666664	84.333336	66.333336	54.333332	31.666666	25.333334	46.333332	56.666668	56.666668	56.0	54.666668	53.333332	55.666668	55.0	40.666668	13.0	
7.6666665	6.6666665	6.6666665	8.333333	17.666666	61.0	79.0	78.333336	76.333336	72.0	69.333336	64.0	41.0	24.0	26.333334	40.333332	43.666668	45.666668	44.0	42.0	44.333332	44.333332	46.666668	41.333332	30.0	44.0	60.333332	57.666668	55.666668	52.666668	51.333332	52.0	54.666668	50.333332	38.0	12.666667	
6.0	5.0	6.3333335	7.6666665	11.0	49.333332	82.0	78.666664	77.666664	73.333336	71.0	70.666664	69.0	66.666664	69.0	99.333336	94.0	80.0	72.333336	76.333336	82.333336	94.333336	103.333336	93.666664	83.333336	99.666664	82.0	64.666664	58.333332	50.333332	50.0	50.333332	52.0	47.666668	35.333332	12.333333	
5.0	2.6666667	4.3333335	7.3333335	7.6666665	35.333332	79.333336	77.0	78.333336	76.666664	74.333336	77.0	91.0	116.666664	129.33333	140.0	146.33333	158.33333	153.66667	164.0	170.33333	163.33333	152.66667	143.66667	137.0	119.333336	86.666664	73.0	58.0	50.666668	52.666668	52.666668	52.666668	52.666668	38.666668	11.0	
5.3333335	4.3333335	5.3333335	6.6666665	7.0	24.0	79.333336	80.666664	77.666664	76.0	75.333336	76.666664	85.666664	116.333336	145.66667	150.0	141.0	146.33333	152.33333	155.33333	150.33333	145.0	146.33333	145.66667	130.33333	98.666664	83.333336	70.333336	56.333332	54.0	55.0	54.666668	51.666668	53.666668	43.333332	25.333334	
5.0	5.0	5.6666665	6.6666665	7.6666665	16.0	78.333336	85.333336	76.666664	75.666664	74.0	74.0	76.333336	94.666664	112.666664	118.666664	113.666664	120.0	128.0	127.333336	128.0	128.0	127.333336	114.333336	94.0	77.333336	72.666664	59.666668	53.0	54.0	55.0	53.0	54.333332	61.0	68.666664	80.333336	
4.6666665	5.3333335	6.3333335	6.6666665	7.6666665	10.0	67.0	88.333336	75.666664	73.666664	73.0	71.0	70.333336	73.666664	80.333336	92.333336	103.333336	109.666664	107.333336	105.333336	109.666664	107.0	90.666664	73.333336	62.0	70.333336	65.0	53.666668	50.0	52.333332	53.333332	51.666668	56.0	62.333332	78.666664	121.0	
5.6666665	6.0	6.0	6.0	7.0	7.6666665	53.666668	89.666664	74.333336	71.0	72.666664	69.333336	65.666664	64.666664	62.0	62.333332	67.333336	70.333336	67.666664	64.333336	66.666664	61.333332	50.666668	51.0	57.0	65.666664	61.0	56.666668	51.333332	51.666668	49.0	50.666668	57.0	65.666664	69.0	86.333336	
7.3333335	7.3333335	6.3333335	5.6666665	6.0	7.6666665	42.666668	89.666664	73.666664	65.0	67.333336	67.666664	68.333336	65.0	57.333332	52.666668	50.0	43.0	33.0	30.0	33.333332	41.666668	59.0	69.0	74.666664	79.333336	74.666664	62.333332	51.333332	47.666668	44.333332	48.0	57.666668	64.666664	67.0	57.333332	
8.0	7.6666665	7.3333335	5.6666665	5.6666665	7.6666665	35.666668	85.333336	72.0	59.333332	61.333332	66.333336	73.333336	75.0	70.666664	67.0	65.0	61.666668	56.333332	59.666668	67.333336	85.333336	96.0	90.333336	87.0	83.666664	71.666664	54.333332	44.333332	42.0	44.0	51.333332	61.0	67.0	70.333336	48.666668	
6.0	6.0	7.0	7.3333335	7.0	6.0	31.333334	84.0	71.0	56.666668	53.0	58.666668	67.0	75.333336	80.0	81.666664	83.333336	83.666664	85.666664	90.333336	91.0	92.333336	86.666664	79.333336	73.0	64.666664	55.0	45.0	40.666668	40.0	44.666668	54.666668	62.0	66.333336	70.0	46.333332	
6.0	5.6666665	6.3333335	10.666667	10.0	9.0	31.666666	82.333336	70.333336	58.333332	50.333332	51.0	53.333332	61.0	66.333336	68.0	67.666664	69.666664	70.333336	71.0	69.0	65.333336	60.333332	56.0	52.666668	48.333332	41.333332	37.666668	39.666668	41.666668	48.666668	59.0	64.666664	68.0	72.333336	48.666668	
7.0	7.3333335	9.666667	9.333333	11.666667	13.333333	52.666668	88.0	70.0	57.333332	53.0	49.0	46.0	46.0	48.666668	50.333332	52.333332	54.666668	55.333332	54.0	54.0	53.0	49.0	42.0	38.0	37.333332	34.666668	36.0	41.333332	46.666668	53.333332	60.0	64.333336	67.666664	75.0	54.333332	
