134.0	161.66667	181.66667	199.33333	200.33333	200.33333	198.33333	196.33333	197.0	198.0	198.0	196.66667	194.33333	195.33333	194.66667	192.66667	189.0	182.33333	179.33333	176.33333	172.0	167.66667	164.33333	160.33333	156.33333	151.0	145.66667	136.66667	130.0	126.0	131.66667	155.0	158.0	156.0	117.333336	25.0	
161.0	182.0	189.33333	197.66667	196.66667	196.33333	197.66667	197.33333	197.0	197.0	199.33333	199.0	198.66667	192.66667	192.0	193.33333	192.0	187.33333	182.0	177.33333	175.0	171.0	166.0	162.33333	159.33333	154.66667	149.0	142.0	131.0	125.0	122.666664	143.0	155.0	149.33333	140.66667	47.0	
171.66667	182.33333	186.66667	193.33333	194.66667	194.0	196.0	200.0	199.33333	196.33333	200.33333	197.66667	195.0	193.66667	190.33333	191.66667	191.0	188.66667	183.66667	178.33333	176.0	172.33333	169.0	164.0	163.66667	159.33333	153.66667	146.33333	131.66667	124.666664	114.0	114.666664	132.0	134.0	139.33333	69.333336	
173.0	181.33333	183.0	187.0	190.66667	191.66667	194.33333	197.66667	200.33333	200.0	197.66667	197.66667	196.33333	195.33333	190.0	190.66667	188.33333	185.66667	182.33333	178.0	176.33333	172.0	168.66667	165.66667	166.33333	162.0	156.33333	142.66667	132.66667	127.0	119.666664	113.0	109.0	109.666664	128.0	85.333336	
172.0	180.66667	179.33333	184.66667	189.66667	188.0	191.0	194.0	193.33333	196.66667	197.33333	195.66667	192.66667	190.33333	188.66667	184.66667	185.0	185.33333	180.0	178.0	178.33333	174.0	169.33333	167.33333	167.33333	164.33333	157.66667	142.33333	134.66667	130.0	120.333336	116.333336	100.0	97.333336	123.333336	99.666664	
170.33333	175.33333	177.0	182.0	185.0	183.33333	187.0	191.66667	190.0	193.66667	195.66667	191.0	192.0	191.0	191.0	186.66667	186.0	185.66667	182.66667	180.66667	178.0	175.66667	170.33333	168.66667	169.0	165.0	158.0	147.66667	142.66667	138.0	122.0	119.0	110.333336	101.0	118.333336	109.333336	
166.66667	167.66667	173.0	177.0	181.0	182.0	183.33333	189.33333	188.66667	191.33333	192.33333	187.66667	191.0	190.33333	188.66667	186.0	184.0	185.0	184.0	178.66667	174.66667	173.66667	169.33333	169.0	169.66667	166.0	161.0	160.33333	158.33333	146.66667	123.666664	124.333336	119.666664	109.333336	113.333336	116.666664	
159.66667	167.0	173.33333	176.66667	178.66667	180.66667	182.33333	188.0	186.0	182.66667	186.0	183.33333	184.33333	191.0	187.33333	185.0	184.66667	183.0	181.0	178.66667	175.66667	173.33333	173.0	172.0	167.66667	166.66667	169.33333	174.33333	167.66667	152.0	128.66667	122.666664	124.666664	117.0	105.666664	122.666664	
157.33333	165.66667	171.33333	179.66667	180.0	180.66667	182.0	184.0	185.33333	181.66667	184.66667	181.66667	183.33333	186.0	186.33333	182.66667	179.0	178.0	177.33333	177.66667	174.66667	178.33333	182.33333	174.33333	168.33333	173.0	176.66667	178.0	148.0	120.333336	117.0	119.666664	125.0	120.666664	103.333336	133.0	
158.0	163.66667	174.0	180.0	181.66667	181.33333	180.33333	181.0	184.0	185.66667	185.66667	185.66667	186.0	189.66667	190.33333	183.66667	177.66667	176.33333	177.66667	179.66667	178.66667	185.33333	185.33333	175.33333	178.66667	184.0	175.0	153.0	112.666664	99.0	102.0	106.0	119.333336	122.0	101.0	130.33333	
158.66667	162.66667	171.66667	179.0	186.66667	189.33333	185.66667	183.33333	185.33333	184.33333	181.0	185.0	186.33333	188.33333	187.66667	183.66667	178.33333	182.0	186.66667	184.33333	186.33333	187.66667	187.66667	179.33333	181.0	168.66667	136.33333	100.666664	87.0	98.333336	108.0	100.333336	105.666664	121.0	106.666664	116.333336	
157.33333	158.66667	164.33333	177.33333	185.0	190.33333	193.33333	195.0	193.66667	193.33333	188.0	186.33333	186.66667	183.0	184.0	181.33333	177.66667	178.0	182.66667	184.33333	188.66667	188.0	183.33333	171.33333	150.66667	120.666664	86.333336	86.666664	115.0	139.33333	134.66667	112.0	96.333336	117.0	114.333336	108.666664	
157.66667	156.66667	154.33333	155.0	134.0	138.33333	163.0	171.33333	178.0	181.33333	185.0	189.66667	180.33333	174.33333	176.0	176.33333	173.66667	171.66667	170.66667	172.0	176.66667	179.66667	171.33333	138.33333	93.666664	75.666664	93.0	132.66667	156.66667	154.33333	134.66667	114.333336	92.0	110.333336	110.0	101.666664	
158.33333	160.0	149.66667	124.333336	94.333336	100.666664	117.0	110.666664	112.666664	126.0	141.66667	164.66667	174.66667	172.66667	170.66667	165.33333	163.66667	163.66667	161.33333	154.66667	155.66667	150.33333	129.33333	97.666664	78.0	99.0	141.33333	152.66667	144.66667	132.0	117.333336	117.0	104.333336	118.333336	107.333336	106.666664	
161.66667	160.66667	145.33333	144.33333	152.0	154.66667	136.66667	115.0	88.666664	92.333336	106.333336	121.333336	141.33333	152.33333	161.0	158.66667	154.33333	157.0	161.33333	150.0	131.66667	100.666664	80.666664	95.0	122.333336	131.33333	120.666664	101.666664	92.333336	94.333336	86.0	90.333336	98.666664	134.66667	121.0	118.0	
164.66667	159.33333	144.0	161.0	179.33333	183.0	180.0	174.33333	156.33333	125.333336	101.0	94.666664	98.333336	106.333336	127.666664	144.33333	144.33333	155.66667	158.33333	151.0	119.666664	86.0	85.666664	97.333336	85.666664	63.0	39.333332	30.333334	39.333332	50.0	58.333332	72.333336	100.666664	142.33333	142.33333	140.0	
164.33333	159.0	140.33333	156.33333	171.0	175.0	175.66667	171.0	163.0	154.33333	141.66667	121.666664	96.666664	89.0	102.0	111.0	133.0	153.33333	160.33333	133.0	84.0	69.333336	73.333336	69.666664	56.666668	60.0	31.0	22.0	40.333332	75.666664	74.666664	86.666664	119.0	154.33333	159.33333	115.333336	
157.66667	150.66667	132.33333	146.33333	154.66667	149.66667	143.66667	132.33333	122.0	97.333336	83.0	78.333336	68.666664	59.333332	63.666668	89.666664	97.666664	128.0	144.33333	122.666664	69.666664	90.666664	96.666664	61.0	62.666668	104.0	101.666664	72.0	108.333336	137.0	108.333336	80.333336	108.333336	148.33333	153.66667	117.0	
144.0	135.33333	116.0	127.666664	125.0	108.666664	104.333336	85.666664	50.666668	39.333332	34.333332	58.666668	66.0	71.666664	92.0	103.333336	100.333336	136.66667	174.33333	166.66667	103.666664	90.333336	119.333336	115.333336	144.33333	160.33333	160.66667	147.0	140.66667	136.66667	144.33333	126.0	114.333336	124.666664	132.66667	110.666664	
124.666664	122.333336	116.666664	111.666664	89.666664	77.333336	64.0	54.0	29.333334	24.666666	43.666668	76.666664	72.333336	81.333336	109.0	128.66667	111.0	160.66667	198.0	192.33333	166.33333	98.333336	107.666664	143.33333	160.0	161.0	161.0	157.66667	154.66667	160.33333	166.0	151.66667	165.0	160.0	149.66667	103.666664	
150.66667	159.33333	151.33333	126.333336	89.0	96.0	95.0	123.666664	121.333336	95.666664	129.33333	147.66667	149.33333	155.0	153.33333	163.66667	143.0	182.33333	200.66667	196.0	182.66667	147.33333	137.66667	153.0	152.66667	154.0	159.66667	165.33333	163.66667	162.66667	159.0	168.33333	185.0	182.66667	166.0	124.333336	
146.33333	161.33333	171.66667	154.66667	118.666664	116.666664	159.0	177.0	182.33333	175.0	168.0	167.66667	164.33333	166.0	175.66667	169.66667	156.33333	183.66667	195.66667	191.33333	180.0	166.66667	153.66667	166.66667	163.33333	150.33333	152.0	160.33333	160.0	163.66667	173.0	187.33333	190.66667	185.0	164.66667	125.0	
149.33333	145.33333	176.33333	173.66667	140.0	151.33333	177.66667	174.0	174.66667	182.0	184.66667	185.0	172.0	177.0	180.33333	168.0	169.66667	190.66667	195.33333	191.66667	180.0	170.0	156.33333	150.66667	155.0	161.33333	157.66667	154.33333	158.33333	163.66667	173.33333	171.66667	149.66667	135.33333	131.0	108.666664	
155.0	155.33333	165.0	177.66667	149.33333	160.33333	185.0	189.33333	190.66667	192.33333	190.66667	184.66667	177.66667	186.0	178.33333	178.0	184.66667	193.66667	194.0	189.33333	181.33333	172.66667	160.66667	139.0	135.66667	132.66667	115.0	108.0	113.333336	123.0	118.333336	106.333336	92.666664	94.333336	94.0	94.333336	
153.0	158.33333	173.66667	192.0	175.66667	174.66667	191.0	189.66667	186.33333	183.66667	183.66667	185.0	187.33333	176.33333	167.33333	179.66667	181.33333	192.33333	197.0	194.0	186.66667	177.33333	164.33333	137.0	135.66667	177.33333	169.0	152.33333	147.66667	144.33333	143.33333	138.66667	127.333336	110.666664	94.666664	92.0	
143.0	147.33333	164.33333	181.0	183.0	183.0	186.0	179.0	169.0	171.66667	178.33333	177.66667	172.66667	147.66667	150.66667	167.0	176.0	190.66667	200.0	200.0	196.33333	182.33333	168.66667	143.66667	134.66667	162.0	175.33333	175.0	169.0	165.66667	165.66667	155.66667	141.66667	124.0	112.333336	99.333336	
124.0	136.33333	149.66667	161.0	165.33333	150.33333	135.0	136.66667	144.66667	144.0	142.66667	156.0	176.66667	172.0	145.33333	171.66667	177.33333	179.66667	187.66667	190.66667	188.33333	175.66667	160.66667	139.33333	130.33333	145.0	158.33333	163.33333	161.66667	159.0	157.33333	148.66667	135.0	121.333336	117.333336	103.0	
113.333336	125.0	135.66667	143.33333	147.0	150.33333	147.0	151.33333	158.33333	167.0	176.33333	183.33333	175.33333	152.66667	142.33333	181.66667	174.66667	162.66667	166.0	166.0	164.33333	153.66667	138.33333	109.333336	109.0	116.666664	134.33333	147.66667	156.0	150.33333	145.33333	140.66667	128.33333	119.333336	123.0	105.0	
120.666664	114.666664	130.0	135.0	141.0	150.33333	159.66667	167.0	173.66667	175.0	175.33333	172.0	160.33333	126.333336	132.33333	163.66667	154.66667	125.666664	116.0	123.0	122.0	110.666664	81.666664	57.333332	75.666664	95.333336	121.333336	130.0	143.66667	147.0	139.66667	132.0	122.0	119.333336	121.0	103.666664	
133.33333	119.0	131.66667	141.0	139.0	145.0	156.0	165.0	169.66667	169.0	166.33333	160.33333	140.0	113.666664	135.0	133.0	111.0	61.333332	41.0	57.333332	72.333336	55.666668	33.666668	30.0	57.333332	102.333336	136.33333	127.333336	136.33333	143.66667	140.66667	129.33333	119.333336	118.666664	119.666664	103.333336	
141.0	127.0	132.33333	149.66667	144.66667	142.66667	150.0	159.33333	160.0	159.66667	156.33333	147.33333	123.0	128.66667	148.0	94.0	44.666668	40.333332	61.0	59.0	48.333332	47.666668	69.666664	80.0	110.333336	141.0	154.0	144.66667	137.66667	141.66667	140.0	132.33333	123.0	118.666664	120.0	103.333336	
139.0	132.33333	127.666664	145.0	151.0	144.33333	147.66667	150.33333	152.66667	153.66667	152.66667	142.66667	124.333336	146.33333	165.0	153.0	131.0	141.33333	160.33333	153.33333	126.333336	143.33333	150.0	144.33333	153.66667	157.66667	158.0	151.33333	142.0	137.66667	136.0	130.66667	123.0	121.0	120.666664	102.666664	
133.33333	136.0	127.333336	134.33333	150.0	150.0	147.0	147.0	146.66667	145.66667	147.0	133.66667	133.66667	160.0	175.0	184.0	185.0	180.66667	181.66667	184.66667	173.33333	182.0	176.33333	163.0	158.0	154.66667	155.0	152.0	146.33333	134.66667	129.33333	125.0	120.333336	120.666664	122.0	104.333336	
127.0	133.33333	129.33333	125.333336	141.66667	150.0	148.66667	146.0	143.66667	142.33333	140.33333	126.666664	146.33333	167.66667	176.0	181.66667	185.0	182.0	188.0	185.0	173.66667	182.66667	185.66667	173.33333	162.66667	155.33333	149.0	143.0	139.0	134.0	124.666664	124.0	121.333336	122.333336	126.333336	104.333336	
111.666664	126.0	129.66667	125.0	135.0	147.66667	152.66667	146.66667	143.33333	142.66667	134.0	129.0	149.66667	162.33333	169.33333	177.66667	184.33333	185.33333	190.66667	185.33333	177.33333	182.0	191.66667	178.66667	167.0	161.66667	148.33333	133.66667	126.333336	130.33333	127.333336	128.0	123.333336	123.666664	125.333336	101.0	
96.666664	114.333336	125.333336	129.33333	132.66667	147.33333	154.0	147.33333	145.33333	141.66667	132.66667	136.33333	149.33333	154.0	162.66667	176.33333	187.0	190.66667	189.0	189.0	188.33333	188.0	173.0	148.66667	143.33333	144.33333	141.66667	123.666664	114.333336	122.333336	127.0	133.0	127.0	122.666664	118.666664	94.333336	
81.666664	106.0	120.333336	127.0	130.66667	144.0	149.0	146.66667	144.0	141.33333	134.66667	142.33333	147.66667	144.0	152.33333	170.66667	168.33333	145.0	114.0	107.333336	126.0	120.666664	75.666664	61.0	63.666668	67.666664	81.666664	85.666664	87.666664	100.0	119.0	135.0	125.666664	120.0	110.666664	79.0	
78.666664	97.333336	112.0	121.333336	129.33333	139.33333	146.66667	146.33333	144.0	142.33333	138.33333	142.66667	141.33333	130.33333	134.0	123.333336	90.666664	67.0	48.666668	42.333332	46.0	43.0	41.0	37.333332	28.0	24.666666	38.666668	46.333332	65.0	70.666664	109.666664	130.33333	121.333336	113.0	100.0	53.666668	
79.333336	80.666664	96.666664	103.333336	121.666664	132.33333	140.0	140.0	143.33333	145.0	144.66667	137.33333	128.0	107.666664	84.666664	57.666668	40.333332	29.666666	26.666666	32.333332	35.333332	35.0	41.333332	43.333332	53.666668	67.0	89.0	102.666664	121.333336	97.666664	106.333336	116.666664	114.333336	99.666664	85.666664	42.333332	
62.666668	57.0	79.0	90.0	102.666664	124.333336	136.0	138.66667	144.33333	148.0	149.0	135.33333	106.666664	87.0	84.333336	83.666664	79.333336	88.333336	92.0	91.0	94.666664	96.333336	102.0	116.0	118.333336	121.0	120.666664	125.666664	122.333336	110.333336	112.333336	108.333336	102.0	87.0	83.333336	94.666664	
51.333332	45.666668	59.0	83.666664	85.666664	105.666664	127.0	130.33333	136.33333	141.33333	142.66667	129.0	109.666664	124.0	148.33333	163.0	156.0	144.66667	150.0	157.66667	165.0	164.33333	160.0	154.33333	144.0	134.66667	127.333336	122.333336	100.333336	97.666664	112.333336	105.333336	94.0	73.666664	95.333336	152.0	
45.666668	45.666668	44.666668	69.666664	82.333336	84.0	113.0	125.333336	128.33333	132.33333	133.66667	127.333336	129.66667	142.0	149.33333	150.66667	154.66667	160.33333	156.0	154.33333	159.66667	160.33333	156.33333	149.0	138.33333	128.33333	112.0	83.666664	78.333336	91.666664	109.0	102.666664	82.333336	62.666668	131.0	166.0	
43.333332	42.0	39.333332	44.0	81.333336	95.666664	93.333336	107.0	119.666664	119.333336	122.666664	122.0	129.33333	143.0	141.0	139.0	130.66667	127.0	123.666664	122.666664	122.333336	113.666664	104.333336	93.333336	82.666664	69.0	60.333332	65.333336	83.0	98.333336	103.0	92.333336	64.666664	77.333336	178.0	161.33333	
44.0	42.0	40.333332	33.333332	54.666668	95.0	96.333336	85.0	96.0	98.0	102.333336	108.0	117.333336	123.333336	122.666664	120.666664	113.666664	99.666664	83.0	66.666664	55.0	47.333332	46.666668	51.0	55.0	66.333336	80.666664	94.333336	103.0	103.0	96.666664	71.0	58.333332	136.66667	199.66667	160.66667	
43.333332	42.333332	39.666668	32.333332	38.666668	80.0	101.0	86.333336	76.333336	79.333336	86.0	98.0	110.666664	115.666664	116.666664	113.0	114.0	112.666664	110.333336	104.666664	108.333336	126.333336	141.0	138.33333	132.66667	127.666664	122.666664	121.333336	115.333336	101.0	77.333336	56.0	88.0	182.66667	195.66667	162.33333	
42.0	40.333332	38.666668	33.666668	31.666666	91.666664	92.666664	97.666664	81.0	71.0	69.666664	83.333336	103.0	117.0	125.666664	128.0	132.0	135.33333	143.0	159.33333	175.33333	177.0	169.33333	161.0	157.66667	148.66667	137.0	129.0	109.666664	82.333336	57.666668	70.0	137.33333	191.0	194.66667	164.0	
39.666668	37.666668	36.666668	34.0	35.0	148.0	126.0	92.0	87.0	74.333336	65.0	70.666664	84.0	103.333336	120.666664	134.66667	143.0	149.33333	161.66667	167.66667	163.66667	160.33333	154.33333	149.0	147.66667	140.66667	131.66667	113.333336	88.0	65.0	66.666664	116.333336	170.33333	195.0	196.0	165.0	
38.0	36.0	35.333332	35.666668	38.333332	169.0	189.0	115.666664	81.333336	74.0	68.333336	64.0	66.666664	86.333336	107.0	123.666664	135.66667	142.33333	148.66667	148.66667	141.33333	139.33333	134.33333	128.66667	126.666664	117.333336	105.333336	87.0	67.333336	62.666668	110.666664	160.33333	185.0	202.0	197.66667	160.33333	
38.666668	36.666668	35.0	38.333332	37.333332	159.33333	233.33333	189.0	102.333336	68.333336	75.0	78.0	76.666664	76.666664	80.666664	100.666664	113.666664	119.333336	118.333336	115.333336	109.666664	106.0	105.0	99.333336	89.666664	83.0	73.666664	64.333336	63.333332	97.0	155.0	176.0	199.33333	204.66667	196.33333	145.66667	
