93.333336	102.333336	108.333336	122.333336	135.33333	138.33333	135.0	132.0	132.0	140.0	145.0	151.66667	160.66667	167.0	171.66667	176.66667	180.66667	181.33333	184.0	186.0	187.33333	187.33333	184.66667	182.66667	177.33333	178.0	176.66667	175.66667	177.33333	175.33333	169.33333	165.66667	165.33333	160.33333	152.66667	130.0	
100.0	105.333336	108.666664	122.0	132.33333	134.0	133.66667	133.66667	137.0	143.66667	147.0	151.66667	157.66667	163.0	169.33333	176.0	180.66667	182.33333	186.0	187.66667	185.66667	183.33333	181.0	177.33333	172.66667	176.33333	177.0	175.0	175.0	172.33333	166.66667	163.66667	161.33333	157.33333	153.0	130.33333	
100.333336	101.0	105.333336	119.666664	128.33333	130.33333	132.33333	135.33333	140.0	146.33333	150.0	150.33333	152.66667	157.0	163.66667	172.66667	179.33333	182.33333	188.0	189.66667	185.33333	183.33333	179.33333	175.0	172.33333	174.66667	175.0	174.33333	172.66667	167.0	163.66667	160.66667	157.33333	155.66667	154.33333	133.66667	
96.666664	97.333336	109.666664	121.333336	127.0	127.666664	128.66667	134.0	140.0	146.33333	150.33333	148.66667	148.33333	151.33333	157.33333	166.33333	174.0	180.0	183.66667	185.66667	185.33333	183.66667	177.66667	176.33333	176.66667	174.33333	171.33333	168.33333	166.0	163.0	160.0	155.33333	154.33333	154.33333	154.66667	138.33333	
93.0	101.333336	113.666664	123.0	128.66667	128.33333	127.666664	131.33333	139.0	148.0	152.33333	151.66667	150.66667	151.66667	156.66667	161.33333	165.33333	171.0	173.0	175.33333	176.66667	174.66667	171.0	171.66667	170.0	169.0	166.0	160.66667	157.66667	156.33333	155.0	150.33333	150.33333	152.0	154.66667	139.33333	
98.333336	109.0	114.333336	121.0	129.33333	130.66667	130.33333	131.66667	138.66667	149.0	154.0	156.0	154.66667	154.66667	161.33333	166.66667	169.33333	175.66667	177.33333	178.33333	176.66667	174.66667	170.66667	167.66667	164.66667	164.66667	162.0	155.0	153.0	152.66667	153.66667	150.33333	150.66667	152.33333	152.66667	141.66667	
102.0	112.333336	118.333336	122.666664	129.33333	135.66667	137.66667	137.66667	142.33333	149.66667	154.33333	156.33333	154.33333	152.66667	157.66667	163.66667	167.33333	174.66667	178.66667	179.0	178.0	175.0	173.33333	172.66667	171.33333	169.33333	165.0	160.33333	159.0	156.33333	154.66667	153.66667	153.66667	153.66667	154.0	144.66667	
108.666664	117.333336	123.0	124.666664	131.66667	142.33333	147.33333	148.0	150.0	155.66667	159.66667	162.66667	162.66667	163.0	165.0	165.0	163.0	165.66667	166.33333	168.0	168.66667	168.0	168.0	168.33333	170.0	169.33333	166.66667	165.0	162.33333	159.0	155.33333	154.66667	154.66667	152.66667	154.0	149.33333	
118.0	123.0	124.666664	124.0	130.33333	140.66667	148.0	150.33333	151.0	154.0	157.0	162.66667	168.0	171.66667	175.66667	176.33333	179.0	174.66667	171.66667	171.66667	171.66667	169.66667	167.0	169.0	174.0	174.0	168.33333	167.0	165.0	162.33333	160.0	160.66667	158.66667	152.33333	152.33333	150.66667	
122.333336	125.666664	124.666664	122.666664	127.0	132.66667	142.66667	149.66667	149.66667	151.66667	153.0	156.66667	162.0	167.66667	171.0	174.33333	181.0	182.66667	181.33333	180.66667	175.66667	171.33333	168.66667	170.0	174.33333	175.0	169.66667	168.66667	169.0	168.0	168.33333	168.0	162.66667	155.33333	152.33333	148.66667	
123.333336	124.666664	127.0	127.333336	129.33333	134.0	142.66667	147.0	146.33333	149.0	152.33333	153.33333	158.66667	161.66667	166.0	173.0	178.33333	176.66667	176.0	174.0	169.33333	165.0	160.33333	159.66667	162.66667	165.33333	166.0	168.33333	168.66667	170.0	170.66667	170.33333	165.33333	161.0	155.66667	149.66667	
126.0	124.0	126.666664	127.666664	128.33333	130.66667	132.0	128.33333	125.666664	131.33333	138.0	145.66667	151.66667	153.66667	156.66667	163.0	167.33333	167.66667	168.33333	165.66667	161.66667	157.0	152.33333	153.66667	157.66667	162.33333	163.66667	164.33333	164.0	165.33333	166.33333	165.0	160.33333	159.0	155.66667	152.66667	
131.0	125.666664	123.333336	122.0	122.0	121.333336	120.0	121.333336	122.333336	126.333336	131.66667	132.33333	131.33333	134.66667	140.33333	144.66667	146.33333	148.0	153.0	158.66667	160.66667	158.0	157.0	156.0	157.33333	159.33333	157.66667	154.66667	154.66667	154.0	154.0	152.66667	149.0	146.33333	145.0	150.33333	
130.33333	125.666664	121.0	115.0	112.0	114.333336	120.333336	131.0	134.66667	128.0	122.333336	113.0	102.0	99.666664	102.666664	110.333336	117.666664	126.0	136.0	147.0	156.66667	161.33333	162.0	160.66667	159.0	154.33333	145.0	135.33333	130.33333	124.666664	123.666664	130.33333	137.33333	135.33333	134.66667	147.33333	
125.666664	124.0	117.0	107.0	101.666664	108.666664	115.666664	121.0	123.666664	112.666664	102.666664	93.666664	83.0	75.333336	75.666664	83.333336	93.333336	104.0	119.0	136.0	151.33333	158.0	156.33333	155.33333	151.66667	141.33333	124.666664	110.333336	99.333336	91.666664	93.333336	106.333336	120.0	124.0	128.0	144.0	
123.333336	119.333336	109.0	98.333336	90.0	91.666664	92.333336	86.0	80.0	75.0	64.0	58.666668	56.666668	56.333332	63.666668	72.333336	79.333336	90.666664	108.333336	122.333336	135.0	144.33333	146.33333	142.33333	137.0	124.0	103.666664	84.333336	68.666664	61.666668	68.333336	79.666664	90.333336	99.0	116.0	139.33333	
125.0	122.0	113.0	102.666664	88.666664	76.0	69.333336	59.0	55.0	59.666668	39.666668	33.333332	45.0	60.333332	61.0	58.0	61.0	69.666664	86.666664	104.0	119.333336	130.66667	134.33333	126.0	113.0	91.333336	66.0	49.333332	33.666668	28.0	47.0	63.333332	63.333332	72.333336	99.333336	133.33333	
127.666664	128.33333	126.666664	119.0	101.666664	80.333336	71.666664	64.0	72.0	91.0	62.666668	39.666668	63.0	110.666664	105.0	72.666664	57.0	55.333332	67.666664	90.666664	117.0	130.66667	130.33333	117.666664	86.333336	60.0	61.0	63.333332	39.666668	39.0	84.0	109.0	82.666664	76.666664	95.666664	134.66667	
128.0	133.0	136.66667	137.33333	127.666664	109.333336	97.333336	83.333336	105.0	129.66667	113.0	93.0	117.666664	158.0	145.0	107.666664	81.666664	69.333336	67.0	78.666664	116.333336	148.33333	151.33333	126.666664	81.0	72.333336	101.666664	120.666664	100.666664	99.0	134.66667	146.66667	121.0	109.666664	120.0	148.33333	
121.333336	132.66667	144.66667	148.0	149.33333	142.0	126.666664	105.0	115.333336	137.0	149.0	149.66667	164.0	168.0	151.33333	129.0	115.666664	112.0	102.333336	95.333336	117.0	155.0	166.0	138.66667	100.666664	106.666664	124.0	142.33333	147.66667	150.66667	155.0	150.0	140.33333	143.33333	155.0	164.0	
113.666664	127.0	143.0	150.0	159.66667	166.0	152.0	126.333336	116.0	125.0	139.0	146.66667	144.0	136.66667	128.0	117.666664	113.333336	121.333336	125.333336	125.333336	132.0	156.0	169.33333	148.66667	119.333336	114.666664	112.333336	119.333336	130.66667	133.0	139.0	139.66667	140.33333	152.33333	165.66667	168.33333	
112.0	123.333336	138.33333	149.0	162.0	174.33333	173.33333	156.66667	133.33333	125.0	127.333336	130.33333	128.66667	121.666664	113.666664	115.0	121.333336	137.0	149.0	145.33333	142.66667	156.0	173.66667	158.33333	136.33333	123.666664	112.333336	110.0	112.0	117.333336	121.333336	126.0	142.66667	161.33333	169.33333	164.66667	
112.333336	121.333336	132.0	142.66667	157.33333	168.0	178.0	178.66667	168.66667	157.33333	146.0	138.66667	131.0	124.0	119.333336	124.333336	141.66667	158.0	159.66667	148.33333	146.0	158.66667	173.66667	163.0	150.0	146.0	136.33333	126.0	123.666664	127.0	134.66667	147.0	163.0	172.66667	171.0	159.66667	
110.0	116.0	124.0	134.66667	149.33333	160.0	171.66667	181.0	185.0	185.33333	175.0	163.66667	156.0	148.66667	148.66667	153.33333	156.66667	158.0	154.0	145.66667	145.33333	156.33333	172.66667	164.33333	154.0	161.33333	169.33333	161.66667	160.66667	165.0	170.0	173.0	174.33333	171.33333	168.0	158.0	
109.0	112.666664	118.0	126.666664	140.0	152.0	163.0	172.0	179.66667	185.33333	184.33333	181.0	178.66667	181.66667	181.0	173.33333	161.33333	154.33333	147.66667	142.66667	142.33333	152.0	173.33333	170.33333	154.66667	160.0	176.66667	182.33333	179.0	177.0	175.66667	175.0	169.33333	162.66667	159.66667	155.33333	
108.0	111.0	114.666664	120.0	131.66667	145.0	156.0	166.33333	174.0	182.0	189.33333	194.66667	192.66667	193.66667	186.33333	173.33333	164.0	154.33333	146.0	142.66667	143.0	149.33333	173.0	176.0	157.66667	159.0	171.66667	178.0	178.66667	179.0	176.33333	173.66667	168.33333	161.66667	157.66667	151.33333	
108.333336	110.333336	111.333336	114.666664	126.0	139.66667	151.66667	162.0	171.66667	182.33333	192.66667	195.66667	191.66667	189.66667	180.33333	168.33333	157.66667	149.33333	144.33333	139.33333	139.66667	150.33333	177.66667	179.0	157.66667	157.0	163.0	170.0	176.33333	176.66667	173.33333	173.33333	168.66667	164.0	159.33333	146.66667	
103.0	103.666664	104.666664	110.666664	122.666664	135.0	145.0	154.0	162.33333	173.33333	182.66667	185.33333	179.33333	172.66667	162.66667	147.66667	136.66667	133.0	135.33333	139.0	144.66667	152.33333	176.33333	179.0	159.66667	154.0	149.66667	150.33333	157.66667	163.66667	167.33333	167.66667	164.0	158.33333	156.66667	142.66667	
94.333336	94.333336	98.0	106.0	116.0	125.666664	135.0	146.0	153.33333	159.66667	164.33333	164.66667	159.33333	143.0	127.666664	117.666664	129.0	136.33333	128.33333	138.0	146.66667	152.33333	167.33333	174.0	161.66667	157.0	146.66667	125.666664	130.33333	145.0	153.0	155.66667	154.66667	149.66667	148.0	122.0	
85.666664	84.0	87.0	93.333336	103.0	114.0	125.333336	137.0	144.0	147.66667	148.66667	144.66667	131.66667	115.333336	111.0	107.333336	133.0	152.66667	139.0	139.66667	149.33333	156.66667	164.33333	170.0	161.66667	163.0	155.33333	115.666664	105.333336	124.0	136.66667	140.66667	141.0	138.0	135.66667	92.0	
82.666664	83.666664	85.0	84.333336	88.0	99.0	109.333336	119.666664	128.33333	132.33333	132.0	120.0	109.333336	115.0	123.0	109.666664	126.333336	154.33333	146.66667	143.0	151.0	157.33333	166.33333	173.33333	162.66667	164.0	161.66667	123.333336	93.333336	101.0	117.666664	122.333336	125.0	124.0	117.333336	66.333336	
82.0	83.333336	81.666664	75.0	73.666664	80.333336	90.666664	99.0	107.0	110.666664	108.333336	103.666664	112.333336	128.66667	133.0	107.0	106.666664	136.33333	138.33333	140.33333	149.66667	159.33333	171.0	178.66667	165.66667	162.33333	158.0	134.0	102.0	87.666664	94.666664	101.0	105.666664	107.0	98.666664	41.333332	
79.333336	84.0	85.333336	78.333336	72.333336	73.666664	78.333336	85.666664	89.666664	90.0	92.666664	108.333336	125.0	132.66667	133.33333	102.333336	82.333336	102.666664	118.666664	128.33333	141.66667	159.66667	174.66667	178.66667	168.66667	161.33333	146.33333	128.66667	104.666664	79.333336	76.666664	86.333336	94.666664	100.333336	80.0	26.0	
73.666664	83.333336	89.666664	84.0	77.333336	76.666664	78.0	82.666664	86.333336	91.0	98.666664	116.666664	125.666664	128.66667	130.66667	102.0	73.0	73.666664	86.666664	99.333336	117.333336	144.0	158.66667	161.0	155.33333	145.33333	130.66667	122.0	103.0	80.333336	72.333336	84.0	92.0	92.666664	57.333332	18.0	
68.0	78.333336	88.333336	87.666664	83.333336	84.333336	87.0	91.0	93.666664	99.0	104.666664	111.666664	117.666664	126.0	131.0	110.666664	80.0	65.0	64.333336	71.333336	88.0	112.0	128.33333	136.66667	131.33333	119.0	119.0	108.0	88.333336	89.0	88.0	94.333336	95.666664	87.0	34.333332	15.333333	
61.666668	72.333336	85.0	89.666664	88.0	87.333336	93.666664	100.0	103.333336	103.666664	98.0	83.666664	87.333336	108.666664	123.0	119.666664	98.0	75.666664	66.666664	63.0	71.333336	87.0	99.333336	106.0	103.333336	107.0	108.666664	89.333336	84.0	95.333336	103.0	104.333336	93.333336	70.666664	21.333334	13.333333	
59.333332	65.666664	79.333336	88.666664	90.333336	89.0	97.0	106.0	106.333336	100.333336	85.333336	58.0	52.666668	75.666664	96.0	109.666664	102.666664	85.666664	70.666664	62.666668	62.666668	69.666664	75.666664	84.333336	98.333336	105.666664	100.666664	106.333336	107.333336	103.0	102.666664	96.666664	82.333336	44.333332	13.666667	14.0	
57.0	61.0	69.0	83.333336	91.0	89.333336	98.0	111.0	111.666664	109.0	110.0	94.666664	71.666664	57.666668	58.0	65.333336	69.666664	70.0	64.333336	60.0	58.0	60.0	64.666664	74.666664	86.0	95.0	112.333336	123.0	111.333336	101.333336	95.666664	85.333336	61.333332	24.333334	12.0	13.666667	
55.0	58.333332	61.333332	73.666664	85.333336	85.333336	91.666664	105.333336	115.666664	119.333336	124.666664	129.0	121.333336	98.0	80.666664	72.333336	66.666664	61.0	52.333332	46.666668	49.333332	57.0	69.333336	87.333336	100.666664	114.333336	128.33333	124.666664	107.333336	96.333336	87.666664	68.666664	34.0	11.0	13.0	13.0	
51.666668	56.333332	57.333332	63.333332	75.0	81.666664	84.0	95.0	112.0	118.333336	121.666664	130.33333	135.0	124.0	111.666664	105.333336	104.666664	99.666664	84.0	69.666664	67.666664	81.0	99.333336	110.0	116.333336	128.33333	130.0	122.0	107.0	91.0	71.0	41.0	14.666667	11.0	15.333333	15.666667	
44.0	50.333332	55.666668	58.0	64.666664	73.0	78.0	88.666664	106.0	114.666664	119.333336	127.0	135.0	130.33333	120.333336	110.666664	109.0	108.0	97.666664	89.666664	83.333336	93.666664	106.0	108.666664	112.333336	127.333336	127.666664	117.333336	101.666664	76.666664	48.333332	20.666666	10.333333	10.333333	12.333333	16.0	
54.333332	47.0	53.0	55.666668	56.666668	62.666668	69.333336	82.333336	100.666664	113.333336	118.666664	121.0	126.333336	128.66667	128.66667	118.333336	106.333336	100.0	98.0	95.0	90.666664	96.333336	101.333336	107.666664	118.333336	128.66667	126.0	115.0	88.0	51.666668	29.666666	17.0	13.333333	13.333333	14.666667	16.0	
76.666664	46.666668	45.333332	52.333332	54.333332	55.666668	61.0	73.0	92.666664	107.333336	115.333336	118.0	121.333336	127.0	131.66667	130.33333	121.0	106.666664	101.666664	96.0	90.333336	97.0	108.666664	121.0	130.33333	130.33333	125.0	108.0	64.0	29.333334	18.333334	14.0	12.666667	14.0	14.666667	15.333333	
76.333336	64.666664	48.333332	44.0	54.0	53.0	54.666668	62.0	78.0	96.333336	111.0	120.333336	124.333336	127.333336	131.66667	131.0	128.66667	123.0	116.0	109.333336	107.666664	114.333336	125.333336	133.66667	137.0	131.33333	123.333336	81.666664	34.0	20.333334	16.333334	13.333333	14.0	14.0	14.0	14.666667	
76.666664	85.666664	69.0	41.0	43.666668	49.666668	53.0	52.333332	61.0	82.333336	102.666664	117.333336	127.333336	131.0	133.33333	133.66667	132.33333	130.66667	129.66667	127.0	125.333336	126.333336	128.66667	132.0	136.33333	132.66667	105.333336	43.333332	16.0	17.333334	16.0	12.0	11.333333	12.666667	13.0	14.0	
91.0	84.0	77.666664	57.0	37.0	42.333332	50.666668	50.0	50.666668	62.666668	86.0	107.333336	123.333336	132.0	134.0	134.66667	133.66667	132.66667	133.33333	132.33333	131.0	129.66667	128.33333	129.33333	131.66667	125.0	77.666664	22.0	17.666666	16.666666	13.0	13.333333	13.666667	13.333333	13.666667	17.0	
98.333336	78.0	74.666664	83.333336	59.0	37.0	40.666668	45.333332	47.666668	54.666668	70.666664	93.666664	111.333336	123.0	128.33333	128.66667	127.666664	130.33333	132.66667	132.0	130.33333	128.66667	126.666664	124.0	124.0	104.333336	46.333332	16.333334	18.666666	17.0	13.0	12.0	13.0	14.333333	14.333333	18.333334	
84.333336	87.333336	80.0	81.666664	74.333336	47.333332	37.666668	38.666668	43.333332	49.333332	57.333332	73.0	91.666664	107.666664	116.0	119.333336	120.0	122.666664	124.666664	125.333336	125.666664	124.0	123.0	118.666664	110.666664	67.333336	24.0	15.333333	19.666666	17.666666	14.333333	12.0	12.333333	14.666667	14.666667	17.333334	
84.333336	97.666664	90.333336	67.666664	70.666664	71.666664	49.666668	33.666668	34.333332	38.0	43.333332	53.666668	71.333336	88.333336	99.666664	105.666664	107.0	111.666664	112.666664	111.333336	110.0	110.0	110.0	101.666664	70.333336	30.0	14.333333	18.333334	20.333334	19.333334	15.333333	13.0	12.333333	14.666667	15.0	18.0	
