41.0	45.666668	45.333332	38.333332	45.666668	55.333332	70.666664	87.666664	108.333336	122.666664	135.33333	151.33333	161.33333	167.66667	173.33333	176.33333	177.33333	177.0	178.66667	179.66667	179.33333	177.0	169.0	154.66667	131.0	101.666664	79.666664	67.666664	71.0	93.333336	106.333336	108.0	106.0	100.0	93.333336	88.666664	
40.0	50.333332	68.0	70.666664	82.666664	97.666664	111.666664	123.333336	140.33333	147.33333	152.33333	162.0	167.0	173.0	180.0	183.66667	185.33333	184.0	183.66667	186.0	189.66667	190.66667	187.66667	177.33333	158.33333	135.66667	115.333336	90.0	72.666664	84.666664	112.666664	127.333336	123.666664	120.666664	115.0	105.0	
38.333332	53.666668	88.333336	97.666664	101.333336	113.333336	128.66667	140.0	151.0	154.33333	158.0	165.66667	168.33333	174.66667	181.33333	184.0	187.0	188.0	186.66667	189.66667	194.33333	196.33333	193.33333	185.33333	172.33333	157.0	147.66667	134.0	113.0	111.0	126.666664	135.66667	128.33333	127.666664	126.0	119.666664	
37.666668	58.0	99.666664	108.666664	108.0	119.0	132.33333	142.0	151.33333	155.0	159.33333	167.33333	170.66667	175.0	180.33333	182.66667	184.0	184.66667	184.0	186.33333	190.66667	189.66667	184.33333	180.0	177.66667	167.66667	156.33333	150.33333	142.66667	141.0	148.66667	147.0	136.66667	132.0	129.33333	129.33333	
38.333332	59.666668	103.666664	112.333336	110.0	121.0	135.0	149.66667	159.0	160.66667	165.33333	170.66667	171.33333	174.66667	179.0	178.66667	179.66667	179.66667	180.66667	180.33333	182.33333	182.33333	177.0	176.33333	181.66667	176.33333	160.33333	152.66667	151.66667	146.0	147.66667	145.33333	135.66667	130.33333	127.333336	128.33333	
41.0	60.666668	99.333336	108.0	110.666664	124.0	138.66667	153.0	161.66667	164.33333	170.66667	174.33333	173.33333	175.66667	176.66667	176.33333	178.33333	180.0	182.66667	181.66667	182.66667	184.33333	179.0	178.66667	181.33333	179.66667	171.33333	159.66667	150.66667	149.33333	149.0	144.0	137.66667	133.33333	130.0	133.0	
43.666668	62.0	95.333336	107.0	116.0	132.33333	145.66667	156.0	163.33333	167.0	174.0	177.66667	178.0	176.66667	173.66667	173.0	173.0	176.33333	182.66667	183.66667	183.0	183.33333	181.33333	179.33333	180.33333	179.66667	175.66667	166.33333	156.33333	153.0	149.33333	147.0	143.33333	137.33333	130.0	130.0	
42.666668	61.333332	94.333336	112.333336	126.333336	140.0	151.66667	157.66667	164.0	169.0	175.0	182.33333	181.0	174.0	170.66667	172.0	172.66667	177.33333	184.33333	186.0	185.66667	184.33333	181.33333	178.33333	177.66667	175.0	168.66667	162.0	158.0	156.0	153.0	149.33333	143.33333	137.0	129.33333	126.666664	
39.333332	59.666668	93.333336	119.0	134.66667	143.0	150.33333	155.66667	163.0	171.0	178.33333	189.0	181.33333	169.66667	172.33333	176.0	181.33333	188.0	187.66667	187.33333	188.0	187.0	185.0	179.66667	176.33333	171.33333	166.0	164.33333	163.0	160.0	155.0	150.66667	143.0	136.33333	130.0	123.666664	
42.666668	55.666668	81.333336	110.0	129.66667	142.33333	146.66667	150.33333	160.33333	170.33333	178.66667	190.0	178.66667	167.33333	173.66667	178.66667	183.33333	188.66667	187.33333	187.0	189.0	187.33333	182.33333	177.33333	173.66667	167.66667	165.33333	166.66667	167.66667	162.66667	154.66667	149.33333	142.33333	138.33333	134.0	125.333336	
49.333332	47.333332	53.666668	72.0	90.333336	109.333336	118.0	127.666664	145.66667	161.0	171.0	182.33333	171.66667	163.33333	173.0	180.33333	177.0	177.66667	181.66667	179.0	174.33333	172.66667	164.33333	157.33333	153.0	146.66667	146.0	151.66667	161.33333	159.66667	150.0	144.0	139.0	138.66667	138.33333	133.66667	
50.333332	50.333332	44.0	43.666668	51.0	63.0	76.666664	99.0	122.333336	143.33333	162.33333	174.66667	169.66667	165.33333	172.33333	174.0	161.0	148.66667	138.0	121.666664	111.333336	108.333336	107.333336	106.0	107.666664	106.666664	108.333336	119.0	138.33333	145.0	141.33333	139.66667	138.0	142.33333	145.0	141.33333	
51.0	57.666668	71.0	87.333336	89.0	82.0	85.0	98.666664	106.333336	120.333336	150.66667	167.0	166.0	163.0	163.66667	155.0	136.66667	116.666664	96.666664	79.333336	72.666664	70.666664	79.666664	99.666664	122.666664	125.333336	116.0	114.0	115.666664	117.333336	129.66667	142.66667	144.0	147.33333	151.66667	146.33333	
49.0	52.666668	86.333336	131.66667	149.0	146.33333	140.33333	133.66667	124.0	114.0	130.0	152.33333	160.33333	157.0	155.0	143.0	128.0	115.333336	108.666664	108.666664	115.666664	128.66667	141.33333	148.0	154.33333	152.33333	143.33333	134.0	121.333336	110.333336	119.333336	140.33333	147.66667	149.66667	152.0	144.66667	
62.0	57.0	75.666664	104.333336	111.666664	121.333336	140.66667	149.33333	153.0	139.33333	128.0	139.66667	157.33333	169.0	157.33333	133.33333	122.333336	124.0	129.66667	137.0	148.33333	162.66667	173.0	176.33333	180.33333	163.0	151.33333	145.66667	130.66667	114.666664	115.333336	127.333336	130.66667	125.0	115.333336	106.0	
82.333336	57.0	57.333332	61.333332	55.0	55.666668	106.666664	151.33333	152.0	151.0	137.66667	120.666664	143.66667	168.33333	149.0	133.33333	134.33333	137.33333	127.0	112.666664	102.0	116.333336	142.66667	159.66667	172.66667	169.66667	159.0	146.33333	125.666664	106.666664	97.666664	94.333336	91.333336	91.333336	95.666664	103.666664	
57.666668	48.0	58.0	72.0	74.333336	68.333336	98.333336	155.33333	146.66667	134.66667	120.666664	128.0	159.66667	161.0	137.0	138.66667	144.33333	145.33333	124.333336	95.666664	68.666664	56.0	78.666664	121.0	125.333336	140.33333	143.0	112.333336	83.333336	81.666664	98.0	106.666664	108.333336	118.333336	131.66667	138.66667	
31.0	40.666668	76.0	103.333336	100.666664	110.333336	127.666664	152.0	150.0	145.33333	135.66667	155.0	177.66667	162.66667	142.66667	144.33333	151.66667	161.33333	145.33333	121.0	102.333336	75.666664	91.666664	136.66667	118.333336	100.333336	90.333336	80.666664	88.666664	99.0	114.666664	131.66667	141.66667	153.66667	156.0	146.33333	
31.666666	34.0	91.333336	122.333336	117.666664	133.33333	145.0	150.0	163.66667	158.0	139.66667	160.33333	175.66667	165.0	153.66667	154.0	164.33333	177.33333	161.0	139.0	131.0	132.66667	138.0	150.33333	140.66667	118.0	107.666664	111.666664	127.333336	139.33333	157.66667	169.0	166.0	163.0	155.66667	141.66667	
51.333332	43.666668	107.333336	134.33333	129.66667	139.33333	152.33333	152.66667	162.66667	156.0	145.0	166.66667	179.33333	166.0	152.0	157.33333	172.33333	183.33333	173.33333	156.0	145.0	148.0	156.33333	156.33333	146.66667	133.33333	128.66667	140.0	156.66667	166.66667	172.0	173.33333	171.0	168.66667	160.33333	145.66667	
71.333336	65.0	121.666664	150.0	144.33333	145.66667	151.0	156.0	161.0	146.33333	147.0	167.0	175.33333	168.33333	158.66667	159.33333	168.33333	179.33333	179.33333	174.66667	167.66667	164.0	164.0	161.0	155.0	150.33333	152.66667	156.33333	166.33333	173.66667	170.0	169.66667	168.0	165.0	159.0	145.0	
67.666664	88.333336	136.66667	165.66667	162.66667	159.33333	159.0	165.33333	158.0	142.66667	151.33333	164.33333	168.0	167.0	164.66667	168.0	172.33333	180.33333	180.33333	177.33333	178.66667	181.66667	178.66667	171.33333	166.66667	162.66667	163.66667	168.33333	175.66667	179.0	173.33333	170.33333	162.66667	154.66667	150.33333	138.66667	
60.0	104.666664	145.66667	166.33333	170.33333	171.66667	165.66667	164.33333	154.0	146.0	159.66667	170.0	169.0	166.33333	169.33333	174.0	173.33333	175.0	177.0	177.66667	180.33333	185.33333	187.66667	180.0	175.66667	173.0	173.66667	180.0	182.33333	180.33333	177.33333	173.0	161.33333	150.33333	144.33333	134.66667	
62.666668	109.333336	147.33333	160.0	169.66667	172.33333	166.33333	159.66667	147.66667	146.0	164.33333	173.66667	171.0	166.33333	165.33333	166.0	164.0	162.33333	168.0	174.33333	176.66667	180.33333	182.33333	179.33333	181.33333	183.33333	187.33333	191.66667	188.0	181.0	175.33333	168.33333	159.0	148.33333	138.0	129.33333	
64.333336	106.333336	143.33333	155.66667	167.33333	168.0	168.33333	159.33333	143.0	145.0	165.33333	171.0	167.0	161.66667	154.66667	155.0	161.33333	147.66667	139.33333	148.66667	166.33333	176.66667	182.66667	188.66667	195.33333	193.66667	195.33333	193.66667	186.33333	178.66667	171.66667	161.0	152.66667	143.33333	133.0	128.0	
64.666664	99.666664	135.66667	150.33333	162.33333	168.33333	168.33333	157.66667	143.66667	150.33333	169.0	172.0	169.0	163.33333	154.0	155.33333	168.33333	154.66667	136.33333	118.0	147.66667	171.0	186.66667	199.33333	210.33333	209.0	205.33333	196.0	184.33333	175.0	167.66667	154.66667	146.33333	138.33333	131.0	130.33333	
61.0	92.0	131.66667	149.66667	159.66667	166.0	161.66667	149.66667	141.66667	155.33333	175.66667	176.0	168.0	163.0	160.33333	163.0	170.33333	164.66667	141.33333	110.666664	133.66667	155.66667	174.33333	188.66667	200.66667	207.0	207.33333	196.33333	181.0	170.33333	162.33333	153.0	146.33333	140.66667	135.0	129.33333	
55.666668	82.666664	125.0	149.0	159.0	162.0	152.33333	138.66667	136.66667	158.66667	183.0	180.33333	163.66667	159.33333	165.33333	174.33333	173.66667	162.0	126.333336	115.0	142.0	150.0	159.33333	169.66667	181.66667	187.66667	188.66667	182.33333	173.33333	165.66667	159.0	150.66667	144.66667	139.66667	134.66667	128.66667	
48.333332	68.0	110.666664	143.0	153.66667	154.66667	145.0	131.66667	133.0	152.0	172.33333	170.66667	154.66667	140.0	130.66667	136.0	135.0	125.666664	118.333336	131.66667	152.33333	155.0	149.33333	154.66667	166.0	168.66667	169.66667	168.0	163.33333	159.66667	154.33333	148.0	142.33333	138.33333	134.0	127.333336	
39.333332	54.0	95.666664	133.66667	143.66667	144.66667	137.33333	129.33333	128.0	132.0	143.33333	139.33333	115.333336	88.666664	93.333336	122.666664	147.66667	153.0	149.66667	149.33333	155.0	156.33333	149.0	144.66667	152.33333	159.0	162.66667	162.33333	159.33333	154.33333	149.66667	144.0	139.33333	137.0	133.33333	126.666664	
34.333332	44.333332	84.333336	124.0	138.33333	141.33333	132.66667	130.66667	125.0	113.666664	113.666664	106.666664	84.0	82.666664	117.333336	151.33333	166.66667	167.0	163.33333	155.0	153.66667	152.66667	150.66667	145.0	143.66667	151.33333	155.66667	154.66667	153.66667	149.66667	145.33333	140.66667	137.0	136.0	133.33333	126.666664	
34.666668	37.333332	69.0	114.0	138.66667	141.0	137.33333	133.0	124.333336	117.0	117.0	124.333336	122.0	124.0	144.0	161.66667	169.33333	171.66667	166.33333	156.0	152.66667	150.33333	152.0	151.33333	141.0	140.33333	145.66667	148.33333	147.0	145.0	143.33333	139.66667	135.33333	135.0	132.66667	126.666664	
35.333332	34.0	52.333332	98.333336	136.66667	145.0	143.66667	142.0	129.66667	116.666664	126.666664	141.66667	145.33333	145.0	148.66667	160.66667	171.66667	175.66667	165.33333	151.33333	143.66667	143.0	148.0	158.0	155.33333	144.66667	146.0	153.66667	150.33333	145.66667	144.33333	141.66667	139.0	137.33333	134.0	130.66667	
34.0	34.666668	39.333332	79.333336	129.33333	148.66667	145.33333	149.33333	142.0	122.333336	121.0	126.333336	133.0	141.33333	147.66667	156.66667	164.0	166.66667	157.66667	144.33333	138.33333	134.33333	136.66667	156.0	163.33333	153.66667	150.33333	153.33333	152.0	146.0	144.33333	144.33333	144.0	140.33333	136.66667	135.0	
31.666666	35.0	33.666668	63.0	118.333336	150.33333	147.66667	144.33333	145.33333	122.666664	97.333336	104.666664	128.66667	135.33333	133.33333	135.66667	140.0	141.33333	137.33333	132.33333	124.0	110.333336	116.0	142.33333	155.66667	152.0	148.66667	150.66667	151.33333	149.0	147.0	146.0	145.66667	145.0	141.33333	134.33333	
31.333334	33.333332	34.333332	48.333332	99.0	147.0	155.33333	142.33333	140.66667	126.0	104.333336	116.666664	161.33333	176.0	172.33333	176.0	179.0	175.0	166.66667	158.0	134.0	108.666664	118.0	140.66667	142.66667	141.33333	148.0	152.66667	149.0	147.33333	148.0	145.66667	145.66667	147.33333	142.0	129.66667	
27.0	28.0	28.333334	34.0	73.666664	131.33333	154.0	147.66667	137.33333	132.33333	118.0	110.0	150.33333	186.66667	196.33333	198.66667	190.0	180.66667	162.66667	149.0	136.66667	126.666664	141.66667	159.0	152.0	145.33333	152.66667	156.66667	150.0	147.66667	148.33333	147.0	146.66667	148.0	138.66667	123.0	
20.333334	21.0	21.0	22.666666	47.666668	103.666664	142.0	152.33333	137.66667	131.0	119.0	103.333336	121.0	142.0	151.33333	151.66667	145.33333	149.66667	140.0	133.0	135.33333	140.66667	154.33333	161.66667	159.33333	153.0	156.66667	158.0	151.66667	149.66667	149.66667	150.0	148.33333	146.0	132.66667	111.0	
16.0	15.666667	15.0	13.333333	23.666666	69.666664	122.666664	150.33333	143.33333	129.66667	121.333336	113.666664	126.666664	137.33333	139.33333	139.66667	147.33333	154.33333	147.33333	141.33333	140.0	151.0	162.0	162.66667	156.0	148.66667	153.33333	157.66667	152.0	148.0	147.33333	147.66667	145.0	138.33333	121.333336	96.666664	
9.666667	8.333333	8.666667	8.666667	11.333333	36.333332	96.333336	134.33333	137.33333	130.0	125.333336	117.0	126.333336	140.33333	142.33333	145.66667	156.0	159.0	145.33333	142.0	147.33333	158.33333	165.0	164.0	156.66667	150.33333	153.66667	155.66667	150.66667	146.33333	145.0	145.33333	140.66667	130.33333	109.0	81.333336	
7.3333335	6.3333335	6.6666665	7.3333335	7.3333335	15.666667	64.666664	114.0	124.0	124.333336	126.333336	122.666664	123.666664	128.0	134.33333	134.66667	136.33333	140.66667	134.33333	145.0	159.33333	167.0	163.0	157.66667	156.33333	153.66667	151.66667	147.33333	143.0	140.0	142.66667	143.33333	136.0	119.0	93.333336	73.0	
6.0	5.6666665	6.0	6.3333335	6.0	8.333333	32.666668	87.0	115.0	118.666664	126.333336	130.0	127.666664	126.666664	128.33333	130.0	132.33333	140.0	145.33333	158.0	164.33333	163.0	157.33333	154.0	154.66667	153.0	148.0	142.66667	138.33333	136.0	140.66667	139.66667	129.0	108.666664	79.666664	72.666664	
9.333333	8.666667	8.666667	8.666667	9.0	11.666667	16.0	52.333332	100.0	114.666664	125.333336	134.66667	135.66667	136.66667	140.66667	143.66667	148.66667	155.33333	158.33333	162.33333	161.0	154.33333	152.33333	153.0	151.0	149.66667	145.0	138.33333	135.33333	137.33333	141.33333	135.33333	120.666664	97.0	73.0	79.666664	
14.0	13.333333	13.0	13.333333	12.0	11.666667	11.666667	26.333334	75.666664	106.0	122.666664	133.0	136.0	144.33333	152.66667	156.33333	160.0	163.33333	165.33333	165.33333	161.66667	155.66667	149.66667	149.66667	149.66667	147.33333	140.33333	135.0	135.33333	139.0	137.0	128.0	110.0	87.0	75.333336	96.333336	
16.333334	15.333333	14.333333	13.666667	14.333333	10.0	10.666667	14.666667	44.666668	87.0	116.666664	131.0	137.0	151.0	155.33333	160.66667	164.66667	166.66667	171.66667	169.33333	162.33333	157.33333	153.0	153.0	151.33333	141.0	131.33333	132.0	136.33333	134.66667	126.333336	116.666664	101.0	83.333336	86.666664	108.0	
16.333334	13.666667	12.0	11.666667	13.666667	14.0	14.333333	15.666667	26.0	56.666668	101.666664	129.33333	141.66667	156.33333	161.0	166.33333	167.66667	169.0	171.66667	168.66667	165.0	159.33333	158.0	157.0	144.0	128.0	122.0	131.0	135.33333	126.0	117.0	110.0	96.333336	85.0	100.333336	119.666664	
14.0	12.666667	14.0	17.333334	21.0	22.666666	21.0	19.333334	18.333334	30.333334	81.0	122.333336	136.66667	154.33333	161.0	166.66667	167.33333	169.33333	168.33333	167.33333	166.0	155.66667	150.66667	147.66667	131.33333	114.333336	122.333336	131.66667	126.333336	116.666664	113.0	106.666664	94.333336	93.666664	114.0	120.666664	
16.0	18.333334	21.333334	23.666666	25.0	23.333334	20.333334	20.333334	18.666666	19.333334	54.333332	108.666664	132.33333	148.33333	157.66667	161.66667	164.0	163.66667	163.66667	165.0	159.33333	149.33333	143.33333	129.66667	115.333336	115.333336	128.0	128.0	115.333336	114.0	115.0	104.333336	98.0	109.333336	127.666664	146.33333	
22.0	24.333334	26.0	24.666666	22.333334	19.666666	16.0	16.666666	19.666666	18.0	27.666666	75.666664	120.333336	140.33333	154.33333	158.66667	157.0	151.33333	152.66667	153.0	143.0	136.33333	130.0	112.666664	110.0	124.0	127.666664	120.0	112.666664	115.666664	112.666664	107.0	112.333336	133.66667	165.66667	205.33333	
