136.0	132.33333	129.66667	132.33333	132.33333	141.66667	152.33333	163.0	173.33333	185.0	198.0	211.33333	212.33333	208.0	204.66667	206.0	209.33333	204.33333	196.66667	181.33333	169.66667	163.0	164.33333	180.33333	181.66667	159.66667	159.33333	176.33333	165.0	163.66667	165.33333	155.33333	151.33333	141.0	138.66667	116.333336	
139.33333	149.0	146.0	147.0	145.33333	137.66667	142.0	156.66667	163.66667	181.33333	200.66667	211.66667	214.66667	210.33333	207.33333	209.0	206.33333	189.0	181.0	172.66667	173.0	175.66667	185.33333	190.66667	183.0	169.0	172.0	192.33333	181.33333	164.66667	148.33333	135.66667	131.66667	130.33333	129.0	109.0	
153.33333	162.33333	166.66667	164.66667	164.0	154.66667	150.66667	155.66667	166.33333	183.66667	203.33333	216.0	218.33333	217.33333	217.66667	213.66667	199.0	191.33333	192.33333	190.0	191.0	197.66667	204.0	201.0	186.0	181.0	190.66667	205.66667	177.66667	136.33333	116.0	99.333336	88.333336	87.0	92.333336	89.0	
164.0	168.33333	180.33333	188.66667	184.66667	176.33333	168.0	163.33333	174.0	187.66667	206.66667	215.0	216.66667	222.0	218.0	196.0	194.0	198.33333	202.33333	207.66667	208.0	212.0	215.66667	208.33333	193.33333	192.33333	204.33333	204.66667	178.33333	136.0	99.0	80.0	72.333336	64.666664	59.333332	67.0	
166.0	175.66667	188.33333	203.0	204.33333	194.66667	184.66667	179.33333	182.66667	193.33333	210.33333	217.66667	222.0	212.0	195.66667	185.66667	199.0	204.66667	205.0	210.0	206.66667	210.0	216.33333	207.33333	194.0	198.0	202.66667	186.0	158.0	130.33333	111.666664	84.333336	63.333332	55.0	52.666668	53.333332	
169.33333	177.66667	188.33333	199.33333	207.0	205.66667	197.66667	190.33333	189.66667	200.33333	211.66667	220.33333	214.33333	197.66667	196.0	199.33333	206.0	206.0	203.33333	203.0	202.33333	206.33333	210.0	211.0	198.0	197.33333	198.66667	177.0	151.33333	119.0	101.666664	93.0	83.0	66.0	75.333336	75.0	
153.33333	164.0	174.66667	183.0	192.0	201.0	195.33333	197.33333	203.33333	211.66667	217.66667	217.66667	208.66667	204.0	205.33333	203.66667	202.66667	202.0	197.33333	197.33333	201.33333	204.66667	207.0	211.0	200.0	193.33333	193.33333	176.33333	161.33333	134.0	102.333336	90.0	91.666664	84.666664	87.0	95.0	
144.66667	157.66667	172.66667	184.66667	191.33333	196.0	196.66667	202.66667	208.66667	214.66667	218.0	215.66667	208.0	208.0	208.33333	209.66667	206.0	202.0	198.33333	195.33333	197.66667	200.0	202.66667	203.33333	195.66667	193.33333	189.33333	175.33333	164.0	156.0	132.0	107.333336	89.333336	85.666664	88.666664	102.333336	
150.33333	158.66667	170.33333	174.33333	181.66667	189.66667	193.66667	203.33333	209.0	212.66667	216.33333	211.0	210.33333	207.66667	209.33333	206.33333	198.66667	199.66667	196.66667	197.66667	198.33333	198.33333	202.66667	202.33333	198.66667	196.0	189.33333	167.66667	163.66667	156.33333	143.66667	122.333336	101.333336	88.333336	89.666664	105.666664	
164.0	160.66667	163.0	159.0	161.33333	167.0	182.0	193.33333	196.0	206.33333	210.0	208.33333	209.0	211.33333	214.33333	205.0	191.33333	203.0	200.0	195.66667	195.66667	199.33333	201.0	202.0	198.33333	186.33333	185.0	165.0	152.33333	149.66667	131.33333	132.0	106.333336	97.666664	89.666664	103.0	
163.0	162.33333	171.0	169.66667	165.66667	168.33333	173.66667	174.33333	180.66667	191.66667	199.33333	200.33333	205.33333	211.0	212.66667	209.66667	205.33333	205.33333	203.33333	198.66667	196.33333	200.66667	203.0	199.0	191.66667	175.33333	169.66667	163.0	137.33333	134.66667	122.666664	130.0	123.333336	105.333336	89.333336	93.333336	
166.0	175.33333	186.0	182.33333	166.66667	162.33333	161.66667	165.33333	172.0	183.0	193.0	200.33333	209.33333	215.33333	209.0	206.0	202.33333	201.0	203.66667	197.0	198.66667	203.66667	206.66667	204.66667	195.0	180.33333	157.66667	151.66667	134.33333	114.666664	119.666664	126.0	118.0	114.666664	105.0	85.333336	
161.33333	180.0	191.0	188.33333	169.66667	162.0	164.66667	168.0	172.0	183.0	188.0	194.0	199.33333	197.66667	191.0	187.66667	191.0	194.0	196.0	190.33333	194.33333	199.33333	200.33333	203.0	186.66667	187.66667	163.66667	136.66667	126.333336	99.666664	89.333336	109.666664	102.0	109.333336	135.66667	111.666664	
134.66667	156.66667	175.66667	185.0	181.0	166.0	167.33333	172.0	173.0	180.66667	176.0	177.66667	172.33333	171.33333	180.33333	192.33333	195.33333	194.66667	192.0	187.33333	194.33333	199.66667	201.0	205.33333	195.33333	185.66667	165.66667	135.0	96.0	62.0	56.666668	78.333336	120.0	137.0	158.66667	171.0	
110.666664	122.0	149.33333	171.33333	184.33333	166.33333	172.0	175.66667	172.0	175.66667	167.66667	161.0	161.66667	170.33333	181.33333	191.33333	199.33333	200.33333	194.66667	195.33333	197.0	199.33333	203.33333	207.66667	201.0	180.33333	130.66667	83.0	71.0	80.333336	113.0	144.66667	178.66667	180.66667	162.0	149.66667	
101.666664	99.0	111.0	134.66667	161.66667	169.0	179.33333	178.0	168.33333	153.0	138.66667	132.0	134.33333	148.66667	163.66667	168.0	180.0	191.0	194.66667	201.66667	197.33333	199.33333	201.33333	186.0	144.66667	101.0	87.666664	111.333336	139.0	148.0	178.66667	191.33333	177.0	173.33333	199.0	190.33333	
77.666664	83.666664	92.666664	95.333336	116.333336	138.66667	143.33333	133.33333	116.666664	104.333336	99.666664	95.0	103.0	132.66667	164.0	158.0	145.66667	153.0	171.33333	184.33333	182.66667	172.66667	127.333336	85.0	91.666664	134.33333	156.33333	160.0	166.0	173.66667	193.33333	194.0	178.0	184.66667	206.66667	191.66667	
85.0	98.666664	124.666664	90.0	104.333336	156.0	137.33333	143.66667	151.0	148.33333	137.0	119.666664	114.666664	150.33333	162.33333	167.33333	158.33333	157.33333	156.33333	149.33333	107.666664	80.333336	93.333336	132.33333	174.33333	185.0	178.33333	168.0	161.0	179.66667	194.0	193.33333	204.66667	202.0	198.66667	191.0	
117.0	123.0	146.0	114.666664	90.333336	111.333336	140.0	175.0	180.0	191.33333	180.66667	143.0	128.33333	167.66667	190.33333	187.0	147.33333	151.0	97.0	80.333336	96.666664	139.33333	177.33333	196.33333	200.66667	199.33333	190.66667	175.0	176.66667	187.33333	190.33333	170.66667	160.33333	172.33333	188.0	194.0	
138.66667	138.0	139.0	119.333336	104.666664	146.0	171.33333	192.33333	199.33333	195.66667	189.66667	163.66667	165.0	191.33333	211.0	203.33333	125.333336	98.666664	120.666664	155.66667	176.33333	191.66667	196.33333	200.66667	199.33333	197.33333	190.33333	183.66667	187.66667	196.66667	201.33333	182.66667	177.66667	168.0	175.66667	194.66667	
133.66667	136.0	138.0	124.666664	153.66667	200.0	203.33333	177.33333	203.66667	187.33333	177.0	163.0	159.33333	178.66667	193.0	190.66667	159.0	143.33333	180.66667	194.33333	202.0	201.66667	196.0	197.66667	194.0	194.66667	185.33333	177.33333	183.33333	201.66667	212.33333	196.33333	205.33333	203.66667	178.0	192.0	
138.33333	140.66667	142.0	139.33333	176.0	206.33333	212.66667	175.0	193.66667	198.33333	176.66667	168.0	163.0	165.0	168.33333	168.66667	162.0	143.0	196.66667	204.66667	207.33333	200.66667	193.0	191.0	187.33333	185.0	172.33333	174.66667	181.33333	201.0	209.0	204.66667	208.0	210.0	190.66667	193.33333	
151.0	151.66667	152.0	158.33333	191.66667	215.0	213.0	204.33333	192.0	219.66667	198.0	174.0	172.33333	168.33333	175.0	178.0	165.33333	152.66667	201.0	208.0	204.66667	195.33333	187.66667	184.66667	177.66667	173.66667	171.0	176.33333	185.0	198.66667	204.0	204.0	208.66667	205.0	199.0	187.66667	
165.66667	165.0	169.0	181.33333	196.66667	208.33333	209.33333	207.33333	201.33333	199.33333	195.33333	178.33333	181.0	183.33333	184.0	172.0	140.66667	173.66667	206.33333	208.66667	200.66667	188.0	184.66667	181.0	174.0	173.66667	178.0	181.0	185.0	195.0	199.66667	200.66667	206.33333	211.33333	202.66667	198.66667	
142.33333	140.0	170.0	190.66667	196.66667	203.66667	205.33333	199.0	203.66667	196.66667	162.0	139.66667	145.33333	145.33333	136.33333	136.33333	167.66667	202.0	206.0	201.0	194.0	189.66667	185.66667	179.33333	176.33333	177.0	179.66667	182.33333	183.33333	188.33333	195.33333	205.33333	210.66667	210.66667	210.0	193.0	
146.0	149.33333	170.66667	189.66667	200.0	208.66667	207.66667	190.33333	202.66667	206.33333	171.66667	135.66667	154.66667	171.0	174.66667	188.33333	201.33333	204.66667	204.0	195.0	186.66667	184.66667	180.33333	176.33333	173.66667	177.33333	179.0	181.0	180.66667	186.0	201.66667	209.0	211.66667	215.0	210.0	172.0	
144.66667	130.33333	147.33333	179.33333	197.33333	198.66667	188.33333	181.0	192.0	185.33333	170.0	171.33333	158.33333	178.0	197.66667	204.0	200.66667	196.66667	194.66667	189.66667	181.33333	179.33333	173.66667	175.0	174.33333	177.0	179.0	180.66667	176.66667	180.66667	205.0	209.33333	208.33333	211.33333	195.66667	157.66667	
135.0	114.0	106.666664	136.66667	151.33333	148.66667	138.0	136.0	141.33333	148.0	179.33333	198.33333	181.66667	156.33333	179.66667	193.0	191.66667	187.33333	187.33333	184.0	177.66667	177.66667	173.66667	177.33333	176.33333	176.33333	180.0	177.0	172.33333	175.0	199.0	210.33333	203.33333	193.66667	170.66667	158.66667	
122.666664	115.333336	101.0	92.333336	96.333336	103.333336	120.666664	150.66667	170.0	187.0	202.0	204.0	198.0	174.0	159.0	180.0	186.0	181.0	179.66667	184.33333	184.33333	183.0	180.33333	183.33333	179.33333	173.66667	175.0	174.66667	168.66667	169.66667	161.66667	160.66667	156.66667	157.33333	164.33333	165.33333	
112.0	114.0	113.0	114.333336	127.333336	143.33333	159.0	190.33333	203.0	203.66667	203.66667	204.0	198.0	193.66667	170.33333	162.0	172.66667	181.0	178.66667	184.0	184.66667	183.66667	180.0	178.66667	178.0	174.0	175.0	170.66667	163.66667	163.66667	141.66667	98.333336	118.0	159.33333	177.0	163.0	
103.333336	111.0	120.0	136.66667	165.33333	179.33333	174.0	190.33333	204.0	206.0	205.33333	202.33333	197.0	193.66667	189.66667	169.0	166.0	177.33333	181.66667	183.33333	180.0	180.66667	179.33333	175.66667	175.0	170.33333	170.33333	165.0	160.33333	155.0	143.33333	131.33333	152.66667	175.0	188.66667	122.333336	
105.0	109.0	115.333336	141.0	165.33333	175.66667	177.66667	186.66667	198.66667	203.66667	203.0	198.66667	192.33333	186.0	189.66667	186.33333	175.66667	174.0	181.33333	179.66667	181.33333	179.33333	173.33333	171.33333	172.66667	165.33333	164.0	158.0	151.66667	142.66667	146.66667	165.66667	179.66667	187.66667	176.66667	87.0	
104.0	107.333336	98.0	92.0	97.666664	112.0	121.333336	121.333336	131.66667	143.0	152.66667	162.0	171.0	173.0	175.0	182.66667	187.33333	182.0	182.33333	174.0	179.33333	174.33333	170.33333	166.66667	167.33333	162.33333	157.66667	147.33333	139.0	133.0	156.0	169.66667	185.66667	187.33333	159.0	64.0	
43.0	93.666664	103.333336	86.333336	67.333336	60.333332	67.0	54.666668	57.666668	66.333336	73.666664	88.666664	129.33333	155.66667	161.33333	170.66667	183.33333	184.33333	179.66667	171.66667	173.33333	168.0	160.0	156.66667	157.33333	154.33333	143.0	132.66667	126.0	138.33333	164.66667	175.66667	185.0	185.66667	137.33333	51.0	
15.666667	73.0	116.333336	116.666664	106.666664	94.0	114.0	107.666664	115.333336	129.0	121.333336	128.33333	168.33333	181.66667	176.0	164.66667	170.33333	181.33333	175.33333	168.66667	171.66667	162.33333	145.33333	143.33333	149.66667	142.0	126.333336	117.333336	130.0	164.33333	169.66667	180.0	192.66667	174.66667	110.666664	39.666668	
14.0	39.0	104.666664	120.333336	128.66667	139.66667	140.66667	155.66667	159.66667	160.33333	160.66667	174.0	183.0	184.0	179.66667	171.0	162.0	170.33333	165.0	157.33333	162.0	152.0	134.33333	136.33333	133.0	118.0	111.666664	119.333336	158.66667	166.33333	177.66667	192.33333	186.0	160.0	86.0	34.333332	
12.0	15.333333	69.333336	116.333336	124.666664	157.33333	170.0	175.66667	173.0	176.33333	184.66667	188.33333	187.33333	181.0	173.33333	167.33333	157.0	159.0	155.33333	152.0	159.0	141.33333	129.66667	135.0	116.666664	109.0	117.666664	154.0	168.66667	175.0	190.66667	197.66667	174.33333	156.0	67.666664	31.0	
11.333333	10.666667	31.666666	97.666664	111.666664	142.66667	160.0	164.66667	166.0	166.66667	174.66667	174.0	170.33333	167.0	166.66667	163.66667	159.33333	159.0	152.0	149.33333	158.0	135.0	131.66667	132.0	121.666664	131.0	147.0	170.66667	173.33333	188.66667	201.33333	188.0	179.0	135.0	45.666668	30.0	
11.0	11.333333	14.666667	71.333336	106.0	117.0	145.33333	164.66667	171.66667	169.33333	163.33333	158.66667	160.0	163.33333	165.66667	166.0	171.33333	168.0	153.33333	157.0	154.33333	133.33333	136.66667	130.33333	137.33333	144.0	160.0	169.66667	191.66667	200.33333	195.33333	187.33333	181.33333	91.333336	36.666668	30.333334	
12.0	11.666667	12.0	45.0	113.333336	124.333336	144.33333	165.0	174.0	180.0	177.66667	173.33333	171.0	175.0	172.33333	173.33333	173.33333	163.66667	151.33333	160.66667	146.0	127.333336	131.33333	134.66667	144.66667	148.0	156.0	184.66667	194.66667	200.33333	189.0	178.33333	159.33333	59.0	34.333332	29.333334	
14.0	12.0	12.0	23.0	101.333336	138.66667	148.0	163.66667	173.0	183.66667	189.33333	184.33333	182.33333	182.33333	178.33333	172.33333	155.66667	142.0	141.66667	148.33333	132.33333	117.333336	123.666664	136.66667	139.33333	139.66667	170.33333	189.66667	196.66667	196.0	176.0	182.0	137.66667	46.333332	33.0	29.666666	
15.0	13.0	13.333333	13.666667	71.0	134.33333	149.33333	161.66667	170.33333	181.33333	187.66667	181.66667	181.33333	180.66667	175.33333	155.33333	132.33333	126.0	122.333336	122.0	109.333336	105.333336	121.666664	129.66667	134.33333	153.0	189.66667	194.33333	192.33333	185.66667	176.66667	172.66667	90.0	36.0	32.666668	30.0	
16.0	14.333333	12.666667	12.333333	34.666668	111.666664	143.66667	157.33333	161.66667	167.0	172.0	170.66667	176.0	173.0	155.66667	129.33333	124.0	111.333336	103.666664	99.333336	92.666664	103.0	121.0	135.33333	154.66667	184.33333	194.66667	187.33333	190.66667	177.66667	170.33333	152.66667	58.333332	33.666668	32.666668	31.333334	
24.0	13.666667	12.333333	11.666667	14.666667	65.666664	118.0	138.66667	147.33333	151.33333	151.0	157.33333	158.0	147.33333	121.333336	114.333336	105.333336	92.0	99.333336	93.333336	94.666664	108.666664	133.33333	157.66667	178.0	195.33333	190.66667	187.66667	183.0	169.66667	171.66667	123.333336	42.0	32.666668	31.666666	32.666668	
35.666668	15.333333	12.333333	11.666667	10.666667	17.333334	56.0	90.333336	109.666664	123.0	124.666664	120.666664	118.666664	98.666664	87.333336	81.333336	76.333336	89.666664	102.0	110.333336	117.666664	128.0	166.0	174.0	191.0	200.66667	191.66667	184.0	175.0	176.0	171.33333	85.333336	35.333332	33.0	31.0	33.333332	
37.666668	16.666666	12.333333	12.666667	12.0	10.0	10.0	21.333334	33.666668	43.333332	40.666668	42.333332	79.666664	78.333336	73.0	65.0	64.333336	88.666664	109.0	110.333336	117.666664	165.66667	181.0	189.66667	196.0	194.33333	187.0	175.66667	173.33333	181.0	165.66667	63.0	32.666668	32.0	29.666666	29.666666	
36.0	18.0	12.0	12.333333	12.666667	11.333333	9.0	7.6666665	7.3333335	7.3333335	6.3333335	27.0	102.0	105.0	111.0	113.0	88.0	77.333336	103.0	125.333336	168.0	186.66667	191.33333	187.0	193.66667	184.66667	176.66667	169.66667	175.0	189.0	133.33333	33.666668	29.333334	30.333334	30.0	29.666666	
32.333332	16.0	12.0	11.666667	11.333333	11.333333	10.666667	10.333333	9.0	8.333333	8.0	31.333334	111.0	116.333336	118.333336	99.666664	57.0	48.333332	130.66667	180.33333	187.0	190.33333	186.33333	189.33333	185.66667	178.66667	173.33333	181.33333	189.66667	190.33333	107.333336	29.666666	28.0	27.666666	28.0	29.0	
26.666666	13.0	13.0	12.333333	11.666667	10.333333	10.333333	11.0	10.0	8.0	8.333333	35.0	111.0	121.333336	84.0	40.0	46.666668	49.666668	138.0	187.66667	183.0	184.66667	185.33333	180.33333	178.33333	174.0	182.0	191.33333	192.33333	176.33333	66.666664	26.666666	26.333334	25.666666	28.333334	30.0	
