24.0	41.666668	69.333336	87.0	104.666664	122.0	135.0	144.0	148.66667	152.66667	155.0	165.66667	170.66667	173.33333	181.33333	183.0	183.0	184.0	185.33333	186.66667	187.66667	187.66667	187.33333	185.33333	185.66667	188.66667	191.66667	194.0	197.66667	199.0	191.66667	165.66667	136.0	119.333336	93.0	85.333336	
34.666668	63.0	84.0	103.0	121.333336	138.0	146.0	151.33333	154.0	157.33333	160.33333	168.33333	175.33333	175.66667	180.66667	184.0	183.0	182.66667	185.33333	187.0	186.33333	184.0	184.0	189.33333	188.66667	188.0	189.66667	193.33333	198.33333	200.66667	195.33333	178.0	148.66667	122.333336	104.0	95.0	
55.666668	78.333336	102.666664	125.0	134.33333	140.33333	149.33333	156.33333	157.66667	161.66667	164.0	172.33333	178.0	178.0	181.0	183.0	180.33333	178.0	180.33333	185.66667	185.33333	183.66667	185.33333	188.33333	189.33333	189.33333	189.0	191.66667	199.0	203.66667	201.33333	184.0	159.33333	124.666664	98.666664	103.333336	
72.333336	93.0	119.333336	137.0	139.33333	143.33333	150.33333	157.33333	157.33333	158.0	158.0	170.0	174.0	175.0	179.33333	182.33333	177.66667	177.0	180.66667	185.33333	189.66667	188.33333	189.0	191.66667	191.0	189.33333	188.33333	191.33333	195.66667	203.66667	204.0	190.66667	167.0	140.33333	112.333336	101.0	
84.333336	105.0	122.666664	131.33333	138.66667	144.66667	150.66667	158.0	158.0	159.33333	166.66667	174.0	171.0	172.33333	175.66667	180.33333	179.0	181.33333	184.66667	185.33333	189.33333	191.66667	190.33333	192.33333	195.33333	194.0	192.33333	191.66667	193.66667	201.33333	206.0	198.33333	177.33333	159.0	139.66667	102.333336	
93.333336	110.666664	117.0	126.333336	137.66667	143.66667	151.33333	157.66667	159.33333	165.0	172.66667	174.66667	168.0	173.0	179.0	182.0	184.66667	187.66667	188.33333	188.66667	190.66667	189.33333	188.66667	190.66667	193.0	195.0	196.0	195.33333	198.0	202.0	204.66667	197.33333	179.66667	168.0	153.66667	117.0	
103.666664	110.0	116.333336	124.333336	136.33333	143.66667	155.0	160.66667	162.33333	166.33333	174.33333	175.33333	169.66667	173.0	178.33333	187.33333	187.66667	189.0	191.33333	192.0	191.33333	190.66667	190.33333	192.66667	192.66667	193.33333	198.0	198.33333	202.66667	208.0	207.33333	200.33333	181.66667	171.0	154.33333	126.333336	
106.0	108.666664	119.333336	126.666664	139.33333	148.0	159.0	166.33333	171.66667	177.66667	182.66667	179.33333	170.0	172.33333	184.0	191.66667	186.0	189.0	194.66667	197.0	197.33333	197.33333	196.0	195.66667	198.0	200.0	204.33333	207.33333	211.66667	210.66667	211.66667	202.66667	186.33333	165.66667	145.0	121.0	
103.333336	109.333336	117.0	128.33333	140.66667	152.33333	161.0	171.33333	178.66667	183.0	184.66667	182.66667	174.66667	177.0	186.33333	193.66667	189.66667	188.66667	197.33333	201.0	201.0	198.33333	194.0	193.0	196.0	202.0	208.33333	214.33333	220.66667	221.33333	217.0	207.66667	186.66667	155.0	131.0	116.333336	
94.666664	107.333336	119.333336	131.0	142.0	150.66667	156.66667	174.0	179.33333	183.33333	185.0	182.0	181.66667	179.0	185.66667	190.0	190.33333	183.33333	186.0	188.66667	186.66667	177.33333	165.33333	157.66667	154.33333	166.0	189.66667	203.0	216.33333	228.0	225.33333	212.66667	189.0	153.0	125.333336	111.333336	
88.0	103.333336	118.666664	130.0	142.0	153.0	155.33333	173.0	178.66667	185.33333	184.33333	183.33333	182.33333	174.0	180.0	177.33333	169.33333	133.0	114.333336	126.333336	134.33333	133.66667	119.0	125.0	137.0	150.33333	159.66667	173.33333	197.33333	217.33333	227.66667	218.66667	196.0	168.33333	143.0	116.666664	
93.666664	115.0	132.0	146.0	152.66667	160.33333	161.66667	171.0	175.0	185.0	181.0	177.66667	186.0	168.33333	167.0	152.33333	124.666664	92.0	92.0	93.0	92.333336	104.666664	125.666664	147.0	161.0	168.66667	160.33333	155.66667	163.33333	190.66667	216.66667	218.66667	203.0	186.33333	164.66667	129.33333	
112.0	135.33333	140.66667	135.66667	132.33333	138.0	140.66667	152.0	161.33333	172.33333	171.0	164.0	181.66667	161.33333	148.33333	135.66667	117.666664	107.0	98.333336	88.0	101.666664	133.66667	168.0	187.66667	187.0	181.66667	177.0	175.0	167.0	165.33333	189.66667	216.0	209.0	197.33333	179.66667	145.0	
104.666664	106.0	90.0	72.666664	69.333336	77.666664	91.666664	113.0	137.33333	151.0	151.66667	146.33333	175.33333	166.0	136.0	127.0	115.666664	107.0	102.666664	113.333336	132.66667	144.0	150.33333	153.33333	150.33333	158.66667	169.0	175.66667	181.33333	173.66667	176.66667	208.0	211.66667	205.33333	191.66667	162.66667	
73.0	64.333336	59.333332	54.666668	50.666668	55.666668	73.0	85.0	103.666664	120.0	131.33333	142.0	175.66667	185.0	155.66667	131.33333	122.333336	119.333336	118.666664	103.666664	78.0	66.666664	56.333332	66.0	71.666664	87.0	103.0	125.666664	153.66667	173.66667	176.66667	195.0	209.33333	207.66667	195.33333	170.66667	
60.666668	68.666664	85.333336	96.333336	91.666664	86.666664	84.666664	83.666664	83.0	90.666664	108.666664	137.33333	179.33333	194.66667	180.33333	164.66667	145.33333	123.333336	111.666664	96.666664	87.0	105.333336	84.0	77.0	87.666664	114.0	113.333336	110.666664	119.0	146.33333	169.0	186.33333	208.33333	212.33333	202.0	182.0	
75.0	93.666664	114.333336	130.0	133.0	124.666664	115.666664	116.666664	111.666664	101.666664	104.666664	137.33333	177.33333	186.0	178.0	169.66667	163.66667	132.66667	124.0	118.666664	124.333336	139.33333	120.666664	116.666664	141.66667	168.33333	172.66667	171.0	162.66667	150.0	160.0	182.0	206.33333	215.66667	208.0	191.66667	
76.0	84.666664	76.333336	60.333332	51.666668	56.0	66.0	78.333336	80.666664	87.333336	97.333336	134.66667	168.0	178.66667	173.33333	168.66667	163.0	155.33333	171.0	158.33333	145.66667	150.33333	159.0	163.66667	173.0	177.66667	185.66667	195.0	196.0	186.33333	179.33333	185.33333	200.33333	212.66667	212.66667	200.66667	
71.0	58.0	38.333332	50.333332	52.0	58.333332	93.0	110.333336	83.333336	107.0	103.333336	135.66667	163.66667	178.33333	175.66667	168.66667	168.0	166.33333	179.33333	164.66667	156.33333	161.66667	174.66667	183.0	190.0	192.33333	196.66667	199.33333	197.0	197.66667	195.33333	198.33333	205.66667	211.66667	210.0	199.33333	
74.333336	51.0	68.333336	104.0	102.0	106.0	127.333336	126.666664	123.666664	128.66667	112.333336	137.66667	166.33333	186.33333	180.0	174.66667	174.33333	174.66667	177.33333	172.0	170.0	169.66667	178.33333	189.33333	194.33333	194.66667	194.33333	192.66667	195.33333	199.0	200.0	202.66667	203.66667	205.0	203.33333	194.33333	
75.0	67.666664	95.666664	114.333336	122.666664	133.0	137.66667	136.66667	134.0	124.666664	115.0	142.33333	177.0	193.0	187.0	179.0	179.33333	184.66667	189.0	191.66667	187.33333	178.0	176.66667	179.0	180.0	181.0	183.66667	189.0	192.33333	195.66667	197.33333	197.66667	198.0	197.66667	199.33333	194.66667	
76.333336	88.666664	120.666664	128.0	130.66667	136.66667	134.33333	137.66667	140.66667	129.33333	117.0	145.33333	186.66667	196.33333	190.66667	185.33333	187.66667	188.66667	191.0	199.0	200.33333	194.33333	189.0	181.33333	177.0	175.0	177.33333	183.0	186.33333	190.33333	193.0	189.66667	187.66667	191.33333	195.33333	192.33333	
92.666664	104.666664	126.0	139.0	141.33333	135.66667	132.0	137.0	136.0	125.333336	121.333336	153.0	189.66667	198.66667	197.33333	190.0	190.66667	190.0	189.33333	194.66667	198.33333	200.66667	200.33333	195.0	189.66667	183.0	177.33333	180.66667	181.33333	182.66667	183.0	182.0	177.33333	179.33333	184.66667	181.66667	
109.666664	111.0	121.666664	130.0	127.666664	129.66667	134.66667	139.0	135.66667	124.0	127.333336	158.66667	186.33333	200.0	202.66667	195.0	191.0	188.33333	191.0	194.0	192.66667	198.66667	202.0	199.0	196.66667	194.33333	190.0	183.0	178.0	171.33333	166.33333	168.0	171.0	169.66667	170.66667	168.0	
102.666664	108.0	116.333336	126.666664	129.0	135.33333	136.66667	140.66667	135.66667	123.666664	139.66667	165.33333	186.66667	203.66667	207.0	201.66667	192.0	178.0	181.0	187.33333	192.66667	198.33333	204.0	200.66667	200.33333	198.66667	192.66667	185.66667	175.66667	167.33333	164.33333	164.0	167.66667	162.0	162.0	159.66667	
92.0	104.333336	115.333336	128.66667	136.66667	138.66667	140.66667	143.66667	135.0	133.0	156.33333	171.66667	193.33333	207.66667	211.0	209.0	200.33333	181.0	167.66667	167.66667	184.33333	197.0	205.0	201.66667	199.33333	197.66667	191.33333	183.33333	173.66667	169.0	164.66667	162.33333	161.66667	152.0	159.0	160.0	
80.333336	97.0	108.0	123.333336	132.66667	137.0	142.66667	143.66667	135.66667	132.66667	159.33333	169.33333	191.66667	197.66667	202.66667	205.0	206.33333	202.0	184.0	162.0	168.33333	187.33333	201.33333	201.33333	198.33333	194.66667	188.0	180.66667	171.66667	166.33333	162.0	162.33333	160.33333	151.0	158.33333	163.33333	
95.0	88.666664	101.333336	115.333336	122.666664	131.33333	140.0	138.66667	119.333336	101.333336	135.0	146.66667	160.33333	163.33333	170.0	171.66667	168.66667	178.0	189.66667	175.0	165.0	177.66667	194.33333	197.66667	194.66667	191.66667	186.66667	179.0	169.33333	162.33333	163.0	161.0	161.33333	155.0	157.66667	166.33333	
132.66667	81.666664	95.333336	101.0	113.333336	125.0	134.33333	130.0	97.333336	63.0	85.666664	103.0	114.333336	129.0	111.333336	89.0	66.0	91.666664	146.33333	169.0	178.66667	177.33333	181.33333	189.0	189.33333	190.0	189.33333	181.66667	172.66667	167.33333	164.0	162.0	162.33333	153.66667	155.0	165.0	
163.0	84.0	85.333336	89.333336	104.0	121.0	128.0	119.666664	95.333336	53.333332	40.0	52.333332	67.333336	86.666664	92.333336	104.666664	111.333336	127.0	136.0	159.66667	191.66667	185.33333	171.33333	179.33333	186.33333	187.0	186.33333	184.33333	179.0	172.33333	166.33333	161.66667	161.66667	151.0	150.0	158.33333	
193.66667	104.0	81.0	81.333336	90.333336	113.333336	122.666664	122.0	116.666664	89.0	55.333332	50.666668	66.666664	86.0	138.0	161.0	160.0	151.66667	153.33333	181.66667	199.0	196.33333	176.66667	168.66667	179.33333	182.66667	183.0	185.33333	184.66667	175.33333	163.33333	153.66667	150.33333	143.33333	144.33333	152.33333	
201.66667	137.0	82.666664	82.333336	84.333336	110.333336	124.666664	124.333336	120.666664	113.0	95.0	96.0	113.666664	122.666664	145.66667	173.0	179.33333	183.0	189.0	193.0	197.66667	197.66667	190.66667	174.0	173.66667	178.0	178.0	179.33333	185.0	175.66667	155.66667	150.0	147.0	139.33333	143.33333	148.66667	
202.0	175.66667	90.333336	83.666664	85.666664	112.666664	128.0	123.333336	115.666664	113.0	111.333336	122.666664	135.33333	130.66667	140.33333	168.0	181.66667	184.66667	186.33333	188.66667	192.0	189.0	189.0	184.66667	173.66667	173.33333	176.0	174.0	182.0	173.0	152.66667	145.0	148.66667	146.66667	145.0	146.33333	
199.66667	199.66667	107.0	84.0	87.0	114.333336	126.0	117.0	108.0	110.333336	114.666664	132.33333	145.0	137.66667	134.66667	159.0	179.66667	184.33333	184.33333	185.66667	186.0	181.33333	176.66667	177.33333	172.66667	167.0	174.33333	174.66667	172.66667	166.66667	143.66667	137.66667	149.0	146.66667	143.66667	144.0	
194.66667	209.66667	137.0	74.0	82.333336	112.0	118.333336	107.666664	102.333336	108.0	118.666664	139.0	150.0	145.66667	140.33333	154.0	178.0	186.66667	187.33333	183.33333	180.33333	178.33333	169.33333	166.66667	166.33333	157.33333	161.0	175.33333	173.0	159.66667	140.33333	138.33333	147.0	143.0	139.0	137.66667	
188.0	208.33333	170.0	73.0	73.0	111.0	109.666664	102.0	96.0	104.666664	117.666664	137.33333	150.33333	150.0	152.0	159.66667	173.0	179.0	180.66667	178.0	177.66667	173.33333	164.0	162.0	165.0	160.66667	154.0	167.33333	173.66667	161.33333	141.0	140.33333	149.66667	140.33333	135.66667	136.0	
156.0	202.0	194.0	106.333336	65.333336	106.333336	102.333336	97.666664	89.333336	90.666664	81.333336	80.333336	95.333336	105.666664	103.0	101.333336	114.666664	132.0	148.66667	161.0	167.66667	160.33333	149.33333	147.0	150.33333	156.66667	150.0	159.0	172.33333	164.66667	146.66667	143.33333	149.66667	141.33333	130.66667	128.66667	
105.0	186.66667	202.66667	150.0	65.0	97.0	102.666664	98.0	84.666664	58.666668	40.666668	40.666668	51.0	65.0	67.0	56.666668	58.666668	49.333332	59.333332	82.0	100.666664	113.333336	123.333336	128.0	130.0	138.33333	144.0	149.0	165.33333	163.33333	147.66667	144.66667	145.0	138.0	128.0	123.0	
74.666664	165.0	203.33333	185.0	86.333336	87.333336	106.0	93.333336	82.333336	54.666668	32.333332	42.333332	43.0	56.666668	70.666664	77.0	83.666664	82.666664	84.666664	83.333336	75.0	58.0	80.333336	109.0	119.0	119.333336	133.33333	141.33333	158.66667	164.66667	150.0	142.0	144.66667	141.33333	129.33333	120.666664	
65.0	151.66667	201.0	206.66667	132.66667	76.333336	106.666664	87.0	85.0	93.333336	84.666664	73.0	59.0	79.666664	114.0	132.66667	131.33333	144.33333	146.0	133.0	123.0	123.666664	147.0	160.66667	144.33333	130.66667	127.666664	138.0	151.33333	162.66667	153.33333	143.0	146.66667	141.66667	129.0	117.666664	
59.666668	140.66667	195.0	209.66667	184.66667	84.0	103.333336	99.0	96.333336	104.0	109.333336	103.0	103.333336	104.0	122.666664	138.0	121.0	141.0	131.66667	137.0	149.0	160.33333	172.33333	168.0	159.66667	143.33333	127.333336	127.333336	141.66667	159.33333	154.33333	141.0	147.33333	143.33333	128.33333	111.0	
55.666668	119.333336	185.33333	204.33333	207.0	133.0	90.333336	110.333336	101.0	96.333336	102.0	104.666664	111.333336	117.0	125.0	132.66667	126.333336	134.33333	143.66667	154.66667	161.66667	162.33333	161.0	162.33333	164.0	153.0	134.66667	127.666664	133.0	151.33333	156.0	143.33333	142.33333	137.0	118.0	102.666664	
53.0	90.333336	177.66667	198.66667	206.0	186.0	93.0	103.666664	102.0	96.333336	89.666664	89.666664	102.666664	112.666664	122.666664	133.66667	134.0	139.66667	148.33333	148.33333	146.33333	145.33333	152.0	159.0	161.66667	158.66667	144.0	131.0	131.0	142.66667	152.33333	142.33333	133.33333	125.0	105.333336	104.0	
53.333332	70.666664	164.66667	197.66667	200.0	203.0	120.0	80.333336	99.333336	92.333336	93.0	79.666664	80.0	92.333336	104.666664	115.666664	125.333336	127.666664	128.33333	127.666664	131.0	138.33333	143.66667	152.33333	157.33333	163.0	156.66667	141.0	133.33333	138.0	144.33333	137.0	128.33333	110.666664	103.333336	109.0	
52.666668	64.666664	155.66667	200.33333	197.66667	192.33333	127.0	65.333336	85.666664	86.666664	90.333336	89.666664	71.0	64.333336	72.666664	82.0	93.0	102.333336	108.333336	115.0	124.666664	133.0	137.0	146.66667	151.33333	158.33333	158.0	147.0	134.66667	130.66667	136.66667	130.0	118.0	99.666664	106.0	111.666664	
55.333332	68.0	161.33333	201.0	197.66667	169.33333	116.0	72.333336	62.333332	81.666664	86.0	96.0	91.0	76.333336	72.666664	78.333336	87.666664	95.666664	104.666664	114.666664	126.666664	135.0	140.33333	148.66667	151.66667	151.66667	154.33333	155.0	137.66667	124.333336	123.0	114.666664	105.0	101.0	103.333336	116.333336	
55.666668	72.666664	165.66667	199.33333	193.33333	147.66667	102.333336	69.333336	54.333332	73.333336	84.333336	98.666664	111.0	101.333336	97.333336	102.0	106.0	110.666664	114.666664	128.0	138.0	147.66667	156.0	157.0	153.33333	148.33333	150.0	152.0	137.33333	116.333336	107.333336	100.333336	100.333336	100.333336	104.333336	142.0	
47.0	65.333336	152.66667	195.0	179.0	119.666664	81.333336	70.0	73.666664	69.333336	77.666664	92.333336	118.0	122.0	118.666664	128.33333	139.0	144.0	146.33333	155.66667	162.33333	160.66667	157.66667	154.0	152.0	150.66667	144.33333	137.33333	125.0	104.0	94.333336	92.666664	99.0	101.666664	139.33333	207.33333	
44.333332	54.666668	124.333336	176.33333	144.66667	89.0	77.0	84.333336	85.0	88.333336	76.0	82.0	104.666664	117.666664	120.333336	127.333336	137.66667	140.0	149.33333	156.66667	164.33333	167.0	162.66667	152.0	146.0	145.0	136.66667	120.666664	103.333336	91.0	90.0	96.333336	104.666664	149.0	215.0	225.33333	
