30.0	24.0	22.666666	42.333332	83.0	115.333336	139.66667	155.66667	161.66667	162.33333	165.33333	168.33333	172.66667	180.0	185.66667	191.0	197.33333	198.66667	200.33333	206.0	208.66667	205.33333	204.66667	205.33333	204.33333	204.66667	205.66667	209.0	211.33333	218.66667	226.0	227.0	206.33333	136.66667	81.666664	142.33333	
31.0	25.333334	27.333334	53.666668	98.666664	129.66667	149.33333	159.33333	165.0	166.66667	170.66667	176.66667	181.33333	185.66667	190.33333	193.0	197.0	200.33333	203.66667	207.33333	209.66667	207.33333	206.66667	208.33333	207.33333	205.66667	204.66667	206.66667	212.66667	220.66667	228.66667	228.66667	211.33333	168.33333	90.0	100.333336	
28.0	25.0	34.0	69.0	113.333336	136.0	149.0	156.33333	165.33333	170.66667	176.66667	182.33333	184.0	184.66667	190.0	194.66667	198.66667	202.0	203.0	206.33333	208.33333	207.0	207.33333	209.66667	207.0	203.66667	201.66667	203.33333	212.0	220.66667	226.66667	226.33333	213.0	184.66667	118.0	75.0	
26.333334	27.0	43.0	81.333336	121.666664	138.66667	148.0	152.0	163.33333	171.66667	177.0	183.66667	186.33333	189.0	192.66667	195.33333	197.66667	198.66667	199.66667	202.66667	206.0	204.66667	205.33333	207.0	204.33333	201.0	199.66667	201.0	210.33333	219.0	222.33333	222.33333	214.66667	193.66667	141.66667	64.333336	
26.333334	29.0	48.666668	91.666664	126.0	141.66667	151.33333	155.33333	163.33333	172.66667	181.0	185.66667	186.33333	189.33333	192.33333	191.66667	192.0	194.33333	197.33333	199.66667	203.0	202.33333	202.33333	204.0	204.66667	201.66667	201.66667	202.66667	208.66667	217.33333	220.0	218.66667	212.66667	198.66667	165.0	83.333336	
26.0	33.666668	54.333332	99.0	131.66667	145.33333	152.33333	157.66667	163.0	168.66667	175.33333	181.33333	182.33333	184.66667	188.33333	189.0	189.33333	191.66667	198.33333	201.66667	203.66667	204.0	203.33333	205.0	206.66667	202.66667	203.0	205.0	207.33333	212.33333	216.66667	216.0	211.66667	200.33333	179.66667	112.333336	
28.333334	44.666668	69.0	103.0	132.0	145.33333	151.0	159.33333	164.33333	167.33333	171.66667	176.66667	180.0	180.66667	183.66667	187.33333	189.0	193.33333	199.0	202.66667	204.0	205.0	203.66667	205.0	206.33333	202.66667	203.0	203.66667	206.33333	209.0	211.66667	212.66667	209.66667	198.33333	189.0	140.0	
38.333332	55.0	73.666664	97.666664	130.0	149.33333	155.66667	160.66667	162.0	163.0	167.33333	172.66667	178.33333	180.33333	182.66667	187.33333	192.0	198.0	203.33333	205.66667	208.0	209.0	206.33333	205.0	206.0	204.66667	208.33333	207.66667	207.33333	210.0	212.0	213.33333	209.0	197.66667	191.33333	162.33333	
46.333332	62.0	84.0	111.0	134.0	151.66667	162.33333	164.66667	162.0	164.0	170.0	178.0	180.66667	185.66667	190.66667	195.0	199.0	203.0	206.66667	210.33333	214.0	214.33333	211.0	207.66667	208.33333	209.0	212.0	209.0	209.33333	212.66667	215.0	214.33333	208.33333	202.33333	196.0	181.0	
56.0	71.0	96.0	122.666664	144.0	156.66667	164.33333	169.66667	168.33333	174.0	180.0	182.66667	178.33333	177.66667	180.66667	180.66667	187.66667	201.0	210.66667	209.33333	210.66667	212.66667	212.66667	212.0	210.0	209.66667	207.66667	205.0	203.0	201.66667	207.66667	209.66667	204.66667	204.66667	202.0	190.33333	
63.333332	78.333336	101.333336	126.0	151.66667	164.0	168.33333	168.33333	172.0	173.66667	163.0	144.66667	129.0	125.666664	130.66667	140.33333	155.33333	178.33333	196.33333	198.0	200.0	207.66667	210.0	209.0	209.66667	207.66667	196.33333	189.33333	179.66667	167.66667	165.66667	169.66667	172.0	185.0	192.0	191.33333	
69.333336	87.666664	112.333336	132.33333	152.33333	165.66667	168.33333	165.66667	162.33333	138.66667	108.666664	81.666664	71.666664	79.666664	93.0	113.0	132.66667	152.0	169.0	179.33333	188.66667	197.0	201.66667	199.66667	199.66667	201.33333	189.0	173.33333	157.66667	143.0	131.0	127.333336	126.666664	140.66667	161.0	181.0	
76.666664	93.666664	118.666664	139.0	152.66667	164.33333	167.0	157.33333	129.33333	98.333336	84.666664	88.333336	99.333336	109.0	112.333336	118.666664	123.666664	129.0	135.0	147.66667	166.0	180.66667	187.66667	186.33333	188.0	194.0	182.66667	165.0	150.66667	140.0	127.666664	118.0	114.0	117.333336	134.66667	162.0	
76.0	94.0	118.0	141.66667	154.33333	160.33333	162.0	133.33333	98.666664	94.666664	109.666664	130.33333	150.66667	161.0	164.0	164.66667	155.66667	136.66667	120.333336	114.0	118.0	145.0	170.0	168.66667	169.0	158.66667	130.66667	121.666664	122.0	126.333336	134.0	134.66667	129.33333	116.666664	118.0	133.0	
76.0	100.666664	126.666664	147.33333	160.33333	165.0	160.33333	122.666664	108.666664	117.333336	134.33333	137.66667	140.33333	153.0	164.33333	169.33333	170.33333	165.66667	152.33333	120.0	96.0	113.0	154.33333	161.66667	136.66667	104.666664	97.0	122.0	142.66667	157.0	170.0	179.66667	180.33333	159.33333	151.0	166.66667	
95.0	111.333336	131.33333	146.33333	151.66667	157.66667	154.66667	126.333336	127.0	132.33333	136.66667	128.66667	137.33333	158.33333	166.66667	165.33333	159.0	159.66667	166.66667	135.66667	91.0	108.333336	158.66667	179.33333	147.33333	113.666664	118.666664	136.66667	145.0	150.0	160.33333	176.0	187.0	181.66667	172.0	186.33333	
53.333332	63.0	93.666664	118.333336	114.666664	111.333336	121.0	121.0	133.0	135.66667	122.333336	121.666664	138.66667	141.0	139.0	135.33333	126.333336	119.666664	133.66667	126.666664	95.333336	117.666664	155.33333	169.33333	160.33333	144.33333	134.66667	122.0	120.333336	125.333336	136.33333	151.0	163.33333	176.0	183.33333	190.66667	
42.666668	55.666668	91.666664	116.0	114.666664	108.666664	106.333336	109.666664	122.333336	129.0	115.0	96.666664	96.666664	81.666664	69.666664	66.333336	64.666664	63.333332	80.666664	91.333336	100.0	119.0	135.33333	142.33333	136.33333	116.0	112.666664	80.0	64.0	51.333332	54.0	70.0	90.333336	133.66667	171.0	174.66667	
45.333332	61.666668	89.0	103.333336	107.666664	112.333336	115.0	107.333336	108.333336	111.0	114.666664	122.0	138.33333	145.66667	141.0	135.66667	122.666664	95.666664	86.333336	88.333336	114.333336	133.0	158.66667	158.33333	137.33333	126.0	111.666664	80.0	86.0	90.333336	103.0	123.666664	127.0	123.333336	147.0	158.33333	
46.666668	64.0	87.333336	100.333336	105.333336	111.0	115.666664	115.333336	127.0	134.66667	146.0	152.66667	156.33333	157.0	158.0	163.0	160.66667	136.0	115.0	113.666664	127.666664	127.333336	165.0	174.0	138.33333	117.333336	123.666664	120.333336	139.0	147.33333	157.0	162.33333	163.0	164.66667	169.33333	169.33333	
45.666668	59.666668	81.0	97.333336	106.333336	112.666664	116.0	114.333336	123.333336	134.0	147.66667	146.66667	140.66667	140.0	138.0	139.66667	140.0	132.0	126.0	131.0	128.0	128.0	158.0	179.0	165.0	131.33333	134.33333	137.33333	132.0	123.333336	132.33333	138.33333	148.33333	167.33333	178.0	174.66667	
42.666668	51.333332	71.0	91.666664	102.333336	106.333336	103.666664	106.333336	123.333336	139.0	157.0	164.66667	165.33333	163.0	160.66667	164.33333	163.66667	157.66667	156.0	158.33333	146.66667	152.66667	166.66667	179.66667	191.0	172.66667	152.0	159.0	152.33333	142.66667	147.0	153.33333	170.66667	185.0	193.0	176.0	
43.333332	47.0	66.666664	89.0	97.666664	97.0	97.0	107.666664	127.333336	135.66667	149.0	169.0	176.33333	173.66667	171.66667	175.66667	180.33333	174.66667	163.33333	164.0	169.66667	178.0	175.0	182.0	195.33333	197.33333	180.66667	183.33333	185.0	183.66667	184.0	181.0	189.66667	200.0	208.0	194.0	
48.333332	44.0	61.0	83.666664	96.0	93.333336	96.0	108.666664	114.666664	125.666664	138.0	152.33333	159.66667	171.33333	172.33333	172.0	172.66667	145.66667	127.0	144.66667	167.66667	170.66667	175.33333	187.33333	197.66667	208.33333	190.0	154.0	168.33333	182.66667	190.66667	189.0	194.66667	203.66667	210.0	204.66667	
55.333332	45.0	55.666668	80.666664	100.666664	103.666664	101.333336	109.666664	108.666664	109.666664	119.666664	134.33333	143.0	156.66667	166.33333	156.33333	133.66667	116.666664	139.66667	167.33333	172.33333	168.33333	173.0	183.33333	192.0	211.33333	204.66667	163.0	136.33333	135.66667	159.0	168.33333	174.33333	184.33333	200.0	192.33333	
73.0	59.666668	65.0	89.0	103.333336	107.666664	107.0	115.666664	116.0	114.333336	129.66667	151.33333	162.0	166.66667	161.66667	132.66667	107.333336	119.333336	159.0	179.0	178.33333	167.33333	171.0	183.33333	193.33333	206.66667	213.33333	204.33333	171.66667	113.0	113.666664	139.0	151.33333	166.0	186.33333	189.0	
95.0	89.0	90.333336	101.0	106.0	106.333336	106.666664	111.333336	112.666664	114.0	126.666664	137.66667	142.66667	137.0	122.0	103.0	92.0	95.333336	118.333336	134.0	145.66667	148.0	155.0	168.0	178.0	186.66667	191.0	181.33333	169.33333	115.0	101.0	134.33333	155.66667	169.66667	176.66667	181.33333	
108.333336	107.333336	106.666664	106.666664	107.333336	102.0	101.0	103.333336	106.333336	110.333336	120.0	122.333336	122.0	115.0	107.333336	110.333336	111.0	91.333336	73.333336	55.0	60.666668	84.0	111.666664	127.0	137.0	151.33333	151.66667	125.333336	131.0	109.666664	92.333336	111.666664	130.0	145.33333	157.66667	161.66667	
108.666664	107.333336	107.333336	108.0	105.333336	95.666664	91.666664	92.0	95.0	100.333336	112.666664	117.333336	114.666664	109.0	110.666664	122.0	130.33333	117.666664	98.333336	78.333336	65.666664	59.0	67.0	79.333336	93.333336	135.66667	159.0	153.0	162.33333	135.33333	97.0	97.333336	111.666664	126.0	141.66667	147.0	
106.666664	106.0	105.0	108.333336	102.0	90.333336	84.0	83.333336	86.0	89.333336	101.0	110.333336	113.666664	111.666664	119.0	130.0	134.33333	133.0	132.66667	128.0	112.333336	92.0	69.666664	66.333336	95.333336	157.66667	180.0	180.33333	181.33333	159.0	121.0	99.666664	100.333336	115.666664	128.0	139.0	
104.666664	104.0	102.0	107.333336	100.333336	87.333336	81.333336	82.666664	86.0	88.333336	98.666664	108.0	116.0	119.333336	124.333336	131.33333	133.0	135.33333	143.0	141.66667	131.0	127.666664	114.666664	111.333336	137.0	172.66667	181.66667	181.0	183.0	168.66667	128.33333	113.333336	115.333336	121.333336	122.333336	131.66667	
98.666664	97.666664	97.333336	106.0	98.0	86.0	79.0	80.0	84.666664	88.333336	100.0	111.666664	120.0	124.0	126.333336	127.0	130.0	137.66667	144.66667	145.0	147.0	154.66667	157.0	157.33333	161.66667	170.66667	181.0	189.0	186.33333	175.66667	135.33333	123.0	133.33333	130.66667	130.0	135.33333	
93.666664	95.0	97.0	102.333336	96.666664	85.666664	78.0	77.333336	83.0	89.0	101.0	113.0	119.333336	122.333336	117.333336	112.333336	112.666664	115.333336	121.0	123.0	124.333336	128.33333	142.0	151.0	150.33333	156.33333	163.33333	179.33333	187.0	182.33333	155.66667	127.666664	131.66667	133.66667	138.66667	143.33333	
91.666664	92.333336	92.666664	97.666664	93.666664	88.0	83.333336	79.333336	83.666664	91.333336	102.0	110.666664	116.0	113.0	89.666664	70.333336	67.333336	65.0	72.333336	72.666664	77.0	78.333336	85.666664	92.0	93.333336	98.333336	104.333336	118.666664	143.0	156.66667	153.66667	135.0	136.0	144.0	148.33333	152.0	
90.0	87.666664	86.0	91.666664	90.666664	89.666664	88.666664	80.333336	79.0	88.666664	103.0	112.666664	111.0	93.0	51.666668	35.333332	50.666668	83.333336	108.333336	113.666664	118.333336	132.0	127.666664	118.666664	128.66667	125.333336	114.333336	80.0	62.333332	94.666664	125.0	131.33333	135.0	148.66667	155.0	155.66667	
86.0	80.666664	77.333336	83.666664	85.0	87.0	90.0	84.666664	78.0	84.666664	107.0	121.0	117.0	102.333336	78.333336	55.333332	62.333332	96.0	120.0	132.66667	159.0	177.0	183.0	182.66667	197.33333	178.33333	160.66667	106.333336	37.0	62.333332	101.333336	122.0	132.0	149.33333	154.0	152.66667	
80.0	73.333336	69.333336	76.333336	81.0	83.333336	89.666664	92.333336	84.666664	86.333336	109.333336	123.0	118.666664	116.666664	123.666664	101.333336	72.333336	76.0	92.666664	108.333336	118.666664	131.33333	143.66667	142.33333	165.66667	149.0	139.0	92.666664	80.666664	122.0	128.66667	127.0	132.0	150.66667	153.66667	152.0	
77.333336	70.0	65.333336	70.333336	77.333336	79.333336	86.666664	95.0	90.0	90.333336	109.333336	121.333336	119.333336	126.333336	134.33333	130.66667	120.333336	114.0	128.66667	157.66667	150.66667	160.33333	164.33333	146.0	164.33333	176.33333	184.0	148.66667	159.0	170.66667	152.66667	132.66667	132.33333	148.33333	154.0	150.66667	
75.0	69.333336	66.333336	66.666664	70.0	73.0	79.0	91.666664	96.0	95.333336	107.666664	121.0	119.0	129.0	138.66667	135.33333	126.0	117.666664	129.33333	154.33333	157.66667	170.66667	178.33333	165.0	164.0	166.33333	184.0	181.33333	185.33333	182.0	164.0	144.0	139.66667	148.33333	150.66667	148.66667	
76.333336	69.333336	62.666668	62.666668	66.0	66.333336	71.0	83.333336	95.666664	94.666664	101.333336	123.333336	122.333336	123.666664	133.33333	139.0	134.0	125.0	129.33333	135.66667	137.33333	152.66667	168.66667	166.0	168.33333	171.0	185.33333	191.33333	188.66667	186.66667	171.66667	149.66667	145.0	149.33333	146.66667	145.33333	
80.0	71.333336	63.333332	61.0	63.0	60.333332	66.333336	79.0	95.333336	98.666664	95.666664	121.0	129.0	125.333336	131.33333	141.0	139.0	132.0	130.0	127.666664	124.666664	138.33333	147.0	152.0	152.0	157.66667	167.66667	183.66667	190.66667	185.0	169.66667	152.0	148.33333	146.66667	143.33333	155.33333	
79.0	74.0	64.333336	62.666668	57.333332	51.0	56.0	70.0	82.666664	95.333336	93.0	112.0	133.33333	133.33333	135.66667	141.66667	137.66667	135.33333	135.0	133.33333	134.0	143.0	145.0	149.66667	153.66667	167.66667	176.0	186.33333	191.33333	183.33333	174.0	165.66667	153.0	142.0	140.66667	176.33333	
73.333336	71.0	63.666668	62.0	58.0	51.666668	51.333332	59.0	68.0	82.666664	90.0	98.666664	120.0	137.0	144.66667	148.0	146.33333	144.66667	142.66667	138.33333	139.33333	147.0	151.66667	154.66667	157.66667	169.33333	178.0	184.33333	192.66667	190.33333	185.66667	176.66667	155.0	141.0	160.0	207.0	
66.666664	68.666664	62.0	59.666668	61.0	54.666668	50.333332	53.0	61.333332	73.666664	87.0	93.666664	107.666664	134.66667	148.33333	152.66667	155.33333	153.66667	155.33333	157.0	160.0	164.0	165.0	166.33333	171.66667	177.0	183.33333	191.66667	202.33333	202.33333	194.66667	178.33333	156.33333	155.33333	199.0	231.0	
53.333332	67.0	57.0	57.333332	61.666668	58.666668	54.333332	50.666668	54.666668	65.0	74.0	81.333336	99.666664	130.66667	147.66667	153.66667	159.0	161.0	164.33333	168.0	176.0	180.0	175.0	177.66667	187.33333	191.0	192.0	200.33333	208.0	207.0	193.33333	168.33333	163.0	192.33333	231.0	237.0	
30.0	59.333332	53.0	50.666668	53.333332	54.333332	57.333332	52.666668	51.0	54.666668	64.666664	69.333336	77.0	104.666664	130.66667	144.0	152.33333	161.33333	171.0	175.66667	180.66667	183.66667	182.33333	184.33333	191.66667	195.0	192.33333	195.66667	206.33333	201.66667	180.33333	160.0	181.0	222.33333	236.33333	237.33333	
15.333333	46.666668	58.0	44.666668	43.333332	48.0	52.666668	52.333332	50.666668	47.0	55.0	59.666668	61.0	74.666664	100.333336	120.666664	132.66667	145.0	160.0	166.33333	170.0	176.66667	177.66667	181.0	185.66667	188.0	189.66667	190.33333	193.33333	182.66667	158.0	164.0	209.0	235.66667	237.0	236.66667	
16.333334	26.0	59.666668	49.666668	36.333332	41.333332	47.333332	46.666668	45.0	47.333332	47.333332	50.333332	56.0	59.0	67.333336	88.0	107.333336	121.0	138.0	146.33333	149.66667	161.0	171.0	174.66667	174.33333	176.66667	179.66667	173.33333	161.33333	148.33333	135.66667	178.66667	228.66667	239.33333	238.0	235.33333	
17.666666	16.666666	37.666668	68.0	47.666668	35.666668	41.333332	44.0	46.333332	46.666668	46.333332	44.333332	50.0	55.666668	55.666668	57.333332	68.666664	85.666664	102.0	119.333336	132.0	144.33333	154.0	157.33333	154.66667	151.33333	147.33333	137.33333	127.666664	122.666664	142.33333	202.66667	232.66667	235.33333	236.66667	236.66667	
