41.666668	60.0	68.333336	83.333336	102.333336	78.666664	51.0	74.0	117.0	136.33333	146.66667	153.66667	160.33333	165.0	166.33333	169.66667	173.66667	175.33333	175.66667	173.33333	170.0	168.33333	166.33333	161.66667	154.66667	147.66667	134.0	129.66667	124.0	103.0	91.333336	89.333336	75.0	60.0	64.666664	52.333332	
53.0	66.0	80.0	105.666664	107.0	62.333332	52.333332	99.666664	140.33333	145.33333	151.0	157.66667	162.0	166.33333	171.0	175.33333	177.33333	178.0	180.66667	180.0	175.66667	171.33333	167.66667	162.0	155.66667	149.66667	139.0	133.66667	131.33333	118.333336	92.666664	87.333336	83.333336	61.0	60.333332	57.333332	
65.333336	74.333336	92.333336	116.666664	97.333336	48.333332	68.333336	129.33333	148.66667	150.0	155.0	159.33333	162.66667	168.33333	177.33333	181.0	180.0	181.66667	185.33333	184.66667	180.66667	173.33333	169.0	163.0	158.33333	152.66667	144.0	139.0	137.66667	129.0	102.0	89.333336	91.333336	73.0	62.0	59.0	
75.666664	84.0	100.666664	126.0	85.0	42.666668	89.333336	142.33333	148.0	151.33333	156.33333	160.66667	164.33333	171.66667	181.33333	184.0	181.66667	185.33333	186.0	184.0	180.66667	174.0	170.33333	165.0	162.0	157.0	148.66667	144.66667	141.0	135.33333	116.0	98.333336	96.666664	85.333336	66.0	60.666668	
79.666664	85.0	104.333336	125.333336	71.0	46.333332	108.333336	143.66667	146.0	153.66667	157.33333	161.66667	165.0	171.66667	176.0	178.66667	180.33333	182.66667	181.66667	181.0	181.0	175.66667	172.0	168.33333	165.33333	159.66667	152.0	148.66667	142.0	134.66667	124.333336	110.333336	102.0	92.0	72.333336	66.333336	
77.333336	78.333336	104.666664	115.333336	58.666668	56.666668	123.333336	146.0	149.33333	155.0	157.66667	162.33333	166.66667	169.66667	170.66667	174.0	177.66667	180.66667	180.66667	181.0	181.0	176.66667	173.66667	170.33333	167.66667	164.66667	156.66667	151.0	144.66667	136.66667	127.0	114.0	107.666664	97.0	81.0	70.666664	
74.333336	71.666664	103.666664	105.333336	52.666668	69.0	131.0	147.66667	155.0	157.33333	158.0	162.66667	168.33333	170.33333	170.66667	174.0	177.0	178.0	179.0	178.66667	178.33333	176.66667	174.66667	172.0	167.33333	166.0	159.0	152.66667	147.33333	139.0	130.66667	119.333336	113.666664	100.333336	87.666664	69.0	
68.0	71.666664	103.666664	93.333336	50.666668	81.0	136.66667	152.66667	159.0	160.66667	159.66667	163.0	166.66667	168.66667	169.0	171.66667	175.0	177.0	180.33333	182.0	180.33333	179.66667	176.33333	172.66667	167.66667	164.66667	159.0	155.0	149.33333	141.0	135.33333	126.333336	118.333336	99.666664	93.0	69.333336	
60.666668	72.666664	102.666664	82.666664	49.666668	93.333336	141.0	156.33333	162.0	164.66667	163.33333	167.0	170.33333	172.33333	173.0	174.66667	178.33333	179.0	185.33333	187.66667	185.66667	184.0	178.66667	173.33333	168.0	163.33333	158.66667	157.0	151.66667	142.33333	137.0	130.66667	120.0	96.666664	92.666664	74.0	
53.0	67.666664	96.0	76.666664	52.666668	106.0	146.66667	160.66667	164.66667	167.33333	167.33333	172.66667	177.66667	178.33333	179.0	181.33333	182.0	182.0	191.66667	195.0	191.66667	186.0	179.66667	172.66667	166.33333	161.33333	158.33333	158.0	152.66667	143.33333	136.0	129.33333	118.333336	95.666664	90.0	80.333336	
49.0	61.333332	90.333336	73.0	57.666668	119.0	153.66667	165.66667	170.33333	171.66667	172.0	177.66667	180.33333	180.33333	181.33333	184.66667	182.33333	188.33333	202.66667	203.33333	194.33333	180.66667	168.66667	160.33333	153.33333	148.66667	146.66667	148.0	146.66667	140.0	132.33333	126.0	115.666664	99.0	88.333336	87.0	
46.333332	60.666668	91.0	72.666664	60.333332	129.0	160.66667	167.0	172.66667	174.33333	172.66667	176.33333	179.66667	179.66667	182.0	188.0	186.0	190.66667	197.0	186.0	161.0	137.66667	122.666664	120.333336	123.666664	125.0	125.333336	128.66667	130.33333	124.666664	121.333336	122.666664	115.333336	101.0	87.666664	89.666664	
44.333332	62.0	89.666664	72.666664	56.333332	114.333336	143.33333	157.33333	164.66667	166.66667	167.33333	170.33333	174.0	178.0	184.33333	189.0	180.66667	169.33333	143.66667	116.666664	97.333336	91.0	109.333336	143.33333	162.66667	159.33333	153.0	147.0	137.33333	122.333336	104.0	101.0	109.0	104.666664	90.666664	87.0	
47.0	65.333336	85.666664	70.666664	45.666668	85.0	104.0	116.333336	121.333336	131.33333	147.66667	158.66667	165.66667	173.66667	182.33333	179.0	158.0	135.33333	103.0	92.333336	98.0	113.666664	137.66667	164.33333	175.33333	169.66667	162.33333	157.66667	151.66667	140.33333	120.666664	98.0	102.0	106.0	95.666664	82.0	
50.666668	66.333336	80.0	69.333336	56.333332	116.0	122.333336	111.333336	104.333336	109.0	131.66667	149.0	158.33333	170.66667	179.0	171.0	146.33333	127.333336	116.333336	120.333336	123.0	119.666664	120.666664	123.0	127.0	132.0	137.33333	145.0	142.33333	141.0	135.0	118.666664	110.0	104.333336	98.333336	79.666664	
47.666668	61.0	74.666664	67.0	61.333332	121.333336	131.0	126.0	128.33333	128.0	129.33333	138.0	147.33333	167.66667	180.33333	170.33333	150.0	134.33333	135.66667	135.66667	122.666664	93.0	86.333336	81.333336	75.0	75.666664	84.0	101.333336	119.0	132.0	133.0	127.333336	119.0	104.666664	97.333336	77.0	
44.333332	60.666668	73.0	62.333332	45.666668	71.0	80.666664	82.333336	96.666664	118.0	134.0	126.666664	138.66667	167.0	184.0	170.0	149.66667	135.0	146.66667	135.66667	112.0	103.0	121.0	103.333336	82.333336	76.0	72.0	66.333336	79.333336	112.0	126.666664	131.33333	127.333336	108.666664	95.333336	77.0	
45.0	62.0	68.333336	54.333332	49.0	91.0	91.666664	86.0	90.0	107.0	126.666664	126.666664	135.66667	166.0	180.0	168.0	147.0	135.66667	147.66667	131.33333	110.333336	144.33333	166.33333	121.666664	92.333336	90.666664	96.333336	82.333336	73.333336	114.333336	139.0	144.0	139.33333	116.333336	93.666664	80.333336	
49.0	63.0	63.333332	47.0	65.333336	132.0	107.0	96.333336	102.0	118.333336	135.66667	130.66667	136.33333	161.33333	173.66667	166.0	149.33333	141.66667	147.66667	135.0	121.666664	142.66667	146.0	121.666664	113.666664	116.0	113.333336	108.666664	116.0	138.66667	151.33333	152.66667	148.66667	125.333336	94.0	79.666664	
52.0	61.666668	62.333332	46.333332	70.333336	115.333336	114.333336	123.333336	134.66667	137.66667	145.0	134.66667	138.66667	158.33333	167.66667	158.66667	148.33333	150.33333	158.66667	155.66667	147.0	146.66667	141.33333	138.66667	143.66667	149.66667	149.33333	150.66667	154.66667	159.33333	159.0	154.0	146.66667	126.333336	94.666664	78.666664	
57.333332	64.333336	60.0	57.0	98.666664	132.66667	138.66667	148.66667	159.66667	163.33333	156.66667	137.0	139.66667	154.33333	160.66667	155.33333	148.33333	151.66667	163.0	166.33333	159.33333	152.0	150.33333	153.0	157.0	159.66667	162.0	165.33333	167.0	168.0	163.66667	153.0	143.33333	125.333336	94.666664	80.666664	
61.666668	67.0	61.666668	67.666664	121.0	146.0	149.66667	155.0	160.66667	161.33333	155.66667	137.0	143.66667	155.33333	156.66667	154.33333	149.0	149.33333	160.33333	171.33333	173.0	166.66667	162.33333	160.33333	158.0	159.0	159.33333	162.33333	166.66667	167.33333	160.66667	151.0	141.66667	123.333336	94.0	84.333336	
65.333336	66.666664	63.666668	82.666664	140.33333	153.66667	155.0	157.0	159.33333	161.66667	149.33333	132.66667	147.0	159.0	157.66667	154.0	149.66667	146.33333	152.66667	167.0	175.33333	176.33333	173.0	167.33333	162.33333	160.33333	160.66667	167.0	170.33333	165.66667	157.66667	150.0	140.0	122.333336	96.666664	83.666664	
69.0	68.333336	68.666664	101.666664	151.33333	157.33333	157.66667	160.33333	162.33333	160.0	138.66667	130.33333	146.33333	157.33333	158.33333	153.0	149.66667	149.0	152.0	159.0	167.66667	173.33333	172.66667	169.0	164.0	162.66667	165.0	172.66667	172.0	161.33333	154.0	148.0	139.66667	124.666664	99.666664	87.333336	
72.0	74.0	76.333336	120.0	157.66667	161.0	161.66667	159.66667	153.33333	146.0	130.33333	132.66667	148.0	157.0	159.66667	155.0	151.0	149.0	149.66667	158.33333	168.33333	168.66667	165.0	162.33333	160.66667	163.33333	172.66667	178.33333	170.33333	156.66667	149.66667	143.33333	136.66667	127.666664	107.666664	93.666664	
74.0	76.666664	84.0	135.0	159.33333	161.33333	161.0	155.66667	146.66667	138.0	128.33333	134.33333	150.33333	159.66667	163.0	157.66667	149.33333	144.66667	144.0	158.0	172.0	170.33333	166.0	160.66667	159.66667	165.33333	178.0	185.33333	173.33333	160.0	150.33333	141.0	134.66667	127.666664	114.666664	103.0	
75.0	79.0	95.666664	145.66667	160.0	162.33333	160.0	157.0	154.0	148.0	134.66667	136.33333	152.66667	164.33333	168.33333	160.33333	148.0	142.66667	143.33333	156.33333	171.33333	168.33333	165.0	162.0	165.66667	176.0	189.66667	194.0	175.66667	160.66667	151.33333	141.33333	132.0	124.333336	114.333336	114.0	
76.666664	82.0	107.333336	149.0	160.66667	164.0	162.66667	165.66667	166.33333	158.0	140.33333	139.33333	156.66667	172.0	175.33333	165.33333	148.66667	144.0	146.66667	152.0	168.66667	166.0	160.33333	160.33333	168.33333	184.66667	201.0	199.0	178.33333	163.33333	153.0	143.66667	131.33333	122.333336	114.666664	120.666664	
81.333336	80.0	116.666664	146.0	158.0	166.0	170.66667	171.33333	165.0	154.66667	140.0	144.66667	162.33333	184.33333	184.0	165.66667	152.33333	149.0	152.0	150.33333	158.66667	166.33333	156.66667	155.0	159.33333	173.33333	190.33333	192.0	174.33333	160.0	152.33333	144.66667	132.66667	124.333336	119.666664	124.666664	
81.0	77.333336	127.666664	145.66667	154.0	162.0	166.66667	157.66667	151.66667	144.0	134.0	142.33333	158.33333	175.33333	175.0	158.66667	148.33333	148.33333	154.0	149.0	153.66667	169.66667	166.0	159.66667	152.33333	155.33333	168.33333	175.66667	167.66667	159.0	149.33333	141.0	131.66667	125.0	124.333336	124.0	
79.666664	81.666664	131.33333	145.0	151.0	158.0	154.0	149.66667	153.0	142.66667	128.66667	133.0	143.66667	153.0	150.66667	141.66667	134.66667	137.66667	143.0	141.33333	157.33333	167.33333	170.0	169.66667	159.33333	153.33333	155.66667	163.0	158.66667	151.33333	142.33333	135.33333	128.66667	126.333336	127.0	122.333336	
77.0	85.666664	127.666664	141.33333	146.66667	151.33333	147.33333	154.0	157.33333	147.66667	132.0	131.33333	136.0	139.66667	135.0	127.666664	131.0	141.33333	147.33333	152.0	166.33333	169.66667	169.33333	173.66667	167.66667	160.33333	154.0	153.0	150.66667	144.66667	141.66667	131.0	126.0	129.66667	128.66667	124.333336	
62.0	72.666664	120.0	135.66667	143.0	144.33333	146.66667	158.66667	155.66667	147.0	139.66667	140.33333	142.33333	138.0	134.0	138.33333	152.66667	162.66667	165.0	168.33333	170.66667	169.66667	167.0	167.33333	165.66667	160.33333	155.0	151.0	148.66667	143.66667	140.0	130.66667	127.666664	133.66667	131.66667	128.66667	
46.0	60.0	110.0	132.33333	144.33333	141.66667	147.66667	157.66667	152.0	146.0	142.66667	147.33333	154.33333	155.33333	155.66667	164.0	173.0	178.0	174.66667	173.66667	171.66667	169.0	163.33333	160.66667	161.66667	157.33333	150.0	149.66667	148.66667	146.0	139.0	134.0	131.66667	136.66667	133.0	130.33333	
34.666668	57.666668	104.0	127.333336	145.33333	145.0	145.33333	152.0	147.33333	140.0	138.33333	143.33333	154.33333	167.66667	175.33333	180.33333	184.0	182.33333	174.33333	170.0	162.66667	155.66667	149.33333	144.33333	139.0	134.33333	132.66667	148.33333	151.33333	150.0	143.66667	138.33333	135.33333	136.66667	130.66667	127.666664	
29.666666	53.666668	97.333336	121.0	146.0	150.66667	146.66667	149.33333	128.66667	114.0	114.333336	116.666664	127.0	143.0	154.66667	167.0	168.0	160.0	145.66667	137.33333	129.33333	124.333336	124.0	128.66667	127.0	123.666664	126.333336	151.66667	154.0	153.33333	147.33333	140.0	138.33333	138.33333	123.333336	121.333336	
29.666666	47.0	93.0	114.0	139.0	161.66667	158.0	156.0	121.0	102.666664	114.0	122.666664	115.333336	116.0	121.666664	128.33333	126.666664	126.333336	126.333336	135.66667	151.33333	160.66667	165.66667	171.0	157.33333	129.0	146.33333	164.66667	160.66667	157.0	144.66667	143.66667	146.33333	133.66667	114.666664	121.0	
33.666668	48.333332	78.333336	114.0	127.0	166.0	168.33333	167.33333	140.0	98.666664	116.666664	156.33333	162.66667	158.66667	157.33333	159.66667	163.66667	173.66667	178.66667	197.0	201.66667	189.33333	175.33333	153.33333	136.33333	151.0	174.33333	174.0	166.66667	159.0	143.33333	147.66667	144.0	127.0	113.333336	121.0	
38.0	59.0	61.0	105.666664	124.0	151.0	173.33333	173.66667	162.66667	123.666664	104.666664	123.666664	164.0	193.33333	206.33333	214.0	214.33333	218.33333	208.0	196.66667	174.33333	152.33333	136.0	134.66667	149.33333	171.33333	180.66667	174.66667	169.66667	158.0	143.33333	146.33333	133.66667	125.0	116.666664	116.0	
43.0	55.666668	43.666668	77.666664	118.666664	133.0	163.66667	171.0	165.66667	146.0	109.0	95.333336	118.0	143.0	170.66667	182.66667	180.66667	181.33333	164.33333	148.33333	136.33333	135.33333	140.33333	154.0	168.0	177.0	182.33333	177.33333	171.33333	152.33333	141.0	140.33333	128.66667	125.0	113.666664	109.0	
43.666668	52.666668	37.333332	47.0	99.666664	125.666664	146.66667	166.0	159.0	154.66667	132.0	103.333336	99.333336	112.0	127.0	134.66667	136.66667	141.66667	143.0	143.66667	134.33333	137.0	153.0	168.33333	173.66667	176.0	180.33333	177.33333	168.0	141.66667	137.0	132.33333	124.666664	111.333336	105.666664	103.666664	
41.666668	47.0	34.0	27.666666	63.333332	108.333336	130.33333	157.0	158.66667	151.0	148.0	128.66667	109.0	113.0	124.666664	132.33333	141.66667	155.0	156.0	142.33333	145.0	155.33333	166.33333	172.0	175.33333	177.0	177.0	178.0	163.33333	131.33333	134.66667	122.666664	115.666664	99.666664	98.0	96.0	
37.666668	31.333334	22.333334	21.0	30.333334	69.666664	110.666664	144.0	159.66667	150.66667	149.66667	142.66667	132.66667	128.66667	131.0	135.66667	144.0	157.33333	159.0	159.0	164.33333	167.0	168.0	171.0	174.66667	177.66667	178.33333	178.66667	152.66667	129.66667	132.0	117.666664	104.0	93.666664	91.333336	95.333336	
32.333332	28.0	21.333334	22.0	18.666666	31.666666	71.666664	117.333336	149.33333	154.66667	149.0	140.66667	142.66667	145.0	147.33333	150.33333	154.0	162.66667	167.33333	167.0	165.33333	162.0	164.66667	175.33333	178.0	176.33333	177.0	173.33333	137.66667	129.66667	119.333336	107.333336	93.333336	91.0	100.666664	110.666664	
27.666666	26.0	22.333334	19.333334	17.0	16.666666	32.333332	80.0	134.33333	154.66667	153.66667	143.66667	138.66667	144.0	148.0	152.0	156.0	164.33333	167.0	165.66667	166.0	166.66667	169.66667	179.0	179.0	178.0	174.66667	158.0	127.666664	125.333336	107.0	96.0	91.666664	102.333336	122.333336	125.0	
25.333334	25.0	25.0	18.666666	16.0	17.333334	19.666666	44.333332	106.666664	150.33333	158.33333	150.66667	144.33333	146.0	149.0	155.0	162.33333	172.66667	180.0	180.0	177.33333	174.66667	175.0	178.66667	176.66667	177.0	169.33333	138.33333	118.0	113.666664	97.333336	93.333336	107.333336	131.0	141.33333	130.0	
25.0	25.666666	23.666666	20.0	16.333334	17.333334	21.666666	28.0	80.333336	139.33333	157.0	153.66667	147.0	145.66667	153.0	162.0	171.0	183.33333	189.66667	185.66667	178.66667	175.66667	173.66667	175.33333	175.66667	176.66667	159.33333	119.666664	107.666664	101.666664	94.333336	108.666664	140.0	153.66667	146.66667	125.666664	
27.666666	27.0	22.0	19.666666	17.0	16.666666	19.666666	22.333334	66.0	121.0	149.66667	154.66667	145.0	145.33333	154.66667	164.0	172.0	184.66667	189.66667	182.33333	172.66667	169.0	169.33333	171.66667	172.66667	165.66667	135.33333	103.0	102.333336	102.333336	113.333336	139.66667	161.0	161.66667	142.0	115.0	
31.0	28.0	21.0	19.666666	18.0	15.666667	18.0	18.0	57.333332	110.666664	137.0	150.33333	141.0	145.0	157.0	167.66667	174.33333	183.66667	193.33333	189.33333	174.66667	164.66667	165.0	167.66667	163.0	142.66667	111.0	95.333336	104.0	121.666664	147.0	168.0	171.66667	157.33333	132.66667	109.0	
