52.0	61.0	76.0	100.0	130.0	151.0	167.0	180.0	192.0	202.0	209.0	210.0	212.0	215.0	218.0	219.0	219.0	220.0	224.0	221.0	219.0	214.0	210.0	213.0	217.0	214.0	213.0	215.0	210.0	204.0	198.0	183.0	167.0	157.0	125.0	73.0	
64.0	79.0	100.0	128.0	153.0	167.0	178.0	189.0	198.0	204.0	208.0	211.0	215.0	217.0	219.0	220.0	220.0	220.0	222.0	222.0	219.0	215.0	213.0	217.0	218.0	216.0	216.0	217.0	214.0	209.0	204.0	194.0	180.0	172.0	154.0	103.0	
73.0	93.0	122.0	153.0	170.0	173.0	185.0	197.0	202.0	205.0	207.0	213.0	218.0	221.0	222.0	223.0	225.0	225.0	224.0	223.0	220.0	219.0	218.0	216.0	217.0	217.0	217.0	216.0	214.0	211.0	207.0	198.0	188.0	177.0	169.0	135.0	
81.0	106.0	143.0	170.0	178.0	180.0	190.0	200.0	204.0	208.0	210.0	212.0	219.0	223.0	227.0	229.0	229.0	231.0	230.0	227.0	225.0	222.0	221.0	218.0	217.0	218.0	218.0	215.0	210.0	209.0	208.0	204.0	194.0	180.0	171.0	148.0	
91.0	121.0	159.0	177.0	185.0	190.0	196.0	201.0	205.0	212.0	216.0	215.0	219.0	224.0	229.0	233.0	232.0	232.0	229.0	226.0	226.0	226.0	223.0	220.0	219.0	218.0	217.0	214.0	207.0	208.0	210.0	206.0	198.0	185.0	169.0	148.0	
99.0	132.0	170.0	188.0	193.0	195.0	198.0	203.0	207.0	214.0	217.0	216.0	219.0	225.0	230.0	231.0	230.0	229.0	227.0	222.0	221.0	223.0	221.0	220.0	219.0	216.0	216.0	213.0	208.0	209.0	211.0	207.0	201.0	185.0	167.0	149.0	
109.0	144.0	177.0	193.0	199.0	198.0	199.0	203.0	208.0	212.0	213.0	213.0	216.0	222.0	226.0	228.0	227.0	225.0	225.0	221.0	218.0	219.0	220.0	218.0	219.0	217.0	215.0	212.0	212.0	211.0	208.0	206.0	201.0	186.0	171.0	153.0	
125.0	153.0	175.0	190.0	198.0	200.0	202.0	207.0	208.0	208.0	208.0	210.0	213.0	217.0	221.0	224.0	225.0	224.0	223.0	219.0	217.0	218.0	218.0	216.0	216.0	214.0	214.0	212.0	213.0	210.0	208.0	206.0	202.0	188.0	171.0	153.0	
125.0	151.0	171.0	186.0	196.0	204.0	206.0	209.0	209.0	209.0	211.0	213.0	214.0	215.0	218.0	220.0	221.0	222.0	221.0	221.0	218.0	216.0	216.0	216.0	215.0	214.0	216.0	214.0	210.0	210.0	208.0	209.0	203.0	188.0	170.0	152.0	
128.0	150.0	171.0	182.0	193.0	204.0	210.0	213.0	213.0	213.0	216.0	218.0	218.0	218.0	220.0	220.0	220.0	222.0	224.0	226.0	221.0	216.0	215.0	216.0	218.0	218.0	218.0	215.0	210.0	209.0	208.0	204.0	197.0	185.0	166.0	150.0	
124.0	144.0	168.0	175.0	183.0	201.0	212.0	213.0	212.0	210.0	213.0	220.0	222.0	227.0	227.0	225.0	224.0	224.0	225.0	226.0	222.0	216.0	213.0	218.0	224.0	224.0	222.0	214.0	203.0	188.0	173.0	159.0	160.0	165.0	157.0	147.0	
118.0	144.0	163.0	171.0	178.0	201.0	205.0	192.0	183.0	184.0	191.0	205.0	218.0	231.0	236.0	233.0	228.0	223.0	223.0	222.0	217.0	214.0	213.0	221.0	230.0	219.0	199.0	177.0	151.0	131.0	116.0	115.0	116.0	118.0	131.0	139.0	
122.0	143.0	158.0	168.0	176.0	184.0	165.0	141.0	137.0	140.0	137.0	148.0	164.0	183.0	201.0	215.0	223.0	220.0	218.0	216.0	213.0	210.0	212.0	218.0	214.0	175.0	129.0	108.0	100.0	109.0	126.0	149.0	149.0	126.0	107.0	120.0	
117.0	138.0	155.0	163.0	158.0	138.0	127.0	135.0	145.0	142.0	118.0	102.0	99.0	103.0	114.0	150.0	197.0	213.0	212.0	211.0	209.0	207.0	209.0	210.0	185.0	141.0	115.0	114.0	131.0	154.0	171.0	181.0	179.0	162.0	126.0	106.0	
112.0	140.0	151.0	148.0	124.0	123.0	154.0	185.0	195.0	192.0	174.0	150.0	131.0	118.0	112.0	128.0	171.0	200.0	207.0	212.0	211.0	209.0	207.0	201.0	174.0	152.0	141.0	137.0	141.0	141.0	141.0	145.0	148.0	150.0	135.0	108.0	
109.0	138.0	148.0	130.0	117.0	152.0	179.0	188.0	183.0	167.0	149.0	133.0	124.0	119.0	128.0	144.0	162.0	187.0	201.0	215.0	215.0	212.0	204.0	190.0	171.0	155.0	143.0	140.0	130.0	112.0	86.0	75.0	75.0	100.0	115.0	115.0	
114.0	141.0	141.0	125.0	136.0	154.0	159.0	147.0	117.0	100.0	115.0	131.0	102.0	83.0	88.0	116.0	145.0	169.0	197.0	218.0	220.0	215.0	199.0	179.0	162.0	153.0	149.0	143.0	157.0	162.0	99.0	51.0	51.0	61.0	93.0	119.0	
129.0	148.0	142.0	138.0	142.0	137.0	132.0	94.0	82.0	132.0	194.0	209.0	135.0	79.0	76.0	105.0	134.0	153.0	183.0	213.0	223.0	213.0	190.0	171.0	163.0	154.0	149.0	190.0	232.0	234.0	129.0	63.0	73.0	71.0	97.0	131.0	
147.0	156.0	148.0	154.0	144.0	124.0	100.0	69.0	111.0	189.0	224.0	210.0	130.0	85.0	92.0	120.0	150.0	146.0	166.0	201.0	219.0	207.0	183.0	176.0	178.0	156.0	161.0	197.0	217.0	211.0	145.0	101.0	107.0	117.0	139.0	157.0	
156.0	160.0	161.0	178.0	165.0	139.0	125.0	108.0	127.0	161.0	183.0	192.0	152.0	135.0	139.0	158.0	176.0	154.0	160.0	191.0	212.0	204.0	181.0	188.0	203.0	197.0	190.0	190.0	197.0	194.0	180.0	160.0	156.0	168.0	180.0	174.0	
158.0	162.0	175.0	199.0	197.0	191.0	189.0	164.0	158.0	172.0	184.0	192.0	183.0	177.0	181.0	198.0	193.0	163.0	157.0	184.0	207.0	201.0	181.0	187.0	207.0	208.0	203.0	201.0	202.0	201.0	198.0	192.0	194.0	199.0	198.0	184.0	
159.0	162.0	178.0	203.0	211.0	216.0	218.0	206.0	195.0	191.0	190.0	195.0	195.0	196.0	201.0	205.0	188.0	164.0	160.0	186.0	205.0	201.0	182.0	181.0	202.0	213.0	214.0	211.0	209.0	205.0	203.0	204.0	206.0	206.0	200.0	185.0	
160.0	164.0	180.0	200.0	212.0	220.0	223.0	222.0	219.0	213.0	210.0	209.0	208.0	210.0	213.0	204.0	184.0	167.0	164.0	183.0	202.0	201.0	186.0	178.0	194.0	216.0	225.0	221.0	217.0	210.0	208.0	210.0	211.0	207.0	197.0	184.0	
156.0	161.0	178.0	195.0	208.0	218.0	220.0	221.0	220.0	217.0	216.0	214.0	213.0	218.0	219.0	203.0	183.0	169.0	164.0	180.0	199.0	200.0	189.0	178.0	187.0	209.0	226.0	227.0	224.0	219.0	214.0	212.0	210.0	204.0	193.0	181.0	
148.0	153.0	175.0	192.0	204.0	210.0	215.0	219.0	221.0	223.0	223.0	220.0	219.0	221.0	215.0	198.0	179.0	161.0	159.0	178.0	201.0	205.0	194.0	179.0	184.0	203.0	222.0	227.0	225.0	224.0	217.0	213.0	206.0	202.0	193.0	180.0	
135.0	142.0	170.0	188.0	200.0	207.0	213.0	216.0	222.0	225.0	224.0	220.0	220.0	218.0	211.0	198.0	175.0	149.0	154.0	176.0	199.0	207.0	197.0	181.0	182.0	203.0	218.0	222.0	222.0	222.0	216.0	213.0	205.0	201.0	195.0	182.0	
121.0	131.0	166.0	183.0	196.0	203.0	212.0	217.0	221.0	222.0	224.0	221.0	219.0	219.0	212.0	194.0	169.0	152.0	160.0	175.0	205.0	219.0	206.0	184.0	182.0	201.0	216.0	220.0	221.0	216.0	213.0	213.0	206.0	201.0	195.0	178.0	
111.0	116.0	160.0	181.0	194.0	204.0	214.0	220.0	221.0	222.0	224.0	224.0	220.0	216.0	205.0	172.0	161.0	164.0	165.0	170.0	199.0	214.0	200.0	175.0	172.0	186.0	207.0	214.0	215.0	213.0	213.0	209.0	204.0	199.0	191.0	172.0	
99.0	105.0	150.0	174.0	190.0	202.0	211.0	217.0	220.0	223.0	225.0	222.0	215.0	211.0	195.0	149.0	151.0	146.0	126.0	142.0	174.0	182.0	167.0	136.0	146.0	171.0	195.0	210.0	209.0	212.0	210.0	204.0	201.0	196.0	186.0	165.0	
92.0	107.0	144.0	168.0	182.0	198.0	207.0	212.0	216.0	220.0	222.0	219.0	212.0	212.0	197.0	144.0	135.0	138.0	108.0	109.0	156.0	170.0	156.0	141.0	157.0	169.0	195.0	209.0	209.0	209.0	204.0	198.0	197.0	191.0	179.0	159.0	
97.0	113.0	143.0	162.0	174.0	191.0	202.0	208.0	210.0	215.0	219.0	218.0	211.0	208.0	198.0	176.0	159.0	162.0	161.0	139.0	137.0	151.0	165.0	172.0	175.0	185.0	198.0	208.0	206.0	200.0	199.0	195.0	192.0	185.0	171.0	154.0	
113.0	120.0	142.0	156.0	168.0	185.0	200.0	207.0	207.0	207.0	212.0	211.0	207.0	204.0	196.0	190.0	187.0	184.0	185.0	178.0	167.0	173.0	183.0	185.0	188.0	195.0	199.0	204.0	203.0	193.0	189.0	190.0	185.0	179.0	166.0	153.0	
103.0	117.0	145.0	155.0	165.0	181.0	198.0	205.0	204.0	203.0	206.0	207.0	203.0	198.0	194.0	195.0	197.0	199.0	203.0	203.0	202.0	204.0	206.0	203.0	204.0	202.0	200.0	200.0	198.0	193.0	188.0	185.0	187.0	179.0	167.0	157.0	
71.0	107.0	146.0	160.0	166.0	182.0	198.0	204.0	201.0	201.0	201.0	203.0	198.0	192.0	192.0	195.0	196.0	194.0	192.0	197.0	202.0	200.0	192.0	184.0	183.0	187.0	191.0	193.0	190.0	186.0	186.0	187.0	186.0	181.0	170.0	157.0	
34.0	94.0	144.0	161.0	168.0	180.0	198.0	205.0	199.0	196.0	194.0	192.0	182.0	170.0	164.0	155.0	143.0	136.0	135.0	146.0	159.0	155.0	140.0	129.0	126.0	127.0	129.0	135.0	144.0	170.0	187.0	193.0	192.0	182.0	168.0	154.0	
22.0	77.0	141.0	164.0	172.0	179.0	197.0	209.0	203.0	197.0	190.0	162.0	116.0	96.0	94.0	97.0	100.0	105.0	105.0	111.0	117.0	116.0	125.0	126.0	129.0	123.0	97.0	76.0	105.0	174.0	198.0	200.0	192.0	181.0	166.0	152.0	
18.0	65.0	136.0	164.0	173.0	178.0	191.0	207.0	208.0	207.0	202.0	168.0	105.0	75.0	90.0	119.0	148.0	170.0	175.0	191.0	192.0	186.0	201.0	194.0	184.0	158.0	118.0	98.0	147.0	198.0	204.0	200.0	187.0	178.0	166.0	149.0	
16.0	53.0	128.0	163.0	175.0	182.0	184.0	198.0	203.0	208.0	215.0	205.0	166.0	116.0	101.0	98.0	115.0	159.0	174.0	204.0	210.0	204.0	206.0	171.0	134.0	113.0	108.0	132.0	180.0	201.0	203.0	196.0	185.0	175.0	163.0	143.0	
15.0	38.0	111.0	155.0	171.0	183.0	184.0	191.0	197.0	194.0	208.0	213.0	194.0	154.0	114.0	98.0	98.0	108.0	117.0	139.0	143.0	134.0	132.0	124.0	110.0	108.0	118.0	158.0	190.0	198.0	200.0	192.0	181.0	169.0	158.0	134.0	
16.0	24.0	81.0	141.0	165.0	179.0	186.0	188.0	196.0	191.0	195.0	207.0	196.0	177.0	142.0	111.0	100.0	107.0	126.0	156.0	162.0	153.0	147.0	130.0	116.0	115.0	141.0	177.0	191.0	195.0	193.0	185.0	173.0	164.0	149.0	123.0	
16.0	13.0	47.0	114.0	154.0	172.0	180.0	181.0	188.0	196.0	187.0	190.0	191.0	183.0	169.0	145.0	122.0	112.0	121.0	139.0	151.0	149.0	140.0	132.0	136.0	154.0	176.0	188.0	191.0	191.0	184.0	177.0	169.0	161.0	140.0	114.0	
20.0	8.0	22.0	77.0	135.0	162.0	173.0	176.0	178.0	187.0	186.0	176.0	180.0	182.0	177.0	169.0	163.0	157.0	155.0	157.0	161.0	167.0	171.0	174.0	179.0	182.0	186.0	188.0	187.0	185.0	179.0	172.0	168.0	155.0	127.0	100.0	
24.0	11.0	11.0	40.0	98.0	140.0	159.0	168.0	171.0	176.0	182.0	174.0	170.0	175.0	179.0	179.0	176.0	178.0	184.0	190.0	194.0	196.0	200.0	198.0	194.0	191.0	193.0	190.0	183.0	178.0	172.0	167.0	161.0	138.0	105.0	84.0	
32.0	11.0	7.0	17.0	55.0	103.0	137.0	154.0	165.0	172.0	174.0	173.0	167.0	168.0	176.0	184.0	187.0	188.0	194.0	201.0	204.0	204.0	204.0	202.0	200.0	199.0	198.0	188.0	178.0	171.0	162.0	159.0	145.0	112.0	71.0	60.0	
49.0	15.0	8.0	8.0	25.0	56.0	95.0	123.0	145.0	160.0	164.0	165.0	160.0	161.0	170.0	184.0	189.0	189.0	194.0	197.0	198.0	199.0	198.0	197.0	195.0	194.0	193.0	181.0	167.0	159.0	153.0	144.0	123.0	105.0	60.0	40.0	
56.0	22.0	9.0	5.0	14.0	28.0	48.0	77.0	110.0	137.0	149.0	151.0	149.0	152.0	162.0	176.0	185.0	186.0	189.0	194.0	198.0	200.0	200.0	196.0	191.0	190.0	186.0	171.0	157.0	145.0	136.0	119.0	112.0	129.0	76.0	35.0	
36.0	19.0	8.0	5.0	8.0	21.0	27.0	37.0	60.0	94.0	121.0	135.0	132.0	134.0	148.0	164.0	177.0	187.0	191.0	197.0	203.0	201.0	200.0	197.0	192.0	186.0	174.0	156.0	138.0	122.0	113.0	111.0	124.0	159.0	106.0	49.0	
32.0	29.0	14.0	5.0	6.0	24.0	34.0	27.0	32.0	51.0	77.0	101.0	109.0	112.0	127.0	145.0	161.0	179.0	190.0	197.0	198.0	193.0	194.0	194.0	188.0	175.0	156.0	135.0	113.0	112.0	137.0	135.0	142.0	172.0	133.0	88.0	
27.0	29.0	17.0	6.0	5.0	34.0	73.0	56.0	35.0	37.0	45.0	64.0	79.0	88.0	95.0	113.0	136.0	158.0	173.0	185.0	188.0	187.0	185.0	179.0	167.0	150.0	124.0	101.0	123.0	164.0	164.0	139.0	155.0	176.0	154.0	115.0	
