205.66667	192.66667	181.0	174.33333	173.66667	169.66667	160.33333	148.33333	140.33333	134.33333	131.66667	133.0	134.0	134.66667	134.0	135.0	134.33333	133.66667	135.33333	136.66667	137.0	141.33333	145.66667	155.0	172.33333	183.33333	202.0	174.66667	78.0	40.0	43.333332	49.333332	44.0	33.666668	23.666666	18.333334	
182.66667	180.0	172.0	166.33333	166.66667	159.33333	146.0	133.66667	127.333336	126.666664	127.0	128.0	129.0	130.0	130.33333	130.66667	130.33333	131.33333	132.0	131.33333	131.33333	135.33333	138.66667	145.66667	154.66667	163.66667	184.33333	196.66667	134.66667	51.333332	36.666668	45.333332	51.333332	54.0	47.0	36.0	
177.0	172.0	162.33333	158.66667	159.33333	145.0	129.33333	120.666664	118.333336	120.666664	122.0	120.333336	120.666664	123.666664	125.0	126.666664	127.333336	130.66667	129.66667	127.0	128.0	132.66667	133.66667	136.66667	140.0	145.0	161.66667	183.66667	179.0	92.666664	37.666668	36.666668	41.0	50.333332	58.0	57.333332	
173.66667	162.0	155.66667	157.0	149.0	128.33333	117.0	111.0	109.0	111.0	112.333336	113.666664	117.333336	121.333336	123.666664	126.333336	126.666664	128.0	127.333336	122.333336	125.666664	132.66667	136.0	136.66667	136.33333	135.33333	145.33333	157.33333	177.66667	140.0	59.333332	30.0	31.0	35.0	42.0	46.333332	
166.33333	154.33333	146.33333	145.33333	132.0	116.666664	110.333336	108.666664	104.666664	106.333336	110.333336	114.666664	118.666664	122.666664	123.666664	124.666664	125.333336	122.666664	121.666664	118.333336	122.0	130.33333	137.66667	141.66667	139.0	136.66667	144.33333	148.66667	165.33333	157.66667	95.0	35.333332	30.333334	31.0	36.0	37.0	
160.0	151.33333	137.33333	125.666664	115.333336	107.333336	104.0	104.333336	107.333336	111.333336	116.333336	121.333336	122.666664	119.333336	119.0	120.333336	120.333336	119.333336	119.666664	118.0	122.0	128.33333	134.0	141.0	145.0	147.66667	148.0	145.33333	159.66667	159.0	118.666664	48.333332	25.333334	27.666666	29.666666	30.333334	
147.66667	137.33333	124.333336	114.666664	110.666664	107.0	105.0	105.0	111.0	117.0	120.333336	124.666664	126.0	122.333336	121.0	121.0	119.666664	119.0	120.333336	120.0	123.666664	127.666664	128.33333	137.66667	146.66667	153.0	152.33333	153.66667	158.66667	157.0	128.66667	63.333332	24.666666	27.0	26.333334	28.666666	
137.0	131.0	121.666664	112.666664	112.333336	111.666664	114.666664	113.666664	115.666664	119.333336	120.666664	124.666664	127.666664	125.666664	124.666664	124.0	122.333336	118.666664	119.666664	119.0	122.333336	124.666664	122.333336	130.33333	137.66667	150.0	152.33333	160.66667	166.33333	168.0	141.0	82.0	29.666666	25.666666	24.0	24.666666	
129.33333	128.0	117.333336	115.0	118.0	121.333336	126.333336	124.666664	121.666664	121.333336	121.0	122.0	121.666664	119.333336	119.666664	120.0	120.666664	119.333336	120.0	117.333336	117.0	119.0	116.0	123.333336	128.0	136.0	139.0	150.66667	164.0	175.0	157.66667	102.0	38.0	23.666666	23.666666	24.666666	
129.0	130.0	122.333336	127.0	131.0	133.0	133.33333	130.66667	126.666664	122.0	117.666664	114.666664	112.666664	110.666664	110.0	108.666664	108.0	114.333336	119.666664	117.0	114.666664	112.333336	101.666664	108.666664	117.0	124.666664	125.0	132.33333	147.33333	165.0	162.33333	121.333336	50.0	23.0	23.0	23.666666	
133.0	134.0	137.0	143.0	144.0	140.66667	129.66667	126.666664	126.333336	120.0	112.666664	106.666664	105.333336	107.0	101.333336	95.0	92.0	100.0	109.666664	111.666664	113.0	106.333336	85.333336	85.666664	95.333336	104.666664	105.666664	109.333336	124.333336	148.0	165.33333	141.66667	67.666664	23.0	22.333334	23.333334	
138.0	142.33333	151.0	153.66667	149.33333	139.33333	129.0	123.666664	119.0	111.666664	102.666664	95.666664	92.333336	87.0	80.333336	74.333336	74.0	78.0	87.666664	101.666664	104.666664	93.0	71.666664	57.333332	57.333332	58.666668	58.666668	63.333332	76.666664	101.666664	142.33333	148.66667	89.333336	26.333334	21.333334	22.666666	
135.66667	150.33333	160.66667	156.0	144.66667	131.0	121.0	111.0	100.333336	85.666664	68.666664	57.333332	51.333332	44.0	41.0	43.0	48.0	51.0	67.666664	95.333336	94.0	67.333336	43.666668	29.0	20.666666	16.666666	21.0	28.666666	37.666668	50.0	82.666664	114.666664	96.333336	31.0	20.333334	22.666666	
145.0	164.66667	172.33333	154.33333	134.0	116.0	101.666664	86.333336	69.333336	52.333332	35.333332	26.666666	23.0	18.333334	17.0	21.0	28.333334	43.333332	70.0	90.0	92.0	66.0	29.333334	16.0	11.0	11.666667	17.666666	26.666666	34.333332	43.666668	50.666668	68.0	85.0	41.0	22.666666	23.333334	
160.33333	167.66667	157.66667	128.33333	101.666664	83.333336	66.666664	51.333332	38.333332	31.333334	25.333334	21.666666	18.666666	14.666667	14.333333	18.333334	24.333334	41.0	69.0	79.666664	86.333336	75.333336	32.0	15.666667	13.333333	21.666666	32.666668	40.0	43.0	46.333332	53.333332	59.666668	74.666664	48.666668	25.333334	24.0	
163.66667	152.33333	123.666664	87.0	61.666668	53.666668	49.333332	45.333332	39.0	38.0	36.666668	27.666666	22.333334	18.666666	20.333334	23.666666	33.666668	47.333332	70.0	87.333336	97.333336	86.666664	38.0	21.333334	14.333333	19.666666	26.333334	35.333332	41.666668	47.666668	43.666668	55.0	70.0	56.666668	26.0	23.333334	
142.33333	121.333336	85.666664	58.333332	50.666668	48.0	43.333332	45.0	50.0	47.666668	41.333332	34.333332	26.666666	27.333334	25.666666	24.0	38.666668	57.333332	79.666664	99.666664	112.666664	108.666664	53.0	27.0	17.0	13.333333	14.333333	24.333334	35.0	37.0	39.333332	48.0	71.0	68.0	28.666666	23.333334	
123.333336	95.0	67.666664	51.333332	41.333332	36.0	33.333332	31.666666	26.333334	19.0	23.333334	48.666668	35.666668	28.666666	29.666666	34.666668	50.0	68.333336	93.0	114.666664	124.0	125.666664	80.333336	39.666668	34.0	23.666666	22.0	42.666668	58.333332	55.0	59.0	63.333332	81.666664	80.666664	35.666668	25.0	
114.0	88.0	64.666664	47.333332	35.0	25.333334	23.0	22.0	16.0	16.333334	32.666668	63.666668	49.666668	41.0	42.666668	53.333332	69.0	86.333336	108.333336	125.0	131.33333	137.33333	117.333336	75.0	52.333332	44.666668	44.666668	55.666668	67.333336	86.0	104.0	105.0	110.333336	102.666664	45.0	26.333334	
104.333336	81.333336	65.0	52.666668	50.0	42.333332	44.666668	47.0	40.0	35.666668	45.0	56.666668	55.333332	53.333332	58.666668	73.666664	89.0	107.333336	122.666664	131.66667	138.0	144.33333	140.66667	116.0	81.333336	66.0	65.333336	73.666664	87.0	110.333336	129.0	132.0	136.33333	127.666664	58.0	25.0	
109.666664	93.333336	83.333336	77.333336	74.333336	74.0	72.0	62.333332	57.666668	56.666668	58.333332	60.666668	61.0	63.333332	77.666664	94.333336	109.333336	121.333336	127.333336	132.0	141.33333	146.0	151.33333	142.66667	121.666664	98.333336	86.333336	90.666664	105.666664	126.0	140.66667	144.0	151.0	148.0	75.666664	24.0	
112.666664	108.666664	108.333336	104.0	97.333336	97.0	93.333336	84.666664	80.333336	78.0	77.666664	76.333336	73.333336	84.666664	101.333336	112.0	120.333336	124.0	126.333336	145.33333	154.33333	148.0	149.66667	155.33333	145.0	136.66667	120.333336	105.0	107.333336	121.0	139.0	147.33333	157.0	158.0	92.333336	28.666666	
126.333336	127.666664	127.666664	120.0	115.666664	115.666664	113.666664	110.333336	104.666664	96.333336	85.0	78.333336	92.333336	112.333336	120.0	119.333336	119.333336	122.0	134.33333	158.0	167.0	157.0	141.66667	153.33333	154.66667	146.33333	141.0	129.66667	123.333336	117.666664	121.666664	133.33333	146.0	154.66667	111.0	36.666668	
135.0	136.66667	138.0	132.0	126.333336	123.666664	122.0	119.666664	112.0	97.666664	93.333336	102.0	117.333336	119.0	111.0	104.333336	111.0	120.0	137.66667	159.66667	169.66667	158.0	135.33333	138.66667	159.66667	158.33333	151.66667	140.0	136.66667	127.666664	115.333336	118.333336	125.333336	137.33333	118.333336	42.333332	
140.66667	139.33333	136.66667	132.66667	124.666664	122.0	117.666664	113.0	107.666664	99.666664	106.666664	119.666664	121.0	109.666664	92.333336	99.0	122.333336	136.0	142.33333	158.0	163.66667	145.0	122.666664	118.666664	138.33333	151.0	151.0	137.0	135.0	132.0	118.666664	115.333336	116.0	123.0	116.333336	47.0	
139.33333	137.66667	127.0	122.333336	112.666664	110.0	104.666664	100.0	101.0	109.666664	123.333336	125.666664	118.0	96.666664	83.333336	116.0	138.66667	128.66667	113.0	112.333336	112.333336	101.333336	90.0	85.666664	85.333336	84.0	95.666664	113.666664	125.0	130.0	121.333336	116.666664	116.666664	119.333336	113.0	49.666668	
131.33333	130.33333	120.333336	112.333336	102.0	99.333336	96.0	96.0	103.333336	117.333336	130.0	122.333336	105.333336	86.0	80.0	103.333336	101.333336	67.666664	43.666668	41.0	48.666668	54.0	55.333332	53.333332	46.0	38.0	63.333332	102.0	112.333336	119.666664	119.0	116.333336	116.333336	117.0	109.666664	51.666668	
114.0	118.333336	112.333336	106.333336	96.666664	95.0	95.666664	100.333336	109.666664	120.0	124.0	111.333336	92.0	78.666664	79.666664	81.333336	63.666668	38.333332	28.666666	29.0	33.666668	37.0	43.666668	52.333332	57.666668	57.666668	85.666664	111.333336	107.0	112.666664	116.666664	114.0	112.333336	112.333336	105.666664	54.666668	
101.666664	106.333336	100.666664	95.333336	91.0	91.666664	94.666664	103.666664	112.666664	113.666664	108.333336	94.333336	83.0	82.333336	87.0	85.333336	64.666664	51.333332	56.666668	63.666668	60.0	51.666668	57.0	77.333336	96.666664	104.0	125.666664	130.33333	112.666664	111.0	115.333336	111.333336	108.333336	108.0	103.666664	56.666668	
101.0	102.0	95.666664	94.666664	92.666664	88.333336	93.666664	104.666664	108.666664	106.333336	99.333336	89.333336	84.0	87.333336	98.333336	102.666664	96.0	87.666664	86.0	87.666664	84.333336	77.666664	77.0	89.666664	113.0	125.333336	137.66667	142.33333	131.66667	120.666664	116.333336	115.666664	112.333336	106.333336	101.333336	55.666668	
104.666664	98.333336	97.0	94.333336	88.333336	86.333336	94.333336	104.333336	107.666664	105.0	99.0	92.0	89.333336	97.0	113.0	120.666664	116.666664	111.666664	104.666664	99.666664	95.333336	87.666664	83.333336	93.0	112.333336	127.0	140.0	151.33333	150.33333	133.66667	120.0	122.0	118.666664	107.0	97.666664	52.0	
108.333336	97.666664	98.0	91.333336	80.666664	84.0	99.0	109.0	106.333336	99.666664	97.666664	95.666664	97.666664	110.0	119.333336	123.666664	121.333336	121.666664	117.666664	110.666664	101.333336	90.0	89.0	91.0	99.0	111.666664	131.0	151.0	154.0	142.66667	130.33333	125.0	118.333336	109.666664	97.333336	48.0	
110.666664	100.333336	96.333336	89.333336	82.666664	88.666664	104.0	110.333336	103.333336	99.0	101.666664	105.0	109.666664	117.333336	116.666664	119.333336	122.333336	123.0	108.666664	92.0	79.0	69.666664	68.666664	68.0	72.0	84.333336	99.666664	118.0	135.66667	132.0	129.33333	128.0	121.333336	112.0	95.666664	45.0	
109.333336	101.0	92.0	85.0	85.666664	92.333336	103.666664	107.0	103.0	103.666664	105.666664	109.0	116.0	114.0	104.0	113.333336	121.0	105.666664	81.333336	65.0	55.666668	49.666668	48.666668	48.0	49.666668	54.666668	63.0	76.666664	105.0	118.0	124.333336	130.33333	124.333336	111.666664	97.0	65.333336	
109.333336	99.333336	90.666664	84.666664	88.0	94.333336	102.0	106.0	105.0	106.333336	107.0	107.333336	112.333336	104.0	97.0	107.333336	94.666664	70.333336	52.0	35.333332	34.333332	45.0	45.333332	48.333332	49.0	29.666666	27.0	44.333332	66.333336	97.0	121.666664	133.0	127.666664	108.0	100.333336	104.0	
106.333336	97.0	91.0	86.666664	90.666664	95.666664	100.666664	104.0	104.666664	107.0	108.333336	105.333336	105.666664	96.0	88.666664	77.333336	54.666668	36.666668	29.666666	17.333334	23.333334	42.0	47.333332	49.666668	50.0	37.333332	23.0	22.666666	40.333332	72.0	110.666664	129.0	126.333336	103.333336	98.666664	83.0	
99.0	92.0	88.333336	85.333336	90.666664	93.666664	95.666664	99.333336	102.666664	107.666664	108.0	103.333336	100.666664	93.0	77.0	50.0	34.666668	30.0	34.333332	36.666668	43.0	54.0	62.333332	66.333336	68.666664	71.666664	69.333336	65.0	72.666664	83.666664	101.666664	119.666664	121.666664	103.0	119.0	105.0	
92.666664	86.666664	84.333336	81.666664	88.333336	91.0	91.0	93.666664	99.333336	106.333336	107.666664	101.333336	95.666664	88.333336	71.333336	55.666668	51.0	53.333332	60.666668	69.333336	72.666664	74.333336	80.666664	87.333336	91.333336	95.0	102.333336	104.666664	106.666664	106.333336	102.666664	108.0	111.0	105.0	114.666664	118.666664	
84.666664	80.0	78.666664	76.333336	82.333336	85.0	85.0	85.666664	90.0	98.333336	103.666664	100.333336	91.666664	84.333336	77.666664	77.666664	85.0	85.333336	82.0	79.666664	77.0	78.333336	84.333336	84.0	85.0	88.0	91.666664	96.0	102.0	106.0	103.0	99.666664	100.333336	116.0	123.333336	122.666664	
78.0	71.666664	71.0	70.666664	74.333336	75.666664	77.333336	79.666664	83.666664	91.333336	95.666664	94.666664	88.0	80.666664	79.333336	84.0	92.333336	90.666664	85.333336	78.333336	71.666664	68.333336	63.0	53.666668	50.0	54.666668	69.333336	80.0	90.0	96.666664	93.333336	97.0	103.333336	138.33333	164.66667	164.0	
74.666664	66.0	62.333332	63.666668	68.0	69.333336	74.0	78.666664	83.333336	88.0	88.333336	84.333336	79.333336	78.0	80.0	79.333336	79.0	80.666664	77.333336	68.333336	59.0	54.0	49.333332	43.666668	40.666668	42.0	50.333332	61.0	71.0	74.333336	76.666664	86.333336	116.333336	190.0	226.33333	226.0	
72.666664	60.333332	53.333332	53.0	59.0	64.0	70.333336	76.0	80.666664	82.666664	82.333336	78.666664	76.0	74.666664	74.666664	72.0	65.666664	67.666664	68.333336	62.333332	56.666668	53.666668	50.333332	51.333332	54.0	53.333332	55.333332	62.0	69.333336	70.0	71.666664	86.333336	125.0	187.0	204.33333	201.0	
73.0	58.333332	48.666668	44.0	48.666668	57.333332	64.666664	71.0	76.333336	79.333336	79.333336	77.0	75.666664	72.333336	68.666664	65.666664	63.0	64.0	66.333336	65.0	66.0	67.666664	65.0	68.333336	70.666664	70.666664	72.333336	75.333336	78.666664	82.333336	83.333336	86.0	99.0	146.66667	156.66667	145.0	
80.666664	65.0	51.666668	42.0	41.333332	47.333332	55.666668	64.666664	68.666664	69.666664	72.0	75.0	76.666664	72.333336	70.0	68.666664	69.0	72.333336	74.666664	74.666664	75.333336	80.666664	83.0	87.0	88.333336	88.333336	91.0	92.0	95.0	97.0	93.0	86.0	97.333336	119.0	128.0	139.0	
89.333336	75.333336	61.666668	48.666668	41.0	41.333332	46.0	53.333332	58.666668	62.0	67.666664	75.0	78.666664	74.666664	73.333336	76.333336	80.666664	84.0	85.333336	85.0	85.666664	91.333336	94.333336	98.333336	100.666664	100.0	102.666664	101.333336	100.666664	99.666664	95.333336	111.333336	130.33333	82.666664	76.333336	108.0	
93.666664	84.0	74.0	61.333332	49.333332	42.666668	41.333332	43.333332	48.0	52.666668	56.666668	63.0	67.0	68.333336	70.333336	75.666664	82.333336	84.666664	86.666664	86.333336	87.666664	92.333336	95.666664	99.0	102.0	101.0	98.666664	96.333336	92.666664	90.666664	95.333336	147.33333	145.0	83.666664	69.0	87.333336	
93.333336	87.666664	79.333336	69.333336	58.666668	49.666668	44.333332	41.666668	40.333332	40.666668	42.0	46.0	50.666668	53.0	55.333332	58.666668	68.333336	77.0	78.333336	77.0	77.333336	80.0	82.333336	86.0	90.333336	91.666664	88.0	81.333336	75.666664	76.333336	105.0	160.0	160.66667	140.33333	114.0	113.0	
89.333336	84.333336	75.666664	69.333336	62.333332	57.666668	53.333332	49.0	44.0	38.666668	33.666668	36.0	39.333332	41.0	43.0	44.333332	52.333332	61.0	61.666668	60.0	57.333332	56.333332	59.333332	62.333332	67.0	70.0	67.333336	59.666668	54.666668	67.0	104.0	135.66667	145.66667	157.0	142.66667	115.333336	
87.666664	80.666664	71.666664	66.0	63.666668	61.333332	57.666668	54.333332	50.333332	43.666668	36.0	33.333332	34.0	35.0	36.0	33.0	35.333332	40.333332	41.666668	41.333332	35.333332	31.333334	34.666668	37.666668	40.666668	42.666668	40.333332	39.666668	46.333332	73.0	100.666664	87.666664	74.666664	87.0	100.0	105.0	
