80.333336	104.666664	121.333336	126.666664	130.66667	140.33333	147.33333	151.66667	159.66667	165.66667	163.0	170.0	191.33333	201.0	201.33333	194.66667	184.0	172.33333	188.33333	200.33333	208.0	211.33333	212.33333	217.0	214.33333	212.33333	214.66667	225.33333	234.0	228.66667	220.66667	212.66667	158.33333	121.0	123.333336	33.0	
80.0	98.666664	115.0	122.666664	130.33333	140.0	148.66667	154.66667	158.66667	165.66667	171.0	176.0	187.0	199.0	209.66667	213.66667	206.66667	203.33333	209.33333	215.66667	216.33333	214.66667	217.66667	220.33333	217.33333	217.33333	223.33333	230.66667	232.33333	224.33333	218.33333	213.66667	175.33333	113.333336	101.666664	29.666666	
76.666664	92.0	110.0	120.666664	129.0	137.0	148.0	156.33333	160.33333	165.0	172.66667	174.33333	181.0	192.0	206.0	214.66667	215.33333	216.66667	215.66667	213.66667	213.0	214.66667	219.0	221.0	222.66667	225.66667	229.33333	231.33333	229.0	222.0	217.66667	213.66667	188.0	114.333336	68.0	18.0	
76.0	91.333336	108.666664	118.666664	127.333336	136.33333	148.0	156.33333	159.33333	163.33333	170.33333	172.33333	179.66667	190.0	201.33333	210.33333	214.66667	215.66667	214.33333	215.33333	215.0	212.66667	214.66667	219.33333	222.0	225.0	227.66667	228.66667	225.33333	217.66667	213.33333	211.66667	195.66667	126.333336	52.666668	12.666667	
71.666664	90.0	106.666664	115.0	126.666664	134.33333	146.66667	155.0	158.33333	162.0	168.0	171.66667	179.0	189.66667	199.33333	205.66667	211.33333	211.33333	210.33333	214.66667	217.0	212.66667	210.0	217.0	220.0	222.66667	223.33333	222.33333	220.0	214.33333	210.0	207.33333	194.0	120.333336	43.0	8.666667	
67.666664	90.333336	104.0	116.333336	127.333336	134.0	146.66667	151.66667	153.33333	157.66667	165.0	171.0	177.66667	188.0	195.33333	206.33333	214.33333	212.33333	209.66667	214.66667	218.0	216.0	212.66667	214.66667	218.0	218.33333	217.33333	214.33333	211.66667	207.66667	206.0	205.0	194.66667	123.666664	38.0	6.6666665	
66.0	87.0	104.666664	117.333336	128.0	132.33333	145.66667	149.66667	148.0	153.0	160.66667	167.66667	174.66667	185.33333	192.66667	203.0	211.33333	211.0	211.66667	213.33333	217.0	215.66667	213.33333	212.0	214.33333	213.0	211.33333	209.0	209.66667	205.66667	200.33333	200.0	194.33333	126.666664	40.0	8.333333	
78.333336	96.666664	109.666664	117.0	123.333336	130.66667	145.66667	151.0	147.0	152.0	159.33333	168.66667	178.33333	190.66667	196.66667	200.33333	205.66667	209.0	209.66667	210.33333	214.0	215.0	211.66667	208.0	209.33333	208.33333	207.66667	210.0	212.33333	213.0	208.0	201.33333	197.0	133.66667	43.0	10.333333	
93.666664	102.666664	111.333336	118.666664	122.666664	133.66667	146.66667	148.66667	149.0	158.33333	169.0	175.66667	182.66667	188.0	197.33333	202.66667	205.33333	206.33333	207.66667	212.66667	215.66667	216.33333	212.33333	210.0	211.0	210.0	210.33333	215.66667	218.33333	219.66667	215.66667	207.66667	199.33333	146.33333	48.666668	12.0	
97.0	101.333336	108.333336	113.666664	119.0	132.66667	144.33333	146.0	156.33333	171.33333	181.0	184.66667	188.33333	192.33333	199.66667	203.66667	207.0	207.33333	209.66667	213.66667	217.0	217.33333	214.0	213.0	213.66667	213.33333	213.0	216.66667	220.0	219.33333	216.66667	213.33333	205.66667	169.0	61.333332	12.666667	
97.0	103.0	107.333336	108.333336	120.0	133.33333	138.33333	149.66667	163.0	177.33333	187.66667	189.33333	190.33333	190.33333	196.0	202.33333	203.0	206.33333	209.66667	209.66667	214.66667	213.0	214.0	214.0	212.0	209.66667	209.0	212.66667	217.66667	216.0	216.33333	215.66667	209.66667	189.66667	86.333336	16.666666	
101.0	107.666664	108.333336	108.333336	121.666664	136.0	138.33333	148.33333	154.33333	164.33333	175.0	178.66667	187.66667	191.0	192.33333	196.33333	199.66667	201.33333	197.33333	193.0	203.66667	207.0	206.66667	207.66667	206.0	200.0	202.66667	207.0	209.33333	208.0	206.66667	203.33333	199.33333	188.0	110.0	51.0	
106.0	108.333336	111.0	113.333336	121.333336	122.666664	120.0	121.666664	131.33333	148.33333	151.66667	143.0	141.0	152.66667	167.0	172.33333	183.0	185.66667	183.33333	186.0	191.0	199.66667	197.0	194.33333	195.0	186.33333	179.66667	178.33333	173.0	167.66667	167.33333	171.0	173.0	169.0	95.0	73.0	
98.0	107.0	114.666664	114.333336	110.666664	108.333336	104.666664	109.333336	126.0	132.33333	111.0	104.0	105.0	114.666664	114.333336	123.0	137.0	152.66667	161.66667	176.33333	184.66667	187.0	187.66667	184.33333	174.66667	154.33333	130.33333	120.0	117.666664	118.0	129.33333	149.66667	160.0	160.0	101.0	33.333332	
72.0	80.0	91.666664	116.666664	111.666664	102.333336	98.666664	98.333336	108.333336	110.0	97.666664	87.0	80.333336	83.0	80.0	81.666664	91.0	121.0	124.0	159.66667	184.66667	198.0	202.33333	180.66667	131.66667	102.0	88.333336	92.0	93.0	100.333336	107.666664	123.333336	141.33333	151.66667	96.0	44.333332	
102.0	70.666664	57.0	95.0	118.0	105.666664	93.666664	79.666664	79.0	73.333336	70.333336	76.333336	80.333336	104.0	84.666664	81.666664	85.0	85.666664	92.333336	130.66667	173.33333	189.33333	179.66667	157.0	111.333336	125.0	116.666664	102.0	90.0	128.66667	130.0	103.666664	134.33333	170.33333	98.333336	29.333334	
117.0	117.333336	97.333336	106.666664	103.0	100.333336	95.0	87.666664	93.333336	93.666664	81.666664	85.333336	115.333336	143.66667	117.666664	104.0	114.666664	113.666664	101.666664	101.0	115.666664	157.66667	154.0	148.0	119.333336	143.66667	134.66667	124.333336	130.33333	163.66667	180.33333	166.33333	149.0	172.0	120.0	27.0	
119.333336	130.66667	142.66667	140.33333	128.33333	117.0	112.0	111.333336	118.0	130.0	139.33333	138.0	139.33333	138.33333	135.33333	133.0	137.0	137.0	114.333336	86.0	123.333336	179.0	196.33333	180.33333	131.66667	160.66667	160.66667	163.66667	170.66667	176.66667	177.66667	167.0	175.0	184.66667	135.0	31.0	
117.333336	130.66667	148.33333	158.0	161.66667	146.0	128.66667	128.33333	121.666664	126.0	133.66667	138.66667	143.0	144.33333	141.0	134.0	134.66667	128.66667	99.666664	76.333336	126.666664	169.66667	189.66667	186.0	134.0	175.33333	170.0	167.33333	173.0	166.33333	163.33333	170.33333	187.33333	189.66667	148.33333	37.666668	
114.666664	125.0	141.66667	147.66667	167.66667	164.33333	144.33333	142.66667	143.33333	144.66667	149.0	156.0	161.0	163.66667	163.66667	149.66667	138.33333	133.33333	105.0	87.666664	129.33333	162.33333	185.0	193.66667	158.33333	181.33333	184.0	182.33333	185.33333	184.66667	185.66667	189.0	197.33333	198.66667	155.33333	43.333332	
109.0	116.666664	128.0	147.66667	169.33333	168.33333	154.33333	149.33333	150.0	157.0	163.33333	169.33333	174.0	175.0	174.33333	157.66667	144.33333	141.66667	119.333336	112.666664	131.0	157.33333	184.0	196.0	180.66667	179.66667	188.66667	190.33333	186.66667	191.33333	196.33333	201.66667	201.0	194.33333	150.0	61.0	
103.666664	110.666664	128.33333	145.33333	159.33333	161.0	150.33333	152.33333	156.33333	163.0	166.66667	172.66667	181.33333	185.0	177.66667	159.33333	145.66667	138.0	133.0	126.666664	128.66667	150.66667	181.33333	194.33333	196.0	191.66667	191.33333	199.0	197.66667	198.66667	200.0	205.33333	195.33333	181.66667	153.33333	88.333336	
94.0	106.666664	125.0	140.0	153.33333	160.66667	166.0	162.33333	164.66667	174.0	177.0	177.33333	179.33333	180.0	171.33333	151.33333	138.0	139.33333	141.0	131.33333	126.666664	144.33333	175.0	194.0	197.66667	193.66667	182.0	195.0	198.66667	198.33333	194.0	195.66667	188.66667	177.0	162.0	63.0	
91.0	103.666664	120.333336	132.33333	145.33333	155.66667	168.33333	176.0	186.66667	198.66667	204.0	201.66667	202.0	198.0	189.0	164.0	147.66667	142.66667	139.33333	129.66667	125.666664	139.66667	168.66667	196.0	201.33333	193.0	187.0	192.0	195.33333	196.0	197.66667	201.66667	195.33333	179.66667	156.0	46.0	
92.0	103.0	114.666664	125.666664	135.33333	146.66667	161.0	171.33333	181.33333	195.0	202.0	205.0	204.66667	199.66667	188.33333	164.0	145.0	132.66667	126.666664	124.666664	128.33333	142.33333	168.66667	199.33333	205.66667	191.33333	190.0	200.33333	204.33333	203.0	205.0	203.33333	193.0	173.66667	137.33333	29.333334	
88.333336	102.0	111.666664	119.666664	125.666664	135.66667	148.66667	162.66667	171.66667	182.0	187.66667	190.66667	189.0	185.0	172.33333	156.66667	136.0	123.666664	122.0	121.333336	133.66667	151.0	168.0	202.66667	210.0	200.33333	181.0	179.33333	193.66667	196.33333	198.33333	195.0	186.66667	168.0	117.333336	18.333334	
86.333336	101.666664	112.333336	116.0	119.333336	128.33333	139.0	150.66667	161.33333	168.66667	174.33333	180.33333	181.0	175.0	157.0	145.0	124.333336	124.666664	124.333336	124.666664	140.66667	159.66667	171.0	200.33333	207.66667	206.0	181.0	161.0	176.66667	186.0	192.0	191.0	182.0	165.66667	100.666664	12.0	
85.0	103.0	114.0	119.0	118.0	122.0	131.0	142.33333	152.0	160.0	168.0	173.66667	172.66667	159.33333	150.0	145.33333	127.333336	126.0	124.666664	130.33333	146.0	169.0	181.0	198.0	199.0	200.0	182.66667	162.0	164.33333	179.33333	187.0	187.0	176.0	164.0	86.0	8.666667	
82.333336	102.333336	117.666664	121.333336	119.0	122.0	128.33333	135.66667	145.33333	153.66667	164.66667	168.66667	158.0	146.66667	155.33333	155.0	134.66667	123.0	123.0	128.33333	141.33333	164.0	182.0	198.0	197.0	189.0	179.0	171.66667	160.33333	172.33333	182.33333	186.66667	174.0	162.66667	65.333336	6.6666665	
80.0	102.0	121.0	127.333336	124.333336	126.666664	129.33333	134.33333	142.66667	151.0	159.66667	158.0	145.66667	149.33333	160.33333	153.66667	130.66667	110.333336	107.333336	110.333336	121.0	141.0	165.66667	183.66667	187.0	179.33333	179.66667	187.66667	167.0	163.66667	179.0	183.33333	174.0	156.0	45.666668	8.0	
79.666664	99.666664	125.666664	136.33333	133.0	135.0	134.0	136.66667	143.66667	152.66667	155.66667	148.33333	148.0	159.33333	156.0	145.33333	134.33333	114.333336	97.333336	91.333336	88.333336	108.0	133.0	149.0	156.33333	164.33333	180.0	188.66667	183.0	164.0	180.66667	183.0	173.33333	141.66667	28.333334	7.3333335	
79.333336	93.333336	122.666664	139.0	142.33333	144.66667	140.66667	144.0	150.0	155.33333	154.0	151.0	157.0	158.33333	145.33333	137.66667	136.33333	137.33333	135.66667	123.333336	113.666664	112.666664	113.666664	131.0	153.0	166.33333	177.33333	180.66667	183.66667	165.66667	182.0	186.66667	175.33333	113.0	16.0	6.6666665	
77.0	85.333336	114.0	137.33333	147.33333	148.0	145.0	150.33333	161.0	160.0	152.66667	150.0	152.33333	143.33333	138.33333	136.0	137.33333	136.33333	139.66667	141.33333	154.0	162.0	142.0	152.0	167.33333	171.0	174.0	175.66667	176.66667	168.66667	188.0	188.0	169.66667	77.0	9.0	4.3333335	
76.666664	80.0	108.0	134.0	147.33333	149.33333	147.0	153.33333	163.66667	167.0	152.66667	141.33333	136.0	130.33333	131.33333	137.33333	144.33333	143.66667	149.0	152.66667	165.0	171.66667	158.33333	169.33333	177.66667	177.0	177.33333	175.33333	178.0	176.33333	193.0	184.0	160.33333	50.0	7.3333335	5.3333335	
79.333336	77.333336	99.333336	126.666664	143.66667	152.0	146.66667	148.0	159.0	171.33333	156.66667	132.33333	132.0	130.0	131.66667	141.0	147.0	149.66667	154.66667	166.0	179.0	182.0	178.66667	179.66667	182.66667	182.66667	181.66667	183.33333	182.66667	183.33333	194.66667	178.0	140.33333	27.666666	6.0	5.3333335	
81.333336	76.333336	87.666664	114.0	134.66667	149.33333	146.66667	138.66667	150.66667	169.33333	169.0	139.0	137.0	137.33333	133.0	143.66667	147.0	147.33333	147.0	149.0	153.0	156.0	161.33333	149.66667	146.33333	151.33333	161.33333	177.66667	182.33333	186.66667	189.66667	171.33333	109.0	13.0	5.0	5.3333335	
84.666664	80.0	80.0	103.0	126.0	144.66667	147.33333	136.66667	141.33333	163.66667	177.66667	152.33333	141.66667	143.0	135.33333	128.33333	124.666664	117.333336	109.333336	94.666664	76.666664	85.333336	80.0	65.333336	105.666664	148.66667	164.33333	170.66667	180.66667	188.66667	183.0	163.0	70.666664	6.6666665	4.3333335	4.3333335	
89.666664	89.0	80.333336	89.0	115.333336	139.0	148.66667	137.66667	130.66667	148.33333	174.0	162.66667	145.66667	140.0	124.0	114.0	111.333336	79.0	58.0	52.0	60.333332	69.666664	71.333336	81.333336	130.66667	174.0	176.33333	179.0	186.33333	190.33333	176.0	139.33333	33.333332	5.3333335	4.3333335	4.3333335	
85.333336	95.0	88.666664	79.666664	100.0	127.0	147.33333	144.33333	130.0	137.0	164.66667	168.0	150.0	149.0	147.0	147.0	149.66667	138.0	144.33333	156.33333	163.0	161.66667	136.33333	143.33333	170.33333	181.66667	175.33333	188.66667	191.33333	184.0	167.0	102.333336	13.666667	3.3333333	3.3333333	3.3333333	
93.0	92.0	98.0	85.0	86.666664	113.666664	137.66667	147.0	135.66667	130.33333	154.33333	166.33333	158.0	153.66667	148.0	140.33333	146.66667	148.66667	158.0	171.33333	167.33333	159.33333	158.0	173.33333	178.0	172.0	180.0	190.66667	190.0	177.33333	153.66667	60.333332	7.0	3.6666667	2.6666667	3.3333333	
103.666664	95.0	99.0	93.666664	82.666664	99.333336	131.0	145.66667	141.66667	133.0	142.66667	159.66667	158.0	151.0	155.0	143.0	132.66667	137.33333	149.66667	163.33333	165.66667	161.33333	155.33333	158.0	166.66667	171.33333	185.33333	189.33333	188.0	170.33333	132.0	28.333334	5.6666665	4.0	3.0	3.0	
103.333336	107.0	94.333336	96.666664	85.666664	86.666664	117.0	138.0	143.66667	137.33333	139.66667	151.33333	158.0	147.0	155.66667	155.33333	138.0	132.66667	137.33333	139.33333	132.0	126.333336	124.333336	135.66667	161.66667	176.66667	182.66667	188.66667	184.0	163.0	87.666664	11.0	4.6666665	4.3333335	3.6666667	3.0	
104.333336	108.0	99.333336	93.333336	94.666664	85.0	101.666664	129.33333	139.0	136.66667	138.66667	147.66667	152.33333	152.33333	154.0	159.0	149.0	140.33333	140.0	142.0	145.0	147.0	152.33333	164.66667	175.33333	180.33333	182.0	187.0	177.66667	140.66667	42.666668	6.0	4.0	3.6666667	2.3333333	3.0	
103.0	105.666664	105.0	95.0	99.333336	92.666664	93.333336	117.0	131.66667	131.0	131.0	143.0	149.33333	161.33333	160.66667	162.0	160.33333	160.0	160.33333	162.0	171.66667	172.0	172.66667	177.0	179.66667	183.33333	185.33333	189.0	172.33333	99.333336	16.666666	5.3333335	4.0	3.0	2.6666667	3.0	
101.666664	107.666664	105.666664	100.333336	93.333336	98.666664	93.666664	103.666664	122.333336	125.333336	123.0	131.33333	142.66667	164.0	172.0	169.33333	165.33333	164.0	163.33333	162.66667	166.0	164.66667	170.0	175.66667	179.0	180.33333	184.66667	188.33333	159.0	76.333336	17.666666	6.0	3.3333333	3.3333333	3.6666667	3.6666667	
93.666664	106.0	109.666664	101.333336	94.333336	94.0	96.333336	98.0	113.333336	119.666664	115.0	118.333336	135.66667	158.66667	175.33333	172.33333	170.0	160.66667	157.66667	159.33333	165.66667	166.66667	173.33333	176.33333	180.66667	179.66667	182.0	183.0	138.33333	77.666664	60.0	15.666667	4.6666665	4.3333335	3.3333333	3.3333333	
92.0	100.0	109.666664	108.333336	99.0	90.0	92.333336	96.0	106.0	116.333336	110.333336	105.0	122.666664	146.33333	168.66667	173.66667	164.33333	154.0	151.66667	160.33333	166.66667	168.33333	174.66667	177.33333	178.66667	178.0	178.33333	167.33333	106.333336	81.666664	100.666664	66.333336	16.0	5.6666665	4.0	3.6666667	
87.666664	93.333336	101.0	110.666664	108.666664	92.0	81.333336	89.666664	97.333336	114.666664	114.666664	100.0	104.0	123.666664	148.66667	166.66667	161.66667	154.0	150.0	160.66667	171.66667	174.33333	176.33333	176.33333	175.0	177.0	172.0	138.33333	71.0	85.0	104.0	104.0	74.333336	27.0	7.6666665	3.6666667	
86.0	86.666664	96.0	102.333336	109.0	106.333336	85.333336	76.666664	84.666664	99.333336	113.333336	108.0	95.0	101.666664	126.333336	143.0	155.66667	155.33333	150.0	159.0	175.33333	176.66667	177.0	175.33333	171.33333	171.66667	151.33333	91.666664	64.0	82.666664	65.333336	68.0	98.333336	92.333336	50.0	15.333333	
