11.333333	18.0	24.666666	30.333334	30.333334	40.333332	84.333336	111.333336	113.0	119.333336	130.0	137.33333	134.0	131.66667	127.666664	127.666664	132.66667	132.33333	130.0	142.0	146.33333	144.0	138.66667	133.0	128.66667	116.0	101.666664	98.333336	96.333336	91.666664	84.333336	74.666664	66.666664	61.0	53.0	52.0	
11.0	12.666667	19.666666	25.0	29.0	53.0	92.666664	106.666664	108.0	114.0	125.333336	129.33333	125.666664	128.33333	129.33333	135.66667	143.0	142.33333	140.33333	146.33333	149.0	148.33333	144.33333	135.66667	126.0	114.666664	103.0	99.666664	96.333336	91.0	83.666664	78.0	71.0	62.0	50.666668	48.0	
13.0	8.0	12.666667	19.333334	29.666666	62.333332	93.0	99.333336	104.666664	113.0	122.666664	124.0	120.666664	125.333336	129.0	136.66667	139.66667	138.33333	143.66667	148.33333	147.66667	147.0	140.66667	128.0	115.0	108.333336	99.666664	96.0	89.666664	85.0	79.666664	78.333336	74.333336	62.0	51.0	49.0	
20.0	12.0	10.333333	15.0	27.333334	63.666668	88.0	99.333336	106.333336	114.333336	117.333336	117.333336	119.333336	125.333336	129.0	131.66667	133.66667	135.66667	135.66667	139.33333	145.66667	142.33333	133.66667	123.0	110.333336	107.333336	98.666664	88.333336	80.666664	75.666664	73.0	72.333336	69.333336	60.666668	53.0	52.333332	
24.333334	17.333334	10.666667	14.666667	39.333332	63.0	86.0	98.666664	102.0	112.0	116.333336	123.666664	131.33333	132.0	129.66667	134.33333	135.66667	137.0	138.66667	143.0	146.66667	141.33333	135.0	126.0	110.0	103.0	93.666664	83.333336	77.0	72.333336	70.0	69.333336	66.666664	61.333332	55.666668	54.666668	
24.0	22.666666	12.666667	33.333332	100.666664	74.666664	92.0	99.666664	105.0	111.0	118.0	126.666664	132.66667	132.0	127.0	133.33333	136.66667	135.33333	133.66667	137.33333	137.33333	133.33333	133.33333	128.0	106.0	95.666664	88.333336	81.666664	79.0	75.666664	70.666664	65.333336	64.333336	63.666668	58.333332	55.333332	
25.0	27.666666	29.0	33.0	66.0	77.666664	103.666664	110.0	110.0	111.0	118.333336	130.33333	137.33333	137.66667	132.0	131.66667	129.66667	134.0	132.66667	129.66667	129.66667	130.33333	132.33333	127.0	106.0	92.333336	83.333336	77.0	74.666664	73.0	67.666664	59.666668	59.666668	63.333332	60.666668	54.333332	
79.333336	109.666664	139.0	105.0	40.666668	73.333336	105.0	111.666664	117.0	116.333336	119.0	129.0	138.33333	140.0	136.33333	135.66667	133.33333	135.0	133.33333	131.0	131.66667	129.66667	126.666664	121.666664	108.333336	97.0	88.333336	80.666664	74.666664	69.666664	62.0	57.333332	58.0	59.0	59.666668	52.666668	
211.66667	225.66667	231.33333	201.66667	80.0	50.666668	61.333332	75.666664	99.0	114.666664	124.333336	134.0	144.0	147.0	144.0	141.66667	139.66667	136.0	132.66667	133.66667	133.66667	130.33333	131.33333	131.66667	123.0	113.0	106.666664	98.666664	89.666664	79.0	61.666668	54.666668	56.666668	56.666668	58.0	52.333332	
244.33333	241.0	234.0	231.33333	132.33333	42.0	27.0	32.666668	58.333332	87.0	113.666664	136.0	145.66667	148.0	145.0	142.33333	139.33333	134.66667	135.33333	136.0	139.33333	140.66667	139.33333	128.0	110.666664	99.666664	88.0	85.666664	81.666664	81.333336	70.333336	59.333332	56.666668	56.666668	55.0	49.666668	
231.66667	223.0	233.33333	235.0	160.66667	52.333332	40.333332	36.0	41.0	61.0	90.0	121.333336	137.66667	135.66667	127.666664	125.666664	125.0	127.0	134.0	132.66667	127.666664	114.666664	103.0	83.333336	62.666668	51.333332	43.333332	45.0	45.666668	60.333332	72.666664	66.666664	57.0	55.0	52.0	48.333332	
125.0	149.33333	226.33333	235.33333	171.33333	93.0	96.333336	85.0	68.333336	70.666664	88.0	118.333336	141.66667	139.66667	132.33333	137.33333	139.33333	134.0	124.0	111.0	104.0	87.333336	70.666664	53.666668	44.0	37.666668	36.333332	37.0	35.0	43.333332	60.666668	65.0	58.333332	53.0	52.333332	49.0	
32.333332	120.333336	228.0	233.0	173.0	131.66667	126.333336	113.666664	97.666664	85.0	93.333336	117.666664	137.66667	141.0	135.66667	140.0	141.0	126.0	114.333336	104.333336	99.0	88.0	78.666664	74.0	81.0	88.0	92.333336	88.666664	74.333336	63.333332	60.0	59.666668	55.666668	52.333332	50.666668	48.0	
31.666666	139.0	229.0	227.0	156.0	121.333336	110.666664	101.333336	99.0	87.0	88.333336	100.333336	123.333336	134.0	130.66667	127.333336	126.333336	117.0	106.333336	97.0	95.0	94.666664	90.666664	96.333336	112.333336	122.0	126.333336	125.666664	119.0	110.0	91.333336	67.666664	58.333332	53.333332	50.666668	50.333332	
35.666668	150.66667	228.66667	222.0	136.33333	84.0	66.666664	58.333332	62.0	67.0	73.0	80.0	99.666664	112.333336	116.333336	114.666664	115.0	112.666664	99.666664	91.333336	90.333336	87.666664	87.333336	98.666664	111.0	115.0	125.333336	132.66667	136.33333	131.0	117.333336	95.333336	74.0	57.333332	53.666668	55.0	
43.333332	162.33333	224.33333	208.0	114.666664	56.333332	38.0	34.333332	22.666666	29.333334	41.666668	57.333332	73.666664	89.666664	103.333336	105.0	101.666664	97.666664	85.333336	79.666664	76.0	74.0	79.0	84.0	82.666664	82.0	91.666664	101.666664	116.333336	120.666664	111.333336	99.666664	79.666664	64.666664	57.666668	60.333332	
53.666668	173.66667	219.0	187.33333	102.666664	60.333332	35.0	42.333332	17.0	11.0	21.333334	33.0	44.333332	72.666664	110.333336	121.0	113.0	90.333336	69.0	62.0	59.666668	58.666668	54.666668	42.0	32.0	40.666668	54.333332	59.333332	68.333336	81.0	88.333336	86.0	75.333336	67.666664	63.0	64.666664	
67.0	184.66667	212.66667	165.33333	108.333336	103.333336	84.666664	74.333336	53.333332	44.666668	48.333332	40.666668	41.333332	84.0	139.33333	153.66667	148.33333	109.0	63.333332	48.0	46.666668	41.333332	29.666666	26.0	17.333334	27.333334	33.333332	49.0	51.0	55.333332	70.333336	74.666664	68.0	71.0	68.666664	66.0	
80.666664	190.0	204.33333	149.66667	121.666664	127.666664	121.0	117.666664	114.666664	106.333336	97.0	86.333336	87.0	123.0	161.33333	169.33333	160.0	126.666664	82.333336	69.333336	75.0	54.666668	35.0	44.666668	30.0	17.0	27.333334	60.0	43.333332	41.666668	61.333332	70.333336	70.333336	71.666664	70.333336	68.666664	
94.666664	195.0	195.66667	140.0	134.33333	134.0	120.333336	113.666664	112.666664	110.666664	113.0	113.0	121.0	149.66667	172.33333	174.0	150.0	128.66667	110.333336	104.666664	114.666664	108.333336	96.0	90.333336	84.333336	83.333336	86.666664	94.666664	82.0	83.0	87.0	86.333336	87.0	82.0	73.666664	67.333336	
108.666664	196.0	185.66667	136.0	145.33333	148.33333	136.33333	126.666664	123.0	122.666664	126.666664	129.33333	142.0	158.66667	170.0	169.66667	142.33333	130.0	130.33333	127.333336	130.0	134.33333	126.666664	120.666664	126.333336	137.66667	139.66667	133.33333	125.0	126.666664	118.0	105.666664	100.666664	92.0	84.0	70.666664	
123.333336	195.33333	172.33333	133.33333	148.33333	155.0	154.66667	156.0	152.33333	141.66667	132.66667	134.66667	146.66667	158.66667	175.0	170.33333	140.0	136.33333	139.0	131.0	135.0	149.33333	149.33333	139.33333	128.33333	124.0	120.666664	116.333336	121.0	125.666664	120.666664	112.0	104.333336	95.666664	91.333336	76.666664	
144.33333	195.33333	155.33333	125.333336	143.33333	153.66667	156.0	157.66667	154.33333	138.33333	120.0	126.666664	145.33333	162.66667	172.66667	155.33333	132.66667	127.333336	131.33333	128.33333	137.0	148.0	156.66667	167.66667	166.0	159.66667	159.33333	159.33333	159.33333	153.66667	137.0	121.0	105.333336	95.666664	92.333336	79.666664	
151.33333	189.33333	128.0	116.0	141.0	152.33333	155.66667	154.66667	144.33333	119.333336	109.0	125.333336	152.66667	183.66667	179.0	144.0	121.0	106.333336	108.333336	105.0	118.333336	143.66667	160.66667	170.0	176.66667	184.0	189.66667	185.66667	176.33333	161.66667	144.0	125.0	107.333336	95.666664	87.333336	77.0	
83.666664	102.333336	74.0	109.0	138.0	147.66667	152.33333	147.66667	128.0	122.0	148.0	147.0	167.0	190.0	165.0	128.0	104.0	110.0	128.0	111.0	97.666664	117.666664	145.33333	163.66667	170.66667	182.33333	184.33333	168.33333	152.33333	140.33333	129.0	116.0	101.0	88.666664	82.666664	73.666664	
19.0	20.0	33.333332	100.333336	128.33333	140.33333	142.0	130.66667	106.666664	129.33333	164.33333	152.33333	166.66667	168.33333	136.0	126.333336	123.0	138.66667	155.0	134.0	98.0	93.333336	114.666664	145.33333	160.0	169.0	168.33333	154.33333	143.33333	132.33333	117.666664	104.333336	91.0	81.666664	77.0	71.666664	
11.333333	11.333333	21.333334	81.0	119.0	131.66667	127.666664	107.333336	89.0	117.666664	135.33333	131.0	143.0	147.0	129.66667	137.0	143.66667	140.0	137.33333	118.333336	87.0	84.0	92.666664	119.666664	151.0	158.66667	155.33333	144.66667	132.33333	120.666664	109.666664	93.666664	82.0	75.666664	71.333336	67.0	
10.333333	9.0	13.666667	60.0	106.666664	120.0	115.666664	88.333336	86.333336	105.666664	96.333336	97.333336	112.666664	121.0	115.0	114.0	112.333336	106.0	100.0	88.666664	74.666664	94.0	98.333336	98.666664	128.66667	146.0	141.66667	133.66667	119.0	108.0	99.333336	86.0	77.0	72.666664	67.0	61.666668	
7.6666665	10.0	10.333333	37.666668	88.333336	109.666664	104.333336	82.0	96.333336	100.0	63.666668	46.333332	56.666668	74.666664	78.333336	63.333332	49.333332	40.333332	44.333332	52.666668	65.333336	100.666664	109.666664	94.666664	102.333336	129.33333	130.0	121.0	109.333336	98.333336	87.0	77.333336	72.0	68.0	63.0	58.666668	
9.333333	13.0	14.0	33.0	77.333336	97.666664	93.666664	82.0	94.333336	92.0	62.0	41.666668	31.333334	36.666668	43.0	35.666668	32.333332	26.666666	28.666666	37.666668	69.0	106.0	113.666664	102.666664	91.333336	110.333336	121.0	112.0	103.0	91.666664	78.0	70.666664	70.333336	70.333336	64.0	58.0	
12.333333	16.666666	32.666668	63.0	85.0	89.333336	92.0	86.666664	88.0	83.333336	63.333332	55.333332	46.0	46.333332	40.333332	31.666666	29.666666	30.0	35.333332	51.333332	86.333336	102.333336	101.333336	99.666664	93.0	94.0	108.666664	104.333336	94.333336	83.666664	74.0	70.0	71.0	70.333336	63.666668	54.666668	
15.666667	35.666668	73.666664	94.666664	90.0	84.666664	92.0	90.666664	82.666664	81.0	81.0	74.0	72.333336	64.0	57.0	55.333332	57.0	62.333332	69.0	72.666664	91.666664	92.0	87.666664	93.666664	95.0	87.333336	97.0	95.666664	89.333336	79.0	73.0	69.0	67.0	65.333336	58.666668	51.333332	
38.0	73.666664	101.666664	102.333336	94.666664	84.0	85.0	84.333336	79.0	83.333336	97.333336	97.666664	100.666664	106.333336	103.0	99.666664	95.666664	97.333336	98.333336	95.666664	94.333336	87.333336	83.333336	85.0	88.666664	82.0	89.0	92.333336	90.0	79.0	75.333336	69.0	63.0	61.333332	58.666668	54.333332	
86.666664	101.0	108.0	107.666664	105.333336	83.666664	75.0	74.333336	77.666664	86.333336	85.666664	76.333336	76.666664	85.0	78.666664	79.666664	83.0	85.0	93.0	100.0	99.0	92.0	82.0	80.666664	82.666664	77.666664	87.666664	92.0	87.0	77.333336	78.0	72.666664	64.0	61.0	62.666668	60.333332	
106.333336	107.0	109.666664	110.0	109.666664	84.666664	76.666664	73.333336	81.333336	79.666664	65.333336	74.333336	83.0	84.333336	72.333336	71.666664	80.333336	71.333336	78.333336	79.666664	88.333336	96.0	90.666664	84.666664	82.666664	76.666664	85.0	90.0	81.666664	76.333336	78.333336	74.666664	66.666664	59.666668	61.333332	60.333332	
105.0	108.0	107.0	102.333336	106.333336	93.333336	82.333336	79.0	82.333336	75.0	45.333332	96.666664	128.0	138.66667	123.0	121.333336	135.33333	126.333336	122.333336	94.666664	78.333336	81.0	92.333336	92.333336	84.666664	83.666664	89.333336	95.666664	82.666664	77.0	77.666664	76.333336	70.0	59.0	58.666668	56.666668	
104.0	109.666664	133.66667	115.666664	117.0	128.0	87.0	91.666664	88.333336	91.666664	47.666668	51.666668	81.0	137.66667	147.33333	146.66667	161.66667	136.0	114.333336	92.666664	70.0	47.0	75.333336	93.666664	92.666664	88.666664	87.0	92.333336	85.333336	81.0	78.666664	77.333336	71.666664	62.0	61.0	54.666668	
117.0	156.66667	211.33333	143.0	107.0	144.66667	82.0	89.333336	95.0	106.666664	86.333336	44.666668	38.333332	47.333332	52.666668	52.0	61.666668	37.666668	22.0	23.666666	25.333334	26.666666	73.333336	94.666664	99.666664	90.666664	87.666664	88.333336	84.0	86.333336	82.666664	82.333336	74.333336	66.0	61.666668	52.666668	
175.0	222.66667	238.0	141.66667	70.333336	138.33333	84.333336	79.666664	94.333336	111.0	115.0	100.666664	101.666664	85.333336	46.666668	33.333332	32.666668	28.0	51.333332	52.333332	44.333332	77.0	97.666664	99.0	96.0	86.0	90.333336	90.0	85.666664	87.333336	82.0	80.333336	72.666664	63.0	56.333332	51.333332	
173.0	227.33333	240.33333	161.66667	52.0	119.666664	92.333336	73.333336	93.0	109.333336	111.333336	111.0	115.333336	131.0	123.333336	121.333336	124.666664	125.0	146.0	135.0	113.333336	106.333336	102.0	104.0	98.0	87.0	86.333336	85.333336	83.666664	83.333336	78.333336	68.333336	62.333332	58.0	51.0	48.0	
104.666664	198.33333	239.0	187.33333	51.333332	88.666664	106.0	72.333336	91.666664	115.333336	108.333336	99.0	114.666664	128.66667	142.0	144.66667	137.0	131.0	128.66667	115.666664	114.333336	106.666664	104.666664	107.0	105.333336	94.666664	85.0	79.666664	76.666664	75.333336	65.666664	56.666668	54.333332	47.666668	43.333332	42.666668	
42.0	148.33333	236.0	213.66667	76.0	55.666668	106.333336	76.666664	97.0	114.666664	111.666664	98.333336	98.333336	109.0	116.666664	113.333336	103.666664	92.333336	91.666664	97.333336	105.333336	108.0	103.333336	104.666664	105.0	96.666664	81.0	70.666664	65.666664	61.0	52.666668	44.666668	43.0	39.666668	38.333332	36.333332	
21.666666	85.333336	210.66667	232.0	117.333336	34.0	75.666664	70.333336	96.0	109.0	112.0	101.0	87.666664	88.333336	86.0	79.333336	80.0	85.333336	91.666664	102.0	107.666664	107.0	103.333336	104.666664	101.666664	94.666664	77.333336	64.666664	60.666668	54.0	44.0	38.0	38.666668	38.0	38.666668	33.666668	
18.666666	37.0	151.66667	229.33333	170.33333	42.666668	39.0	60.0	89.0	107.0	113.666664	112.666664	104.0	88.0	81.0	84.333336	91.0	100.666664	103.666664	106.333336	108.666664	105.0	99.333336	99.333336	97.666664	90.333336	74.0	63.333332	62.666668	54.666668	40.666668	35.0	34.0	32.0	33.333332	32.0	
32.333332	14.0	75.333336	192.66667	213.33333	90.666664	25.666666	48.0	83.0	112.333336	115.666664	113.0	113.0	97.666664	92.666664	108.333336	117.333336	115.333336	109.333336	106.0	104.333336	101.666664	100.0	103.0	96.333336	78.666664	62.333332	59.333332	58.0	46.0	35.666668	33.666668	28.333334	26.666666	30.666666	32.666668	
60.0	16.666666	27.666666	128.0	213.0	158.66667	40.333332	36.0	72.333336	112.0	117.333336	103.333336	101.333336	95.666664	92.666664	106.666664	115.0	113.333336	107.666664	104.333336	106.333336	110.666664	111.333336	109.333336	92.0	72.0	61.666668	55.333332	48.0	38.0	35.0	35.333332	29.666666	29.333334	32.333332	33.666668	
95.0	36.333332	12.0	62.0	175.0	201.0	86.0	30.0	63.666668	104.333336	116.333336	106.0	103.666664	105.333336	103.0	107.666664	108.666664	108.333336	109.666664	111.666664	120.333336	127.666664	119.0	98.333336	78.0	68.333336	61.0	48.666668	42.666668	38.666668	37.0	36.666668	31.333334	31.666666	34.0	34.0	
126.666664	70.333336	19.666666	24.333334	122.333336	198.66667	140.66667	39.0	59.333332	85.333336	100.0	103.0	99.333336	107.333336	111.666664	113.333336	111.0	107.666664	111.666664	117.333336	127.0	128.66667	109.666664	86.333336	73.666664	61.0	47.0	39.333332	38.333332	36.666668	36.0	36.666668	33.0	31.0	33.0	35.0	
134.33333	95.666664	41.0	14.666667	81.0	185.66667	178.0	79.666664	80.0	68.333336	82.0	94.0	89.333336	95.666664	103.0	102.0	98.333336	96.333336	103.333336	105.666664	107.333336	102.666664	88.333336	75.333336	61.666668	47.666668	37.0	34.666668	37.333332	37.0	34.0	34.0	35.0	34.0	34.333332	41.0	
