141.33333	152.66667	158.0	160.66667	160.33333	162.0	165.0	171.66667	191.33333	202.0	215.33333	215.66667	223.0	227.66667	213.33333	191.33333	178.0	164.66667	153.33333	150.66667	150.66667	153.66667	152.33333	147.33333	146.0	144.0	136.66667	130.66667	131.0	128.0	139.0	158.33333	163.66667	141.66667	66.0	15.666667	
144.33333	154.66667	156.33333	158.66667	159.33333	159.33333	162.66667	170.66667	195.0	208.66667	215.33333	212.33333	219.0	216.33333	198.66667	182.33333	173.66667	162.0	152.0	150.33333	151.0	154.0	150.66667	148.33333	145.0	142.0	134.66667	128.33333	127.0	123.666664	134.0	148.66667	148.66667	135.33333	80.0	16.333334	
145.0	153.0	151.0	152.33333	156.66667	160.33333	161.33333	163.66667	182.66667	197.33333	202.33333	201.33333	203.0	194.33333	181.66667	177.0	170.33333	166.33333	160.66667	151.0	148.0	150.66667	147.66667	144.33333	140.0	138.33333	133.33333	125.0	124.0	120.0	118.333336	129.0	133.0	131.66667	104.0	31.0	
145.0	151.0	146.0	147.0	153.66667	156.66667	157.0	156.66667	168.0	182.33333	189.66667	188.33333	190.66667	185.0	177.33333	174.0	166.33333	163.33333	157.0	147.66667	143.33333	147.0	144.0	138.66667	136.33333	133.0	127.333336	119.666664	122.333336	119.666664	111.333336	111.333336	113.0	118.666664	118.333336	62.333332	
145.0	150.0	146.66667	150.66667	155.33333	154.66667	155.33333	154.33333	156.33333	167.66667	175.66667	171.0	170.0	167.66667	162.66667	157.66667	155.0	153.33333	149.0	141.66667	139.0	140.66667	136.0	130.66667	127.0	125.666664	122.0	117.0	119.666664	120.0	114.0	101.666664	96.333336	103.666664	122.666664	90.0	
140.33333	144.66667	143.0	147.33333	149.66667	149.0	148.0	147.0	145.0	149.66667	158.0	160.0	154.33333	150.33333	148.33333	147.0	144.66667	144.0	142.66667	136.66667	138.0	137.0	128.33333	127.666664	127.666664	130.0	126.333336	119.333336	119.666664	116.666664	106.0	92.333336	87.666664	98.333336	123.0	117.666664	
131.66667	138.0	137.66667	139.66667	144.0	143.66667	140.0	140.33333	140.66667	144.66667	151.0	153.33333	151.33333	150.0	146.33333	147.0	146.33333	146.33333	144.33333	139.0	137.0	133.66667	127.666664	134.0	138.0	137.0	130.66667	122.666664	121.0	113.333336	97.666664	88.0	79.666664	81.0	109.333336	119.333336	
129.0	135.66667	137.33333	138.33333	143.33333	147.33333	147.0	148.66667	148.0	144.0	145.0	145.0	147.33333	153.33333	154.0	155.33333	152.0	149.33333	142.33333	135.0	132.0	134.0	135.0	138.66667	139.33333	135.33333	132.0	128.66667	126.0	116.666664	103.0	102.666664	91.0	73.666664	96.666664	88.0	
118.333336	128.0	135.0	138.0	144.0	151.0	153.0	157.33333	153.33333	144.0	143.0	139.33333	140.66667	148.33333	151.33333	152.33333	149.66667	148.33333	141.66667	134.0	132.66667	138.66667	146.0	146.66667	145.0	140.0	131.33333	128.66667	129.33333	126.333336	115.333336	113.0	103.0	79.666664	80.333336	66.0	
116.333336	122.333336	131.66667	140.33333	146.0	151.33333	155.0	160.66667	160.33333	152.66667	147.33333	139.66667	138.0	144.66667	148.66667	146.33333	142.0	141.66667	138.33333	135.66667	135.0	147.0	161.0	154.66667	144.66667	138.66667	137.66667	143.0	144.0	138.66667	122.666664	108.333336	99.666664	79.666664	73.666664	58.333332	
123.333336	124.333336	134.66667	144.33333	144.66667	149.33333	155.66667	163.0	170.33333	170.33333	164.66667	154.33333	149.0	149.33333	146.33333	139.66667	129.0	126.0	124.333336	125.666664	141.0	165.0	167.33333	145.33333	134.0	139.66667	152.33333	154.33333	148.0	135.33333	117.0	101.333336	96.666664	81.333336	74.0	58.0	
137.66667	140.66667	145.0	154.33333	154.66667	156.0	156.33333	157.0	165.0	168.66667	166.66667	167.66667	165.33333	159.33333	152.66667	144.33333	133.0	129.0	127.333336	134.66667	155.33333	174.33333	160.33333	137.0	141.33333	157.66667	164.0	152.66667	129.33333	110.666664	100.0	94.666664	96.333336	83.666664	72.0	64.0	
143.0	147.33333	147.33333	155.33333	167.0	173.33333	170.66667	164.66667	164.66667	165.33333	158.66667	160.66667	163.66667	157.66667	150.0	143.33333	139.33333	146.0	148.33333	149.33333	158.0	158.0	146.66667	142.33333	150.33333	152.66667	139.66667	122.0	99.666664	87.0	78.333336	77.333336	87.666664	83.333336	74.0	72.0	
129.66667	129.33333	135.33333	140.33333	145.66667	153.33333	162.33333	169.0	171.0	170.33333	162.33333	155.0	148.66667	143.66667	141.66667	137.33333	137.33333	149.33333	150.66667	147.66667	149.33333	144.33333	135.66667	132.33333	123.0	108.666664	95.666664	86.0	83.0	75.666664	61.0	63.666668	85.0	89.333336	81.0	74.666664	
120.0	115.0	117.333336	106.0	92.666664	98.333336	107.666664	117.0	129.33333	144.33333	151.66667	147.0	130.0	121.0	123.666664	127.0	129.66667	135.33333	131.33333	123.666664	120.666664	118.0	102.666664	83.666664	70.333336	65.333336	68.666664	73.333336	82.333336	83.333336	70.0	70.666664	92.666664	100.0	90.0	80.666664	
121.666664	110.333336	105.333336	94.333336	81.0	82.666664	78.666664	66.333336	66.666664	79.666664	96.666664	109.333336	103.666664	100.666664	105.333336	108.666664	109.333336	112.0	103.666664	89.333336	81.0	75.0	69.666664	62.666668	64.333336	77.666664	94.0	101.333336	101.333336	96.666664	87.666664	89.666664	111.333336	111.333336	94.0	82.333336	
124.666664	106.333336	105.0	115.0	117.333336	110.0	93.666664	66.0	46.0	42.333332	48.333332	59.333332	65.333336	72.0	80.333336	83.666664	86.0	92.666664	87.0	64.333336	55.666668	61.666668	70.333336	68.666664	64.333336	67.333336	69.0	69.666664	62.333332	56.0	55.0	65.0	98.666664	110.666664	89.0	75.0	
122.333336	109.333336	109.333336	121.666664	125.666664	124.333336	117.666664	97.333336	72.666664	55.333332	48.333332	47.666668	49.0	54.333332	59.666668	63.0	78.666664	93.666664	82.666664	59.0	49.666668	52.333332	40.333332	32.666668	30.666666	27.0	26.666666	30.666666	31.666666	35.333332	38.333332	55.333332	95.0	114.666664	85.666664	78.666664	
120.333336	105.0	98.0	97.666664	93.0	89.333336	86.333336	75.666664	61.0	49.0	41.0	38.666668	40.666668	49.0	50.333332	51.0	81.666664	112.666664	93.333336	64.333336	52.666668	39.333332	25.0	27.666666	35.0	36.333332	40.0	48.333332	53.666668	58.666668	61.666668	74.0	107.333336	125.0	80.333336	81.666664	
139.33333	124.0	88.666664	62.0	52.333332	43.333332	37.333332	31.666666	26.666666	25.0	26.333334	27.333334	25.0	31.666666	49.666668	64.666664	102.0	138.0	125.0	83.0	73.0	54.333332	37.333332	42.666668	51.0	57.333332	65.0	70.666664	71.0	69.0	70.666664	87.333336	119.0	127.666664	79.0	74.0	
133.66667	127.333336	89.0	55.666668	58.333332	60.333332	57.666668	55.0	53.666668	49.333332	43.666668	41.666668	40.666668	43.666668	65.333336	84.0	130.66667	165.33333	156.33333	116.333336	74.333336	51.666668	45.0	49.0	54.666668	59.0	64.666664	68.0	70.0	70.333336	83.0	116.333336	141.33333	127.0	77.0	63.333332	
139.33333	137.66667	125.333336	108.666664	102.333336	107.333336	107.333336	106.0	96.0	76.333336	58.333332	50.666668	51.333332	56.0	63.333332	76.666664	122.333336	168.66667	169.33333	135.33333	83.333336	63.666668	55.333332	55.333332	57.666668	58.666668	65.666664	68.0	74.333336	90.0	118.0	143.66667	141.0	107.0	69.666664	54.333332	
131.0	138.33333	147.66667	151.66667	144.33333	132.66667	120.0	110.0	99.0	84.333336	72.333336	68.333336	67.0	75.0	91.0	96.666664	138.33333	190.0	190.66667	158.0	105.333336	79.0	72.0	69.666664	74.0	80.666664	94.666664	112.0	124.666664	143.66667	156.66667	147.0	112.333336	77.333336	61.0	54.666668	
114.666664	134.33333	150.33333	161.66667	164.0	142.0	114.333336	102.333336	106.0	110.333336	103.666664	92.0	87.0	100.333336	112.333336	108.666664	163.33333	197.33333	205.33333	174.66667	131.0	90.0	83.333336	91.333336	110.333336	129.33333	152.66667	173.33333	179.0	180.66667	167.66667	127.666664	80.333336	57.666668	57.0	60.666668	
95.666664	116.333336	140.0	159.66667	171.0	179.0	171.33333	164.33333	160.33333	154.33333	148.66667	129.66667	119.666664	125.666664	111.0	129.66667	172.66667	195.33333	212.0	181.66667	153.33333	104.0	85.333336	110.0	139.33333	159.0	179.0	186.0	180.66667	166.66667	139.33333	98.333336	65.333336	56.0	62.666668	68.666664	
87.0	103.0	119.333336	142.0	158.33333	177.0	188.33333	184.66667	172.66667	164.33333	164.33333	152.33333	133.66667	112.0	102.333336	153.66667	179.0	203.0	214.33333	187.66667	166.33333	127.333336	84.666664	102.0	124.666664	126.0	132.0	138.0	136.33333	125.333336	104.0	75.0	57.333332	56.666668	64.666664	69.333336	
76.333336	83.333336	96.666664	118.666664	138.0	156.0	165.0	167.33333	169.33333	171.0	169.66667	145.0	106.0	88.666664	115.0	160.0	178.33333	196.33333	203.66667	186.33333	169.33333	140.0	93.333336	77.333336	78.333336	81.0	81.666664	85.666664	89.0	86.333336	75.333336	60.0	55.666668	61.333332	67.666664	68.333336	
67.666664	67.333336	77.0	97.333336	115.666664	120.666664	116.333336	117.0	122.666664	129.0	123.0	96.333336	76.333336	118.666664	162.66667	160.66667	162.66667	170.33333	173.33333	167.33333	152.33333	129.66667	106.666664	73.666664	52.333332	60.666668	68.666664	70.0	69.333336	65.666664	59.666668	54.666668	58.0	64.333336	69.333336	69.0	
70.333336	63.666668	64.0	75.0	86.666664	85.333336	75.333336	73.666664	78.0	82.0	72.0	55.666668	75.666664	144.66667	168.66667	148.33333	137.66667	140.33333	141.66667	135.33333	118.666664	99.666664	94.0	77.0	51.0	44.333332	52.0	59.666668	61.666668	58.333332	55.333332	57.0	61.333332	66.666664	70.0	70.0	
77.0	63.666668	57.0	59.0	62.0	60.333332	58.0	60.0	62.0	59.0	51.0	59.333332	89.0	126.0	128.33333	108.0	89.333336	94.333336	98.0	90.0	76.333336	62.333332	58.666668	69.0	62.0	44.333332	44.0	51.333332	57.666668	57.0	56.333332	60.0	64.0	68.333336	70.666664	71.0	
89.666664	74.333336	67.0	53.333332	51.666668	51.666668	52.0	55.666668	58.0	52.666668	50.666668	64.333336	75.666664	81.333336	72.666664	51.333332	37.333332	46.333332	54.666668	51.666668	39.666668	31.0	38.333332	64.666664	82.0	56.0	44.666668	46.0	51.0	54.333332	56.666668	60.666668	65.333336	69.333336	71.333336	71.666664	
96.333336	88.666664	85.333336	66.0	56.0	53.0	52.0	54.0	52.666668	47.0	57.666668	84.333336	99.333336	87.0	52.666668	40.666668	34.0	33.333332	36.666668	35.666668	32.333332	36.333332	47.666668	64.666664	97.666664	80.333336	54.333332	49.0	49.0	51.666668	58.666668	64.333336	66.666664	69.0	71.0	74.0	
95.333336	96.333336	96.666664	83.666664	64.0	57.333332	58.666668	55.0	50.666668	50.0	69.666664	104.333336	131.66667	129.0	86.0	65.333336	59.333332	54.0	46.333332	45.333332	51.666668	59.333332	67.666664	72.0	100.666664	103.0	70.333336	56.333332	51.333332	52.666668	60.333332	65.666664	67.0	67.333336	69.666664	75.0	
89.666664	98.0	99.333336	100.666664	74.666664	61.666668	62.333332	55.666668	51.666668	54.333332	79.666664	124.666664	153.0	159.66667	134.66667	107.333336	84.333336	70.333336	61.0	59.666668	66.0	67.333336	68.666664	76.666664	107.0	117.333336	82.666664	60.333332	52.666668	55.0	63.0	65.333336	65.333336	65.666664	69.666664	75.333336	
77.666664	92.333336	93.666664	106.333336	89.333336	72.666664	69.0	58.333332	55.666668	62.333332	83.0	137.0	165.33333	173.0	167.33333	157.0	129.66667	89.666664	71.333336	70.0	72.666664	75.666664	71.333336	75.333336	102.333336	102.333336	75.666664	59.0	53.333332	58.0	64.666664	64.0	64.333336	66.666664	70.666664	74.333336	
67.333336	85.333336	94.0	106.666664	103.666664	91.0	79.333336	64.0	59.666668	66.666664	86.666664	136.0	160.33333	159.33333	158.0	154.66667	140.66667	108.0	83.666664	78.666664	73.333336	71.333336	66.333336	66.0	75.666664	66.666664	56.0	48.333332	50.666668	59.666668	63.0	62.0	64.333336	68.333336	71.666664	71.666664	
58.666668	70.666664	86.0	98.0	105.0	95.666664	79.666664	68.333336	61.333332	66.0	86.333336	119.0	116.0	96.0	84.333336	79.666664	74.0	65.333336	59.0	55.666668	52.0	44.666668	38.666668	34.0	34.0	38.666668	43.666668	41.333332	49.333332	62.0	61.666668	57.0	60.666668	69.333336	72.333336	67.333336	
57.333332	58.333332	70.666664	85.333336	98.666664	90.666664	73.666664	69.333336	60.666668	58.333332	61.333332	61.666668	46.333332	33.0	24.333334	30.333334	36.666668	42.333332	43.666668	39.333332	42.666668	38.666668	27.666666	22.666666	34.333332	49.666668	55.0	51.333332	50.0	54.333332	54.0	50.333332	58.666668	71.666664	72.666664	62.666668	
66.0	62.666668	59.0	74.666664	86.666664	80.333336	65.666664	65.0	59.666668	49.333332	53.0	59.0	46.666668	38.0	35.333332	31.0	34.666668	41.0	40.666668	40.0	41.333332	37.333332	35.333332	41.0	49.0	60.0	63.333332	58.333332	55.333332	52.333332	48.0	51.333332	61.0	71.333336	69.0	57.0	
78.666664	70.333336	59.0	61.0	67.0	67.333336	59.333332	56.333332	60.333332	64.666664	87.333336	106.333336	94.333336	81.0	70.0	61.0	55.333332	47.666668	41.666668	44.666668	46.333332	47.0	49.666668	54.333332	59.333332	62.666668	61.333332	57.333332	52.333332	48.0	48.333332	60.0	66.333336	68.666664	62.666668	49.333332	
84.666664	82.0	65.0	58.0	53.666668	55.0	53.0	53.666668	63.0	78.666664	106.0	116.0	105.666664	102.666664	110.0	108.0	107.0	95.0	81.666664	69.0	62.0	63.666668	58.333332	58.333332	61.333332	58.0	55.0	54.333332	49.333332	46.0	68.0	81.666664	73.666664	69.333336	60.666668	46.0	
75.666664	100.0	77.666664	61.333332	51.0	44.666668	45.333332	47.666668	51.333332	63.666668	84.333336	90.333336	84.333336	74.666664	88.666664	106.0	108.0	109.333336	106.666664	85.666664	64.333336	60.333332	58.0	54.666668	52.0	50.666668	54.0	57.666668	50.666668	56.333332	99.666664	99.333336	75.666664	65.333336	55.333332	41.0	
50.0	106.333336	100.666664	65.333336	50.666668	41.666668	39.666668	41.666668	44.0	52.0	60.666668	63.333332	62.0	57.666668	52.0	61.666668	69.0	76.333336	79.333336	67.666664	56.333332	52.0	51.333332	48.666668	47.333332	51.666668	55.666668	56.0	51.0	75.666664	125.666664	89.333336	58.666668	57.0	47.666668	33.666668	
32.333332	90.666664	128.0	89.0	57.666668	48.0	40.0	40.0	42.0	48.333332	61.666668	71.333336	64.333336	55.666668	51.0	47.333332	46.0	46.0	43.333332	41.333332	44.0	49.0	51.333332	51.666668	53.0	57.333332	57.0	52.666668	59.666668	101.333336	139.66667	80.0	36.0	40.333332	39.333332	30.333334	
30.0	58.0	130.66667	131.33333	79.666664	57.0	45.333332	45.333332	41.666668	44.0	59.666668	86.0	94.666664	86.666664	66.666664	54.333332	54.333332	55.666668	55.0	56.333332	59.333332	63.0	61.666668	59.666668	60.333332	60.0	55.333332	51.666668	78.666664	127.666664	145.0	76.333336	23.333334	28.333334	32.0	29.333334	
35.0	34.0	97.666664	155.0	129.0	77.333336	54.0	49.333332	43.666668	42.333332	50.333332	71.333336	93.666664	108.0	102.0	81.666664	73.666664	74.0	71.666664	70.333336	71.0	73.333336	68.666664	64.333336	61.0	58.333332	51.0	58.333332	104.333336	142.66667	142.0	68.666664	18.333334	23.666666	27.333334	25.666666	
43.333332	36.0	61.333332	138.33333	159.66667	127.666664	82.333336	55.333332	47.0	46.333332	47.666668	56.0	70.333336	91.666664	110.0	112.666664	104.666664	94.0	78.666664	69.333336	65.333336	66.333336	63.333332	57.666668	53.333332	50.666668	52.666668	81.333336	128.0	145.66667	139.0	63.333332	13.666667	18.0	24.0	23.0	
48.333332	44.333332	46.0	101.333336	164.66667	160.0	124.333336	87.333336	60.666668	49.666668	46.666668	50.0	55.333332	63.333332	76.666664	88.666664	95.666664	88.0	72.666664	62.0	58.333332	59.0	55.333332	52.0	49.333332	48.0	69.666664	113.0	142.33333	145.0	143.0	70.333336	15.0	14.0	20.666666	22.333334	
63.0	55.333332	52.0	68.333336	140.66667	170.0	152.33333	131.33333	103.0	76.0	59.0	51.0	51.333332	55.666668	57.333332	58.0	62.0	61.666668	57.333332	54.0	51.666668	48.666668	48.666668	44.0	48.0	66.333336	102.666664	136.0	145.33333	149.33333	144.33333	78.333336	20.0	12.333333	19.0	22.666666	
