153.0	152.33333	153.33333	154.0	151.66667	152.66667	155.33333	152.33333	153.0	161.0	164.33333	171.0	184.33333	188.0	190.33333	189.0	188.33333	191.0	188.0	186.33333	189.33333	191.0	191.66667	194.0	190.0	183.33333	180.0	181.33333	177.0	168.33333	165.33333	163.33333	156.66667	150.66667	138.66667	136.33333	
150.33333	149.33333	151.66667	153.66667	158.33333	163.33333	163.66667	164.0	168.33333	173.0	177.33333	184.33333	195.33333	199.66667	202.33333	204.66667	200.66667	200.0	196.0	190.66667	192.66667	193.33333	194.0	195.33333	191.0	187.0	181.33333	182.33333	177.0	169.33333	167.0	165.33333	159.33333	154.0	142.33333	136.66667	
150.0	148.66667	151.0	153.0	158.0	163.0	164.66667	165.66667	173.33333	177.0	183.33333	191.66667	201.66667	209.0	215.66667	216.33333	211.66667	208.66667	205.66667	195.66667	189.66667	188.66667	192.66667	195.33333	194.0	190.66667	183.66667	181.0	174.33333	168.66667	166.66667	166.66667	162.66667	158.33333	148.0	137.66667	
151.0	151.33333	151.33333	150.66667	156.33333	164.0	166.66667	164.0	170.66667	179.66667	185.66667	195.0	204.0	208.66667	216.0	218.33333	209.66667	206.66667	206.0	198.66667	187.66667	184.33333	192.33333	198.33333	198.0	192.33333	190.33333	183.0	176.0	170.0	169.33333	169.33333	165.0	157.66667	148.33333	138.66667	
147.33333	149.66667	150.33333	151.66667	156.66667	163.33333	166.33333	167.0	175.0	182.0	185.33333	194.33333	201.66667	203.33333	211.66667	218.0	212.33333	206.66667	205.0	199.66667	188.66667	184.66667	190.66667	198.33333	199.66667	194.66667	190.33333	183.33333	180.33333	176.66667	172.0	170.0	166.33333	157.33333	146.0	136.66667	
144.0	148.33333	150.66667	152.66667	155.0	157.33333	161.0	165.0	176.0	184.33333	187.33333	195.66667	201.33333	205.0	209.66667	212.0	210.33333	204.0	199.33333	194.33333	186.33333	186.33333	193.33333	201.0	203.0	196.0	191.33333	188.33333	185.0	180.33333	175.66667	173.0	166.33333	159.0	145.66667	133.33333	
141.0	148.33333	153.33333	153.0	155.33333	157.33333	162.66667	168.0	176.0	183.0	188.33333	196.33333	199.66667	203.33333	205.33333	208.0	209.66667	201.33333	194.0	189.33333	184.66667	183.0	187.66667	198.0	201.66667	196.0	193.66667	191.66667	186.33333	180.0	176.66667	175.0	166.33333	156.66667	138.66667	127.333336	
140.66667	149.66667	153.0	151.0	153.0	156.33333	161.33333	169.0	173.66667	179.33333	186.33333	191.66667	198.0	202.66667	207.0	211.0	211.0	203.66667	197.33333	189.0	184.0	181.33333	182.33333	190.66667	195.66667	195.33333	191.66667	189.0	186.0	178.0	174.0	172.33333	165.0	156.66667	136.66667	127.333336	
141.0	146.66667	152.0	151.33333	152.66667	154.66667	160.0	170.0	176.0	179.66667	182.66667	186.33333	198.66667	205.33333	205.66667	205.0	203.66667	199.33333	195.33333	187.0	182.66667	183.0	186.33333	188.0	186.0	185.0	180.66667	181.33333	182.0	174.33333	167.33333	167.33333	166.33333	158.33333	142.66667	131.66667	
142.66667	148.66667	155.33333	154.33333	151.33333	151.0	157.66667	168.0	178.0	180.0	180.66667	181.66667	188.33333	184.66667	180.66667	185.0	188.33333	182.66667	181.66667	179.66667	178.66667	178.33333	180.33333	180.0	172.0	167.33333	166.0	166.66667	161.66667	150.33333	141.0	147.33333	156.0	154.33333	147.33333	135.0	
140.33333	148.0	154.33333	150.33333	147.66667	145.66667	147.0	159.66667	165.0	158.66667	155.0	154.33333	148.33333	136.0	121.0	132.33333	155.0	154.33333	161.66667	170.0	173.66667	174.33333	174.66667	176.0	163.0	149.0	137.33333	125.666664	104.666664	86.666664	78.333336	82.666664	91.333336	103.666664	122.666664	128.0	
142.33333	147.66667	152.0	148.0	144.33333	138.33333	135.33333	127.333336	109.666664	95.0	95.333336	90.666664	80.666664	83.333336	87.333336	92.333336	110.333336	120.333336	133.0	150.33333	167.0	174.0	172.66667	169.33333	150.66667	124.0	107.333336	96.333336	86.333336	73.666664	67.0	66.333336	63.333332	64.0	82.0	106.333336	
143.33333	146.66667	150.0	150.66667	146.0	133.66667	121.0	97.0	87.0	84.0	90.666664	96.0	94.0	98.666664	113.0	118.333336	117.666664	117.333336	118.333336	132.66667	157.33333	169.33333	171.66667	163.33333	140.66667	111.0	115.0	126.333336	124.666664	114.666664	111.666664	113.0	111.333336	93.0	82.333336	99.333336	
148.0	147.33333	149.66667	152.33333	145.33333	127.333336	111.333336	104.333336	124.666664	135.66667	146.66667	157.0	156.33333	153.66667	151.0	147.33333	147.33333	140.33333	130.0	137.33333	157.33333	171.0	172.33333	165.33333	139.0	119.0	147.33333	161.66667	163.66667	160.33333	158.33333	152.66667	148.66667	132.0	110.0	109.333336	
140.66667	149.0	153.66667	153.66667	146.0	127.333336	118.0	122.666664	141.0	154.66667	165.33333	174.66667	168.33333	152.66667	144.0	139.33333	141.66667	141.66667	137.33333	140.0	156.66667	173.66667	178.0	174.33333	143.33333	117.666664	138.66667	138.0	136.33333	133.33333	130.33333	123.333336	116.666664	114.0	107.0	104.0	
89.333336	123.0	146.33333	154.66667	151.66667	132.33333	126.333336	137.66667	142.66667	154.33333	176.33333	163.33333	135.0	112.333336	101.0	96.666664	101.666664	108.333336	111.333336	109.666664	136.0	170.0	182.0	178.66667	141.0	119.333336	127.333336	103.333336	88.333336	86.0	95.333336	90.666664	81.0	76.333336	88.333336	98.0	
100.666664	85.666664	89.666664	110.333336	136.0	142.33333	131.66667	123.0	113.666664	119.666664	127.666664	126.666664	122.666664	105.666664	88.0	77.333336	85.0	99.666664	98.666664	95.666664	96.0	128.66667	150.0	145.0	114.0	102.333336	94.666664	79.666664	69.333336	67.666664	80.666664	80.333336	79.0	69.0	80.666664	102.666664	
138.66667	127.666664	102.666664	79.333336	81.666664	108.666664	124.333336	102.666664	92.666664	85.666664	81.666664	87.666664	98.666664	87.666664	77.333336	76.0	92.666664	111.666664	107.0	108.333336	82.333336	84.333336	123.666664	135.0	123.333336	88.0	66.0	85.666664	79.666664	59.666668	43.333332	47.0	61.666668	74.0	91.0	104.333336	
146.66667	144.0	139.66667	133.0	104.0	80.333336	97.333336	96.666664	100.333336	82.333336	72.666664	76.0	72.666664	80.333336	87.333336	90.0	102.666664	112.333336	113.666664	95.666664	64.0	99.333336	160.66667	172.33333	158.66667	111.333336	64.666664	86.333336	90.666664	82.666664	71.333336	68.666664	76.666664	90.666664	105.666664	111.0	
146.33333	143.0	147.0	158.0	162.33333	148.0	130.33333	106.0	110.0	112.0	117.0	127.666664	106.0	104.0	104.0	104.666664	106.333336	108.666664	117.333336	93.0	65.333336	108.666664	161.66667	172.0	165.0	126.333336	67.666664	82.666664	91.0	89.333336	86.666664	90.0	99.333336	105.666664	112.0	111.666664	
137.0	137.33333	146.0	154.33333	171.33333	179.33333	166.33333	124.0	111.0	115.666664	121.666664	124.333336	120.333336	121.666664	119.333336	120.333336	116.0	112.666664	120.666664	116.666664	93.0	118.666664	150.66667	167.66667	169.33333	138.66667	85.666664	89.333336	101.333336	103.0	111.666664	112.666664	119.666664	121.666664	115.0	109.0	
132.66667	133.0	144.0	155.66667	172.33333	180.0	174.0	137.33333	116.666664	124.0	127.666664	132.0	134.0	133.66667	126.0	118.666664	115.0	116.333336	124.0	115.0	100.666664	125.666664	144.66667	158.33333	167.66667	145.33333	98.0	91.333336	109.333336	109.0	117.0	127.666664	131.0	126.0	113.666664	106.666664	
128.66667	131.0	143.0	159.0	169.66667	176.66667	173.66667	160.66667	124.666664	125.0	135.0	134.66667	135.0	132.0	124.666664	124.333336	128.0	128.66667	128.33333	113.666664	118.0	132.0	140.33333	153.66667	167.33333	155.0	113.333336	91.666664	100.333336	110.333336	115.333336	123.0	129.33333	124.333336	113.333336	110.333336	
124.333336	126.0	140.33333	157.0	166.66667	170.0	171.66667	176.66667	155.0	126.0	120.0	125.666664	127.666664	125.666664	126.0	131.0	121.666664	110.666664	106.666664	115.0	120.666664	126.333336	139.66667	152.66667	165.0	162.0	127.0	102.666664	114.666664	123.0	118.666664	121.333336	131.33333	133.0	133.33333	137.33333	
121.333336	122.0	136.66667	153.33333	162.66667	165.66667	172.33333	178.0	180.0	166.66667	150.33333	137.33333	131.33333	136.0	150.33333	141.0	114.0	107.333336	105.0	117.0	119.666664	112.0	132.66667	150.33333	164.0	165.0	142.33333	113.333336	116.0	143.0	152.66667	152.0	161.0	160.33333	149.0	142.0	
123.666664	122.333336	135.66667	152.0	162.33333	166.0	170.66667	174.33333	174.0	176.33333	178.33333	174.0	178.0	188.0	188.66667	151.66667	117.0	106.666664	114.333336	122.666664	124.666664	109.333336	129.33333	153.66667	172.33333	167.33333	152.66667	127.333336	114.0	128.33333	157.0	164.66667	167.0	162.66667	150.0	137.0	
122.666664	123.666664	138.33333	150.33333	157.66667	164.66667	168.66667	172.66667	174.0	179.66667	185.33333	186.33333	190.33333	192.0	171.66667	135.33333	122.0	105.333336	124.0	134.0	131.33333	118.333336	133.66667	159.33333	182.33333	169.66667	153.66667	139.0	129.0	124.666664	150.66667	166.66667	169.33333	162.0	150.33333	136.33333	
119.666664	122.333336	135.33333	147.33333	156.0	160.66667	163.0	167.66667	174.0	182.66667	187.66667	193.33333	191.33333	180.33333	145.33333	133.66667	136.33333	116.333336	126.0	139.66667	139.0	128.66667	135.0	157.33333	180.0	166.66667	148.66667	128.66667	120.0	121.666664	141.33333	162.33333	167.66667	160.66667	148.33333	134.66667	
119.0	118.333336	126.0	143.33333	154.33333	154.0	156.0	162.66667	171.0	180.33333	184.33333	187.0	183.0	163.0	128.33333	143.66667	155.0	140.0	116.333336	104.333336	94.0	94.0	115.0	139.0	151.66667	146.66667	134.66667	105.666664	106.0	121.333336	136.66667	157.33333	164.66667	158.66667	147.66667	134.0	
119.666664	115.0	119.0	137.33333	152.33333	152.0	153.0	162.66667	168.33333	176.0	180.66667	178.0	167.33333	143.66667	133.0	158.33333	166.66667	144.33333	120.0	94.0	68.0	67.666664	86.333336	99.666664	109.333336	106.0	88.0	86.666664	120.0	126.333336	130.33333	152.66667	161.0	157.33333	149.66667	137.66667	
122.0	117.0	116.666664	135.33333	151.0	149.0	147.0	156.66667	162.66667	171.0	174.33333	169.33333	151.0	126.333336	143.0	156.33333	157.33333	130.33333	107.333336	72.0	48.0	56.666668	72.333336	67.666664	44.666668	42.333332	47.333332	66.666664	99.666664	115.666664	124.0	145.0	155.33333	152.66667	148.0	138.33333	
118.666664	115.333336	116.333336	136.33333	146.66667	147.0	146.66667	152.66667	156.66667	165.33333	167.0	158.0	136.33333	121.0	130.0	123.333336	124.333336	99.666664	81.0	53.0	38.333332	39.0	55.333332	58.333332	29.0	32.666668	40.666668	46.333332	58.666668	85.666664	111.0	135.66667	151.33333	151.0	148.0	138.0	
115.666664	117.0	115.333336	132.33333	143.33333	148.0	152.66667	156.66667	159.0	162.0	157.66667	142.0	116.666664	107.666664	95.333336	90.0	92.0	79.0	68.666664	48.0	34.333332	30.0	39.0	47.666668	30.666666	30.666666	38.0	46.333332	46.333332	57.333332	81.0	121.0	148.0	150.66667	146.33333	132.0	
112.666664	112.333336	115.0	132.0	141.66667	145.33333	147.0	154.33333	160.66667	163.66667	155.66667	132.0	106.0	94.666664	76.333336	86.666664	82.0	68.0	60.666668	42.666668	31.666666	30.0	34.0	43.333332	37.333332	28.333334	38.0	42.333332	43.666668	49.333332	54.666668	93.666664	138.0	148.33333	141.66667	125.666664	
113.333336	113.0	112.666664	127.333336	138.33333	141.33333	141.33333	149.33333	158.33333	164.0	155.33333	124.333336	106.666664	89.666664	65.333336	80.0	75.0	62.666668	51.333332	38.666668	33.666668	33.333332	37.666668	43.0	39.666668	30.0	39.666668	40.666668	41.666668	46.333332	45.666668	75.333336	125.0	146.33333	137.0	117.666664	
111.0	112.666664	112.333336	128.0	137.33333	135.66667	132.66667	142.33333	153.66667	158.0	148.66667	113.0	93.333336	74.0	54.333332	66.666664	63.666668	57.333332	43.333332	34.666668	38.333332	38.666668	45.0	51.666668	42.0	31.666666	37.666668	42.333332	41.0	48.333332	43.666668	70.666664	121.333336	142.66667	132.0	110.333336	
109.333336	107.666664	107.666664	126.666664	139.66667	136.0	127.333336	133.0	145.66667	151.33333	146.0	105.0	68.666664	52.666668	46.333332	50.666668	50.333332	48.666668	39.0	39.333332	54.333332	66.0	62.333332	68.666664	60.0	61.0	51.666668	42.333332	42.666668	52.0	45.333332	73.0	125.333336	140.66667	125.333336	101.0	
106.333336	102.333336	103.333336	122.666664	140.33333	143.33333	133.0	128.33333	139.66667	149.0	150.0	114.0	75.666664	70.0	76.666664	77.666664	70.0	66.666664	66.333336	83.666664	101.333336	101.0	98.666664	106.666664	114.0	112.666664	83.333336	76.0	79.0	80.666664	78.666664	102.333336	136.33333	135.0	115.0	89.0	
108.666664	102.333336	104.0	115.333336	135.66667	149.0	140.66667	126.666664	136.0	149.33333	155.33333	132.0	118.666664	123.0	123.0	119.666664	113.0	102.0	93.0	97.666664	112.0	110.666664	107.0	110.0	113.0	101.333336	98.333336	104.0	105.666664	108.0	116.0	122.666664	135.33333	126.666664	103.0	77.333336	
111.0	101.0	99.333336	109.0	125.0	139.33333	137.66667	125.333336	126.666664	140.33333	147.66667	130.33333	132.0	144.66667	139.33333	126.0	121.666664	124.666664	125.333336	123.666664	125.0	117.333336	111.666664	112.333336	113.0	111.666664	116.0	114.0	106.666664	118.333336	124.666664	119.666664	124.666664	113.666664	92.666664	66.666664	
112.333336	105.333336	98.666664	107.0	122.333336	138.0	138.0	119.333336	115.0	129.66667	135.66667	128.33333	136.33333	142.66667	143.33333	138.0	124.333336	117.0	124.0	130.66667	134.33333	126.666664	121.333336	120.666664	118.666664	112.666664	109.666664	104.666664	110.666664	129.0	123.666664	114.333336	108.0	95.0	82.333336	56.0	
112.333336	109.333336	97.0	97.666664	119.0	133.66667	138.0	121.666664	104.666664	115.666664	130.33333	130.0	136.66667	141.66667	141.33333	142.66667	137.66667	130.0	120.333336	116.0	117.333336	112.333336	108.333336	109.0	104.333336	101.333336	104.333336	111.666664	122.333336	128.0	120.333336	107.333336	97.0	93.666664	76.333336	54.666668	
99.333336	103.666664	101.333336	93.333336	106.666664	126.0	137.66667	136.33333	116.333336	102.333336	115.333336	129.33333	130.66667	131.33333	132.33333	137.66667	138.66667	142.0	137.0	123.333336	117.333336	110.666664	104.0	103.333336	105.666664	112.666664	116.333336	122.333336	125.666664	126.666664	113.0	96.666664	96.333336	91.0	62.0	56.0	
80.666664	95.333336	105.333336	98.666664	91.666664	115.0	135.33333	141.66667	137.66667	117.666664	106.0	114.333336	121.0	124.333336	124.666664	133.0	139.0	140.0	139.0	137.0	130.33333	121.0	115.333336	113.666664	117.0	124.0	123.0	126.666664	131.0	124.0	106.0	90.0	93.0	76.333336	56.333332	62.0	
102.666664	101.333336	98.666664	100.666664	92.0	97.333336	118.666664	138.0	144.33333	137.66667	120.666664	107.0	114.0	119.666664	124.666664	133.33333	142.66667	141.33333	138.0	133.33333	136.33333	133.66667	132.66667	132.66667	130.0	127.666664	125.666664	127.0	131.33333	118.333336	98.0	85.666664	67.0	43.666668	46.0	61.333332	
101.0	155.66667	113.666664	101.0	99.0	97.333336	99.333336	118.666664	139.33333	145.0	136.66667	114.666664	109.0	118.666664	126.333336	132.0	138.66667	142.33333	138.66667	135.66667	140.0	141.0	143.66667	142.33333	135.66667	125.0	118.0	121.0	125.666664	112.0	91.666664	66.666664	26.333334	21.0	27.333334	43.0	
63.333332	169.0	181.66667	129.0	101.0	100.0	105.333336	105.333336	114.333336	127.0	134.0	122.666664	110.0	120.0	127.333336	129.66667	136.0	145.0	144.66667	141.66667	135.66667	136.33333	133.0	136.0	136.0	125.666664	112.333336	112.0	111.333336	95.666664	80.0	42.666668	14.0	19.666666	23.333334	26.0	
38.333332	131.0	208.66667	193.66667	139.0	101.333336	107.0	117.0	113.0	109.0	120.333336	125.0	115.666664	110.666664	120.333336	127.0	135.0	142.0	146.0	144.66667	132.33333	126.666664	123.333336	128.0	127.333336	118.666664	106.333336	103.333336	94.333336	82.0	67.666664	30.666666	19.0	25.0	28.0	30.666666	
30.666666	82.666664	200.66667	216.0	200.0	152.33333	109.666664	113.333336	125.0	117.333336	114.0	119.0	117.666664	106.666664	103.333336	115.333336	125.333336	129.66667	133.66667	134.0	126.666664	124.0	124.333336	124.666664	117.0	108.0	95.333336	85.333336	80.0	80.333336	54.333332	22.0	24.0	28.666666	28.333334	30.333334	
