78.666664	101.0	118.666664	129.0	128.33333	127.333336	130.33333	135.33333	140.66667	148.0	152.0	155.0	155.33333	157.33333	156.66667	153.0	141.33333	148.33333	157.33333	159.0	157.33333	156.33333	155.33333	152.66667	147.33333	144.33333	140.33333	133.33333	125.666664	117.333336	107.333336	100.333336	83.0	51.666668	30.333334	28.0	
90.0	115.666664	130.33333	137.0	136.33333	137.66667	141.0	146.0	151.66667	155.66667	158.33333	160.66667	161.66667	163.0	165.0	162.66667	158.0	158.33333	163.33333	163.33333	161.66667	160.66667	159.33333	156.33333	152.0	149.33333	145.66667	140.0	131.66667	125.666664	115.0	102.333336	84.333336	64.333336	38.333332	27.333334	
104.333336	124.0	133.33333	139.66667	141.33333	143.33333	147.66667	154.33333	162.0	163.0	161.66667	164.0	164.66667	168.0	171.33333	172.0	171.0	166.66667	167.66667	171.0	167.66667	167.0	164.0	160.0	159.0	155.66667	152.0	146.0	137.0	129.66667	120.666664	104.666664	90.0	77.0	48.666668	28.333334	
114.0	126.666664	135.0	139.33333	142.0	147.33333	152.33333	159.66667	165.66667	167.0	166.0	169.33333	169.66667	172.0	174.0	175.33333	178.0	174.66667	172.0	174.33333	173.66667	172.0	169.33333	165.66667	162.33333	159.33333	154.0	148.66667	140.0	133.0	127.666664	108.0	91.333336	80.333336	55.666668	29.333334	
117.0	127.333336	136.33333	141.33333	145.0	148.66667	155.66667	162.33333	167.66667	170.66667	173.33333	175.33333	177.0	176.33333	175.66667	177.66667	179.66667	176.66667	176.33333	178.0	177.33333	176.0	171.0	169.0	165.33333	160.66667	153.33333	146.66667	142.0	135.66667	131.33333	113.0	95.0	79.666664	64.666664	35.333332	
117.333336	126.666664	133.33333	143.66667	146.33333	150.0	158.0	163.33333	167.66667	172.33333	177.0	179.0	179.33333	179.0	179.0	180.0	179.33333	179.66667	179.33333	179.66667	176.66667	174.33333	170.66667	168.33333	164.33333	160.66667	154.33333	147.33333	144.0	139.66667	134.0	118.0	98.666664	84.666664	65.333336	39.333332	
113.666664	124.666664	133.33333	142.66667	147.66667	153.33333	159.33333	162.0	165.33333	170.0	173.0	175.0	175.0	175.66667	177.66667	178.33333	177.0	175.0	174.33333	173.66667	171.0	166.33333	165.33333	163.0	158.33333	155.66667	152.0	148.0	144.66667	141.0	135.33333	121.0	102.0	85.666664	66.0	42.333332	
111.666664	124.333336	132.33333	141.33333	150.33333	155.66667	159.0	161.66667	164.33333	165.33333	168.66667	172.33333	171.33333	170.66667	172.33333	173.33333	174.0	173.33333	171.66667	171.33333	168.66667	163.66667	161.33333	157.33333	154.66667	151.0	150.0	148.66667	147.33333	142.33333	138.33333	125.0	103.666664	86.0	66.0	43.666668	
111.0	125.333336	130.66667	142.66667	152.0	156.66667	160.33333	161.33333	163.33333	163.0	164.33333	165.33333	165.0	163.66667	165.33333	169.33333	170.66667	171.66667	171.0	170.33333	166.66667	164.66667	162.33333	157.0	153.0	150.0	150.33333	148.66667	147.33333	146.0	143.33333	129.33333	106.333336	89.666664	69.333336	43.333332	
106.0	124.0	132.0	143.0	155.33333	158.0	160.66667	161.33333	162.33333	163.33333	163.66667	163.0	164.0	164.33333	163.66667	165.0	165.66667	165.66667	168.0	167.33333	167.66667	164.33333	161.66667	159.66667	156.0	155.33333	153.0	151.0	147.66667	148.66667	143.66667	132.0	106.666664	89.0	70.666664	41.0	
101.333336	122.0	129.66667	144.0	156.66667	160.66667	163.0	164.33333	164.0	164.66667	165.33333	168.0	167.33333	166.0	165.0	165.33333	163.66667	163.0	166.66667	167.66667	168.66667	166.0	166.66667	167.66667	165.66667	162.0	157.0	151.66667	148.33333	149.33333	145.66667	130.33333	103.333336	88.333336	72.333336	45.333332	
92.666664	119.333336	127.0	140.0	156.33333	162.66667	164.66667	168.0	168.66667	171.33333	173.66667	178.0	178.66667	177.0	174.66667	174.0	169.66667	169.66667	173.0	174.66667	173.66667	174.66667	173.33333	171.33333	171.0	166.66667	162.66667	155.66667	152.66667	152.0	146.33333	132.33333	103.0	86.333336	78.333336	60.0	
100.666664	121.333336	126.0	137.33333	156.0	164.66667	169.66667	174.0	172.66667	175.66667	179.33333	181.66667	182.0	182.0	181.0	183.0	178.0	175.66667	177.33333	180.66667	178.66667	178.66667	173.66667	171.66667	170.33333	167.0	164.66667	162.0	158.0	157.0	148.0	134.66667	108.333336	84.666664	81.666664	70.666664	
116.666664	126.0	126.333336	136.66667	154.33333	164.33333	168.33333	174.0	176.33333	176.0	179.33333	180.33333	177.33333	178.0	177.33333	182.66667	180.0	173.66667	172.33333	176.66667	175.66667	163.0	157.33333	150.0	142.66667	141.33333	140.0	142.0	148.33333	152.33333	151.33333	139.66667	115.0	88.0	85.333336	77.0	
124.666664	130.0	131.33333	137.66667	153.0	162.66667	171.33333	175.0	174.33333	169.66667	168.33333	162.33333	160.0	160.33333	161.33333	164.0	172.66667	166.0	164.33333	163.0	158.33333	137.66667	122.0	98.0	90.333336	83.666664	88.0	99.333336	113.333336	118.333336	124.333336	130.66667	115.0	89.666664	90.666664	84.333336	
130.0	136.0	136.66667	138.33333	152.66667	164.33333	165.0	151.66667	145.66667	135.33333	115.333336	100.0	100.333336	109.333336	125.666664	136.66667	154.0	149.0	152.66667	151.33333	137.0	112.0	92.0	70.666664	61.666668	65.666664	80.666664	93.0	96.0	95.666664	88.0	84.666664	80.0	70.0	86.0	93.666664	
133.33333	138.66667	137.66667	136.33333	138.33333	130.66667	122.333336	120.0	110.0	91.0	68.0	55.333332	54.333332	60.333332	73.666664	101.666664	134.33333	136.66667	152.66667	154.66667	134.0	93.666664	83.0	90.0	88.0	89.0	94.333336	89.333336	96.0	107.0	107.666664	93.666664	75.0	63.666668	80.666664	99.0	
139.66667	142.33333	130.33333	106.0	97.0	96.0	99.666664	99.666664	91.333336	86.333336	88.0	78.333336	88.333336	94.333336	102.0	96.0	119.333336	145.66667	165.0	159.33333	133.33333	94.0	106.333336	107.666664	105.666664	86.333336	80.0	77.333336	86.333336	83.333336	100.0	123.333336	115.0	96.0	95.666664	103.333336	
142.0	143.33333	127.0	103.666664	99.0	111.0	104.0	84.666664	80.666664	73.666664	74.333336	96.666664	142.33333	122.0	125.333336	121.333336	121.333336	148.66667	167.0	161.66667	132.33333	95.0	108.666664	137.0	151.33333	103.0	89.0	99.666664	129.0	91.333336	85.333336	123.333336	132.33333	122.0	115.333336	109.666664	
144.0	148.0	137.0	127.333336	131.0	135.66667	105.0	95.0	126.0	91.666664	89.333336	131.33333	185.66667	159.66667	143.33333	124.333336	120.0	141.66667	159.0	158.33333	128.66667	91.333336	101.666664	134.33333	153.66667	128.66667	112.0	126.0	135.0	106.666664	112.0	133.66667	140.66667	138.33333	130.66667	118.333336	
143.33333	152.33333	154.33333	151.33333	150.66667	149.0	127.0	114.666664	142.33333	133.33333	125.0	154.33333	159.0	135.66667	134.0	124.0	120.0	136.33333	150.66667	154.0	131.0	95.0	103.666664	130.0	139.0	143.33333	138.33333	132.66667	126.666664	129.33333	139.33333	144.0	148.33333	145.66667	140.0	127.0	
142.33333	153.33333	159.66667	162.66667	160.0	160.66667	155.33333	140.66667	137.66667	147.0	146.33333	151.33333	143.33333	140.33333	134.66667	128.0	128.0	132.33333	146.33333	153.33333	136.33333	100.666664	105.0	115.333336	135.33333	153.66667	158.33333	158.0	152.66667	150.66667	149.33333	148.33333	151.66667	146.33333	138.33333	126.666664	
142.66667	153.0	160.33333	162.66667	163.66667	162.33333	159.0	159.33333	158.0	160.66667	166.33333	167.33333	155.0	138.33333	129.0	133.33333	132.33333	130.66667	147.33333	158.33333	140.66667	106.666664	109.0	115.333336	124.666664	145.33333	158.33333	161.33333	157.0	153.33333	148.0	149.0	154.0	148.66667	134.66667	122.0	
143.33333	153.66667	158.33333	159.33333	160.33333	161.33333	161.66667	165.33333	166.66667	165.66667	167.0	166.0	155.33333	143.33333	136.66667	135.33333	130.66667	132.33333	150.33333	159.0	145.66667	112.666664	108.0	116.333336	120.333336	134.0	152.33333	160.33333	161.0	156.33333	150.66667	150.66667	154.0	147.66667	129.66667	114.333336	
139.66667	151.33333	153.66667	156.66667	162.0	165.33333	165.0	166.0	166.0	168.66667	171.66667	172.0	159.0	146.66667	138.33333	132.66667	132.0	132.33333	150.0	160.66667	153.33333	121.666664	105.333336	120.0	126.333336	129.33333	137.66667	150.66667	160.66667	162.66667	159.0	158.0	156.66667	149.33333	126.0	108.0	
136.66667	146.0	149.66667	155.0	163.33333	171.66667	171.66667	170.0	172.66667	174.0	171.66667	166.33333	155.0	146.33333	138.66667	136.33333	132.0	132.33333	152.0	165.33333	161.33333	138.0	104.666664	119.333336	143.33333	139.33333	136.66667	141.66667	150.0	159.33333	166.0	165.33333	156.33333	145.66667	122.666664	104.666664	
131.66667	142.33333	147.66667	153.66667	161.0	170.0	176.66667	178.0	174.66667	169.66667	164.0	158.0	154.66667	149.66667	146.33333	137.33333	129.33333	133.66667	155.33333	168.0	169.0	149.0	108.666664	103.666664	146.0	157.66667	148.66667	146.66667	145.66667	153.0	161.0	161.66667	147.33333	138.0	121.333336	103.333336	
126.333336	137.0	144.0	150.33333	159.66667	171.66667	179.0	183.0	178.0	170.33333	162.66667	158.0	157.66667	159.66667	153.33333	128.0	124.0	140.66667	164.66667	175.33333	176.33333	156.0	117.0	101.0	123.333336	166.66667	164.0	153.33333	146.0	148.66667	151.66667	152.66667	143.66667	133.33333	122.333336	104.333336	
120.333336	130.0	141.33333	149.33333	156.33333	167.0	175.66667	182.33333	180.66667	172.66667	166.0	163.33333	165.33333	171.0	157.33333	130.33333	131.33333	147.33333	168.33333	191.0	188.66667	161.33333	124.0	109.333336	106.666664	155.33333	172.0	160.33333	150.33333	145.33333	145.66667	144.66667	138.66667	130.0	123.0	104.666664	
118.666664	125.666664	138.33333	148.0	154.33333	163.66667	172.0	177.0	177.66667	173.66667	168.33333	168.33333	170.66667	175.0	158.0	136.33333	141.0	143.33333	160.33333	182.0	178.33333	150.0	113.333336	113.0	106.666664	148.66667	175.33333	166.33333	154.66667	147.33333	145.33333	140.66667	133.33333	129.66667	123.333336	105.666664	
117.666664	123.666664	136.66667	149.0	156.66667	163.0	168.0	171.33333	171.66667	171.66667	169.0	170.0	174.33333	176.0	155.66667	137.66667	133.33333	116.333336	130.66667	152.0	150.33333	118.0	103.333336	122.0	119.666664	156.33333	175.0	168.66667	159.33333	153.0	145.0	136.0	129.66667	128.33333	125.0	100.666664	
116.333336	123.0	133.33333	145.66667	156.66667	163.33333	168.0	167.33333	170.0	169.33333	168.66667	167.66667	174.33333	175.0	160.0	137.0	133.66667	137.66667	140.33333	133.0	127.0	113.666664	104.666664	113.333336	133.0	151.33333	167.66667	170.33333	162.33333	157.33333	146.0	135.66667	125.0	124.0	120.333336	92.0	
112.0	120.0	126.333336	143.0	155.66667	162.66667	166.33333	164.66667	166.66667	167.33333	168.66667	169.66667	174.66667	169.0	159.0	148.66667	133.33333	126.333336	141.0	142.66667	137.0	128.33333	104.666664	99.0	120.333336	135.0	147.66667	166.0	163.66667	158.66667	149.66667	138.0	124.0	119.666664	114.0	84.666664	
113.0	118.0	121.666664	138.33333	151.0	157.66667	161.33333	164.0	164.33333	168.66667	170.66667	170.66667	171.66667	158.0	150.0	142.33333	123.333336	115.0	130.66667	128.33333	118.0	123.666664	104.0	79.666664	97.0	110.333336	119.0	149.66667	162.0	158.0	150.66667	139.0	124.0	115.0	104.666664	80.666664	
115.0	117.0	120.666664	130.66667	146.0	155.0	160.33333	164.33333	165.66667	168.0	168.0	166.66667	162.0	140.66667	134.66667	132.0	121.333336	110.0	121.666664	107.666664	100.666664	114.666664	106.0	77.333336	83.0	96.0	93.333336	119.666664	159.33333	156.66667	150.0	141.0	123.333336	108.0	93.333336	78.333336	
65.666664	109.333336	121.0	125.333336	140.33333	151.66667	159.0	162.33333	163.33333	165.66667	164.66667	161.33333	145.33333	117.666664	125.666664	126.333336	119.333336	112.333336	118.0	106.333336	97.333336	111.666664	114.0	96.0	94.0	103.666664	94.666664	109.0	150.66667	155.66667	148.0	138.66667	123.0	101.333336	84.666664	74.0	
31.666666	88.0	117.333336	123.666664	133.33333	147.0	154.33333	158.0	160.0	162.33333	162.66667	159.66667	135.33333	112.333336	127.666664	127.333336	121.666664	124.333336	135.33333	136.33333	132.66667	138.66667	133.66667	122.0	121.0	123.333336	117.0	123.0	143.0	154.0	148.33333	138.66667	119.666664	96.0	81.666664	65.333336	
24.333334	62.666668	113.333336	121.0	130.33333	142.66667	150.0	156.0	160.0	159.0	160.0	156.66667	140.33333	125.333336	133.33333	138.0	138.66667	130.66667	130.33333	134.66667	134.66667	125.666664	117.333336	111.0	109.333336	118.0	124.333336	131.66667	146.66667	153.66667	148.0	137.0	113.666664	91.333336	78.0	50.0	
87.666664	93.0	109.333336	118.0	125.333336	134.66667	143.33333	152.0	159.66667	158.0	159.33333	155.33333	148.33333	141.33333	138.0	135.66667	132.33333	137.33333	137.33333	138.66667	135.0	137.66667	136.0	128.66667	124.0	130.66667	133.0	141.66667	153.66667	156.33333	147.0	133.33333	108.333336	87.0	68.666664	36.0	
147.0	142.66667	113.0	110.0	118.333336	129.0	137.0	145.33333	154.33333	157.33333	159.66667	155.66667	150.0	143.33333	145.66667	149.66667	152.33333	157.66667	153.33333	147.33333	141.33333	136.66667	141.33333	142.0	132.66667	136.0	134.33333	140.66667	154.33333	157.33333	147.66667	129.66667	103.0	82.0	59.0	40.666668	
163.0	159.0	126.0	106.666664	109.666664	123.666664	132.33333	139.66667	149.0	156.0	161.33333	161.0	156.66667	155.33333	154.33333	152.66667	151.66667	148.66667	148.66667	143.33333	133.33333	133.66667	140.0	136.0	131.66667	134.33333	132.0	140.0	147.33333	150.0	144.0	127.0	98.666664	73.333336	49.333332	41.333332	
174.66667	171.33333	132.0	110.0	101.0	113.0	128.33333	137.33333	145.66667	152.66667	158.66667	156.66667	151.33333	150.66667	151.0	150.33333	149.66667	151.33333	150.33333	149.0	143.33333	143.66667	144.0	140.33333	138.0	133.66667	130.0	140.33333	140.66667	137.0	134.66667	120.333336	94.333336	62.0	41.333332	38.0	
181.0	178.66667	136.0	114.666664	97.333336	99.666664	120.333336	132.66667	143.0	149.66667	150.0	144.33333	141.33333	143.33333	150.0	151.33333	154.66667	159.33333	158.66667	150.33333	145.66667	149.66667	151.33333	152.66667	148.33333	138.66667	132.33333	133.0	131.66667	130.0	127.666664	115.0	89.0	52.0	38.333332	36.333332	
186.0	184.0	139.0	120.333336	107.333336	91.0	102.666664	121.666664	136.0	144.0	143.33333	140.66667	141.66667	143.66667	151.33333	157.66667	162.66667	161.66667	156.0	149.66667	143.33333	146.66667	150.33333	152.33333	151.0	139.33333	130.33333	129.0	124.333336	122.333336	118.333336	105.333336	77.333336	45.0	36.333332	34.666668	
190.66667	188.0	144.66667	122.666664	119.666664	99.666664	91.0	110.333336	126.666664	134.66667	134.33333	136.33333	136.0	141.0	147.66667	157.0	161.0	157.33333	154.0	156.0	154.33333	149.66667	148.33333	145.66667	141.33333	132.66667	121.333336	119.0	116.0	110.0	105.333336	92.333336	57.0	40.666668	36.0	34.666668	
163.0	151.0	123.666664	122.0	127.333336	117.333336	95.0	95.0	114.333336	124.0	126.0	128.33333	132.0	134.0	136.0	148.66667	156.33333	158.66667	159.66667	161.33333	161.66667	158.66667	155.66667	148.33333	135.66667	127.0	117.0	111.333336	102.333336	94.666664	91.666664	67.666664	45.0	48.0	37.0	35.333332	
49.666668	43.0	71.0	122.666664	132.66667	129.66667	112.666664	93.333336	96.0	109.0	116.0	120.0	124.333336	126.666664	129.33333	139.66667	151.33333	160.66667	165.0	167.33333	164.0	160.66667	155.33333	145.66667	133.33333	122.333336	113.0	102.666664	85.666664	75.333336	65.666664	54.666668	69.333336	62.333332	37.0	34.333332	
31.333334	31.333334	59.666668	120.333336	135.66667	136.33333	126.666664	108.0	93.333336	93.666664	99.666664	105.666664	110.666664	119.666664	129.66667	133.66667	139.0	150.66667	155.66667	157.33333	165.0	156.66667	144.66667	134.33333	126.333336	117.0	104.333336	86.666664	68.0	59.333332	59.0	84.333336	91.0	60.0	26.333334	29.666666	
28.333334	27.0	49.333332	115.0	137.66667	141.33333	134.33333	121.333336	106.333336	101.666664	99.333336	96.0	92.333336	101.0	116.666664	126.0	131.0	135.66667	136.66667	139.66667	146.0	136.66667	127.666664	121.333336	115.333336	105.666664	85.333336	67.0	67.333336	62.0	87.0	104.333336	97.333336	55.333332	14.333333	18.666666	
