65.666664	60.666668	83.666664	144.0	151.0	150.66667	158.0	165.0	170.66667	176.66667	184.0	198.0	203.0	204.66667	193.0	176.33333	176.66667	162.33333	154.66667	155.66667	154.33333	155.0	147.66667	140.0	137.0	127.0	113.0	95.0	83.0	76.0	65.0	57.0	55.666668	43.0	36.333332	38.0	
69.0	77.0	126.666664	148.33333	147.66667	153.66667	158.33333	166.0	172.66667	182.66667	192.0	202.66667	205.66667	212.0	202.33333	184.33333	181.0	166.33333	158.0	156.66667	157.33333	154.66667	146.0	137.33333	134.33333	123.666664	110.333336	96.0	90.666664	86.333336	77.333336	62.333332	54.333332	47.666668	41.0	35.666668	
71.0	104.333336	146.33333	144.66667	148.33333	152.0	158.33333	166.33333	176.66667	196.0	201.66667	203.0	207.0	211.66667	201.0	190.66667	181.66667	166.66667	160.33333	157.33333	159.0	154.66667	146.0	139.66667	134.0	122.333336	111.0	100.666664	95.0	91.666664	84.666664	66.666664	55.333332	55.666668	48.0	41.333332	
81.333336	130.33333	146.33333	142.66667	147.0	152.33333	161.66667	166.33333	177.0	194.33333	199.0	198.0	199.33333	198.0	190.0	183.0	173.66667	163.33333	158.33333	157.0	157.33333	152.0	143.33333	136.66667	131.66667	118.333336	109.0	99.666664	93.333336	95.666664	86.333336	67.0	61.333332	63.666668	51.333332	46.333332	
94.0	138.0	139.0	144.0	146.33333	151.66667	162.33333	167.66667	172.66667	182.66667	191.33333	192.0	190.0	185.66667	179.33333	174.0	166.66667	161.33333	158.0	157.66667	157.66667	152.0	144.0	138.33333	132.33333	118.0	109.0	100.666664	95.333336	96.666664	84.666664	67.666664	65.666664	66.0	56.0	46.0	
102.0	136.66667	134.66667	145.0	150.0	151.0	159.33333	165.66667	172.0	181.0	183.33333	179.0	176.66667	175.66667	170.66667	168.0	164.0	159.33333	158.0	157.66667	156.66667	152.0	144.0	139.0	133.66667	120.333336	112.0	104.666664	98.333336	94.0	82.0	67.666664	65.0	62.666668	60.666668	50.333332	
107.0	136.0	131.0	141.0	151.33333	154.33333	161.66667	165.33333	172.0	180.33333	181.66667	183.33333	182.0	176.33333	171.66667	170.0	168.66667	163.66667	166.0	166.0	162.66667	156.0	148.0	142.33333	135.0	122.333336	114.0	106.333336	96.333336	88.666664	82.0	67.333336	63.0	62.0	61.666668	56.333332	
105.0	134.0	129.0	140.33333	151.0	153.66667	160.33333	166.0	176.0	185.33333	187.0	189.33333	184.0	180.66667	177.66667	173.0	172.66667	171.66667	179.0	179.0	172.33333	164.33333	156.33333	147.33333	136.0	123.0	111.0	101.666664	90.0	85.333336	80.333336	66.666664	63.333332	61.333332	58.333332	53.0	
95.333336	128.33333	128.33333	138.33333	149.0	151.0	156.0	164.66667	177.66667	185.0	184.66667	181.33333	176.66667	177.33333	177.33333	172.66667	175.66667	177.33333	185.0	183.0	176.0	163.33333	153.33333	145.0	133.0	121.0	108.666664	95.666664	85.333336	84.666664	82.0	70.333336	65.666664	62.0	52.333332	48.0	
88.0	119.333336	130.66667	136.66667	149.66667	154.66667	157.66667	164.66667	173.66667	181.66667	184.33333	181.33333	173.66667	169.0	169.66667	171.33333	179.33333	183.0	185.66667	182.0	177.0	160.33333	147.0	140.0	128.0	116.666664	104.333336	90.333336	85.333336	88.333336	84.666664	74.666664	68.333336	60.333332	52.333332	46.0	
80.0	111.666664	134.0	136.0	147.0	155.0	160.66667	165.0	172.0	180.33333	182.33333	181.0	175.66667	166.0	164.33333	171.66667	183.66667	188.0	186.66667	180.66667	174.0	154.66667	142.0	130.66667	119.0	110.666664	99.333336	89.333336	91.666664	98.333336	90.0	76.333336	70.333336	62.333332	57.333332	45.666668	
66.0	102.666664	133.0	138.0	147.0	154.33333	163.33333	163.33333	165.66667	173.0	173.33333	173.66667	172.33333	165.66667	162.66667	170.66667	182.0	185.0	180.33333	170.0	159.0	142.66667	135.0	126.0	117.333336	111.333336	106.666664	106.0	109.333336	108.666664	96.333336	78.666664	69.666664	61.333332	58.666668	52.0	
60.333332	105.333336	131.66667	142.0	151.33333	157.33333	162.33333	158.66667	159.0	164.33333	163.33333	163.0	160.0	157.33333	154.66667	164.0	169.66667	171.66667	165.66667	155.33333	146.0	135.66667	132.66667	128.0	122.0	117.0	118.333336	119.666664	117.666664	112.333336	102.333336	84.0	67.666664	59.0	57.666668	58.333332	
64.333336	114.333336	131.66667	146.33333	156.66667	162.66667	163.66667	158.0	160.33333	159.33333	153.66667	150.33333	148.66667	150.0	142.33333	156.66667	158.33333	151.0	147.0	138.0	126.666664	116.333336	110.0	105.333336	104.333336	97.333336	100.666664	99.333336	98.333336	106.666664	100.666664	81.666664	63.333332	57.666668	56.666668	59.333332	
69.333336	119.0	128.33333	148.33333	159.0	163.66667	158.66667	147.33333	144.33333	136.33333	127.0	119.666664	121.0	126.333336	117.0	141.0	143.66667	124.0	116.333336	102.333336	84.666664	75.333336	68.666664	62.666668	58.666668	56.333332	62.666668	65.333336	68.666664	77.0	81.0	71.333336	62.0	56.0	57.0	61.333332	
78.0	124.666664	129.0	148.33333	151.0	140.66667	123.0	101.333336	88.666664	74.666664	72.333336	72.666664	81.0	94.0	96.0	127.0	128.33333	96.666664	81.666664	73.0	60.333332	54.0	43.333332	39.666668	36.333332	41.333332	44.0	46.333332	51.0	47.666668	52.666668	53.666668	57.0	56.666668	55.666668	60.666668	
77.0	127.333336	130.66667	129.0	111.0	95.0	72.0	57.0	46.0	36.666668	39.0	47.0	53.333332	68.333336	83.333336	123.333336	129.33333	93.0	70.0	59.333332	50.666668	44.333332	43.0	40.333332	42.333332	41.0	39.666668	39.333332	37.333332	39.333332	40.333332	42.333332	46.333332	52.333332	56.666668	59.0	
70.0	127.333336	111.333336	78.0	57.0	59.333332	48.666668	45.333332	40.666668	38.0	44.666668	49.0	50.666668	60.0	77.333336	136.0	152.0	113.0	74.666664	63.666668	56.666668	55.333332	57.666668	54.0	54.333332	37.0	34.333332	35.666668	43.0	44.333332	49.666668	52.0	49.666668	49.333332	56.666668	56.333332	
65.0	127.333336	89.666664	57.0	46.333332	53.333332	53.0	45.666668	39.333332	35.333332	49.333332	59.666668	53.333332	52.333332	71.666664	155.0	177.66667	144.0	89.666664	67.0	56.0	56.666668	61.666668	68.333336	56.333332	41.333332	42.666668	36.0	47.333332	40.666668	52.666668	58.333332	61.333332	60.0	61.333332	60.0	
76.333336	130.66667	90.666664	61.0	61.0	57.666668	43.666668	38.0	32.333332	42.0	45.666668	67.0	61.0	57.666668	90.666664	168.66667	185.66667	161.0	109.333336	79.333336	74.333336	67.333336	58.666668	63.666668	55.333332	47.666668	47.333332	54.0	57.666668	53.333332	56.333332	61.666668	64.666664	65.0	63.333332	60.666668	
95.333336	135.66667	114.0	98.333336	75.0	53.666668	53.0	65.666664	62.0	69.0	65.333336	69.333336	65.666664	90.0	138.66667	176.0	183.66667	162.33333	115.333336	92.0	101.0	91.666664	79.0	75.333336	71.0	72.333336	68.333336	65.666664	61.0	62.0	61.0	65.0	64.0	67.0	65.333336	60.666668	
109.333336	141.66667	143.66667	149.0	137.0	115.666664	94.333336	89.666664	96.333336	95.666664	90.333336	95.333336	119.333336	146.66667	164.0	175.33333	183.66667	157.0	106.666664	92.0	104.333336	108.0	112.666664	120.0	109.333336	103.0	93.666664	86.666664	81.333336	83.333336	80.0	74.666664	70.0	70.0	63.666668	61.0	
120.666664	140.66667	156.33333	162.33333	168.0	170.0	152.0	128.66667	121.333336	119.666664	134.0	155.66667	178.0	170.33333	159.66667	169.0	185.66667	152.0	103.333336	90.333336	92.0	102.0	120.666664	147.0	149.33333	146.0	140.33333	137.66667	129.66667	126.0	117.0	102.666664	91.0	84.666664	74.0	63.333332	
126.0	140.33333	158.66667	165.66667	174.33333	180.0	178.33333	174.0	176.33333	173.66667	176.66667	183.66667	182.66667	165.66667	156.66667	167.33333	186.66667	153.66667	112.666664	94.666664	91.333336	94.0	107.666664	138.0	152.0	154.33333	154.66667	156.33333	149.33333	143.0	135.0	120.0	110.0	100.333336	83.333336	63.666668	
124.666664	136.0	157.0	170.33333	179.33333	183.0	186.33333	186.66667	186.66667	183.66667	183.33333	182.66667	174.0	161.66667	157.33333	171.33333	189.66667	161.66667	122.666664	96.0	88.333336	86.333336	96.0	129.66667	149.0	153.33333	152.33333	152.0	145.0	136.66667	133.33333	122.333336	114.333336	102.0	81.0	60.666668	
117.666664	134.66667	154.0	171.66667	177.0	180.33333	185.66667	184.0	183.0	183.33333	182.0	180.33333	171.66667	159.33333	160.33333	173.0	189.33333	174.33333	132.0	93.0	77.0	76.333336	89.0	130.0	154.66667	159.0	153.0	148.66667	141.66667	133.33333	128.66667	118.666664	107.333336	91.666664	76.333336	63.333332	
106.666664	124.666664	149.33333	165.33333	169.0	172.0	174.66667	179.33333	180.33333	181.0	177.0	175.0	170.33333	154.66667	158.66667	174.33333	190.33333	181.0	143.33333	94.333336	72.333336	72.333336	83.0	128.0	155.33333	157.66667	151.33333	145.0	137.66667	129.66667	122.666664	112.0	95.666664	77.333336	69.333336	62.666668	
128.0	116.333336	135.33333	151.66667	157.33333	162.33333	165.0	173.0	178.33333	177.0	176.0	172.66667	165.33333	150.33333	153.66667	171.0	184.0	167.66667	136.66667	87.666664	62.666668	73.666664	79.0	124.666664	152.66667	155.66667	147.66667	138.66667	126.666664	116.0	107.333336	97.666664	83.666664	72.0	66.0	60.0	
175.66667	124.333336	119.333336	139.66667	146.33333	155.66667	158.33333	165.66667	169.66667	169.0	171.33333	166.33333	160.0	148.66667	138.0	136.33333	142.66667	131.0	110.666664	64.666664	60.333332	72.333336	72.0	119.333336	151.33333	149.33333	142.0	134.0	121.333336	106.666664	94.333336	84.666664	73.0	66.333336	63.666668	61.333332	
201.33333	152.33333	112.0	126.333336	134.33333	147.66667	154.0	161.66667	163.66667	165.66667	166.33333	162.33333	166.66667	149.66667	102.666664	78.666664	84.0	87.333336	76.666664	50.666668	56.0	64.333336	62.0	108.666664	148.0	148.0	140.66667	131.0	117.666664	100.333336	86.333336	76.666664	69.666664	67.0	63.666668	60.666668	
192.0	170.0	112.666664	120.0	129.33333	139.33333	144.0	151.33333	158.0	165.66667	164.66667	163.0	174.33333	166.66667	111.666664	64.666664	62.0	66.0	64.0	55.0	52.666668	57.0	58.0	93.333336	137.33333	151.33333	143.0	128.0	115.333336	99.333336	85.0	73.333336	71.333336	71.666664	66.666664	60.0	
184.66667	174.66667	121.333336	124.0	136.0	142.0	143.66667	151.33333	158.66667	161.66667	165.33333	174.0	182.66667	183.0	156.33333	117.0	108.666664	83.0	61.0	59.333332	59.0	57.0	65.333336	89.666664	125.333336	151.0	149.66667	131.33333	112.0	96.333336	86.333336	75.666664	76.666664	77.0	69.666664	59.666668	
181.33333	175.66667	140.66667	128.33333	137.33333	141.33333	143.33333	151.66667	156.66667	163.33333	172.66667	181.0	183.66667	179.0	169.66667	164.33333	159.0	126.333336	86.333336	67.333336	60.0	56.333332	62.0	85.666664	106.666664	133.66667	144.0	134.0	114.333336	96.666664	88.0	78.666664	81.333336	79.333336	70.0	58.666668	
184.33333	182.33333	171.66667	134.66667	135.66667	140.0	142.66667	150.0	155.66667	166.66667	175.0	173.0	171.66667	168.33333	162.33333	165.0	161.66667	146.0	132.33333	117.666664	88.333336	72.666664	71.0	82.666664	89.333336	108.333336	126.333336	124.0	109.666664	94.333336	84.666664	76.333336	80.666664	77.333336	66.333336	56.0	
172.33333	173.0	159.66667	129.0	135.33333	139.66667	144.66667	147.66667	152.66667	162.33333	164.66667	160.66667	158.33333	160.0	162.66667	166.66667	169.66667	157.66667	159.0	160.33333	128.33333	108.333336	98.0	86.333336	77.666664	88.333336	110.666664	113.666664	101.0	89.0	76.666664	76.0	80.0	71.333336	60.666668	56.666668	
138.33333	134.0	123.0	118.0	128.0	135.33333	144.0	146.33333	153.0	155.0	146.0	141.66667	150.33333	156.66667	159.0	151.0	144.66667	139.66667	135.0	117.333336	93.666664	90.0	87.666664	79.666664	73.333336	75.333336	92.0	102.666664	97.0	85.666664	72.333336	74.333336	72.0	66.0	62.0	59.0	
116.0	122.666664	132.66667	129.33333	122.0	132.66667	142.0	146.33333	151.0	148.0	127.666664	109.0	125.0	128.66667	113.0	103.333336	106.333336	100.666664	90.333336	86.666664	80.666664	69.666664	60.666668	59.333332	57.333332	59.666668	71.333336	97.333336	102.0	86.0	67.666664	69.333336	69.333336	65.333336	62.666668	58.333332	
113.333336	128.33333	144.66667	142.66667	119.333336	129.33333	141.33333	146.66667	147.0	139.66667	104.666664	74.666664	95.0	106.0	113.333336	133.0	143.66667	139.33333	137.66667	135.66667	125.666664	104.333336	84.0	65.333336	52.666668	52.0	69.666664	104.333336	113.333336	88.666664	65.666664	64.0	68.666664	63.333332	59.666668	57.666668	
117.0	132.33333	149.0	155.33333	123.333336	126.0	135.0	142.33333	145.66667	132.33333	106.0	106.333336	141.0	151.0	159.0	158.66667	153.33333	143.66667	142.0	133.66667	121.666664	110.666664	99.333336	86.666664	84.0	85.0	97.333336	115.333336	114.666664	86.666664	62.333332	59.333332	64.666664	63.0	59.333332	55.0	
123.0	139.33333	153.0	164.33333	133.66667	122.0	131.0	134.33333	141.0	137.0	138.33333	162.33333	169.33333	159.33333	152.0	137.0	117.0	104.333336	103.666664	100.333336	95.666664	91.333336	87.333336	90.666664	103.333336	105.333336	104.0	112.333336	110.666664	81.666664	59.333332	57.666668	62.0	60.0	58.666668	55.0	
126.666664	142.33333	156.0	171.66667	152.66667	118.666664	128.66667	130.0	133.33333	138.33333	152.0	166.66667	163.66667	159.0	150.0	140.33333	127.666664	122.666664	119.666664	113.666664	109.0	101.333336	99.0	101.0	105.0	98.666664	92.0	105.333336	105.0	73.666664	60.0	61.0	63.0	60.333332	57.0	55.333332	
131.0	146.33333	161.0	175.0	177.66667	122.0	125.666664	133.66667	131.33333	135.66667	147.0	156.0	153.0	151.66667	155.33333	152.0	149.66667	152.0	144.33333	138.66667	137.33333	125.666664	116.0	105.0	93.0	78.0	78.666664	97.666664	96.666664	68.333336	59.333332	62.333332	61.333332	57.666668	54.0	48.333332	
136.66667	150.66667	165.0	177.33333	195.0	157.0	111.0	127.333336	128.66667	126.0	142.33333	148.66667	145.66667	147.0	153.0	160.0	168.66667	173.0	164.0	157.66667	149.0	138.0	127.333336	106.0	85.0	73.666664	84.0	95.333336	82.333336	64.666664	60.333332	61.666668	57.0	54.666668	51.0	46.666668	
141.33333	155.0	169.33333	184.0	198.0	200.0	126.666664	112.0	124.0	121.0	138.33333	145.0	144.66667	146.33333	158.66667	169.66667	174.0	175.33333	165.0	157.66667	144.0	135.0	135.33333	115.666664	95.666664	91.0	99.666664	94.0	72.666664	65.333336	60.333332	58.666668	53.333332	50.333332	46.666668	42.666668	
147.66667	160.66667	175.0	187.33333	202.33333	217.33333	187.33333	118.333336	113.0	120.666664	131.33333	143.66667	151.0	153.0	162.33333	167.33333	167.33333	167.33333	157.33333	153.33333	139.0	125.666664	122.666664	117.333336	106.0	97.333336	94.333336	79.0	62.333332	58.666668	56.0	57.333332	50.0	42.666668	39.333332	49.666668	
151.33333	165.0	179.0	194.0	206.66667	217.66667	225.33333	184.66667	113.333336	113.333336	124.666664	136.66667	146.0	151.0	156.33333	157.33333	156.66667	155.0	149.0	147.33333	132.33333	113.333336	106.0	104.666664	88.666664	77.333336	75.0	63.666668	56.666668	57.666668	56.333332	53.0	42.333332	36.0	43.0	58.666668	
154.33333	168.0	184.66667	197.33333	210.66667	220.0	227.33333	229.66667	153.33333	91.0	103.333336	121.666664	134.0	139.33333	145.0	146.0	142.33333	134.0	130.0	131.0	116.666664	98.666664	93.0	85.666664	68.666664	59.333332	60.0	56.333332	53.333332	50.333332	48.666668	41.333332	37.0	45.0	58.333332	58.0	
159.33333	173.33333	189.0	201.33333	213.0	223.33333	228.66667	236.33333	201.66667	108.666664	86.333336	91.0	110.333336	121.333336	122.333336	125.0	121.333336	114.333336	108.666664	103.666664	90.333336	78.666664	76.0	68.333336	61.666668	55.333332	51.0	48.0	45.666668	37.666668	36.666668	40.0	45.0	58.666668	62.333332	57.0	
164.33333	178.33333	194.0	206.0	217.33333	226.66667	231.66667	238.66667	225.33333	143.66667	112.666664	74.333336	72.0	94.333336	97.0	96.666664	90.333336	87.666664	83.333336	74.0	66.333336	63.0	62.0	60.0	54.333332	49.333332	42.333332	38.333332	37.666668	34.666668	39.666668	51.0	59.666668	63.333332	59.333332	60.666668	
