29.0	48.666668	58.666668	51.0	44.0	47.333332	61.0	85.0	83.0	84.333336	104.333336	128.66667	169.33333	200.0	207.33333	215.33333	214.33333	205.66667	205.0	202.33333	200.33333	200.0	195.33333	197.33333	197.66667	196.33333	192.33333	191.66667	190.33333	187.66667	181.0	168.66667	145.0	113.0	69.333336	47.0	
35.333332	49.666668	49.666668	55.0	62.666668	87.333336	108.0	130.33333	149.66667	170.33333	185.33333	198.33333	210.66667	219.0	218.33333	219.0	218.33333	214.66667	210.66667	206.66667	204.0	202.0	200.33333	198.66667	198.66667	198.66667	197.66667	194.33333	192.33333	189.33333	185.0	174.33333	155.0	123.666664	81.0	51.666668	
40.333332	60.0	76.666664	111.0	136.33333	163.0	177.33333	189.0	197.66667	203.0	204.33333	209.33333	215.33333	218.0	219.0	219.0	218.33333	217.66667	215.33333	209.66667	205.66667	203.0	201.66667	199.33333	199.33333	200.0	200.0	197.0	194.66667	191.33333	186.33333	178.33333	163.33333	137.66667	96.0	55.666668	
49.666668	88.333336	125.333336	159.33333	176.33333	190.33333	194.66667	198.0	204.33333	205.33333	206.66667	211.33333	215.0	215.66667	218.0	219.0	218.0	218.66667	216.66667	213.0	208.0	204.33333	202.33333	200.0	200.33333	201.0	199.33333	195.66667	194.0	190.33333	185.0	178.66667	167.33333	147.0	112.333336	62.666668	
60.666668	109.333336	148.66667	173.0	184.0	196.0	199.0	200.33333	206.0	209.33333	211.66667	216.66667	217.66667	216.66667	217.33333	218.66667	217.33333	216.0	215.0	214.0	210.0	204.33333	202.66667	201.0	201.0	201.33333	199.0	194.66667	193.33333	190.66667	185.66667	181.33333	169.66667	155.33333	129.66667	75.0	
63.666668	115.666664	169.33333	190.0	190.33333	193.33333	198.0	203.33333	206.33333	209.66667	213.0	216.0	217.66667	218.0	219.0	218.66667	216.33333	216.0	214.33333	212.66667	211.0	207.0	204.0	202.0	201.33333	201.66667	200.33333	197.0	194.0	190.66667	188.0	184.0	173.33333	160.33333	141.0	90.333336	
70.666664	120.0	179.33333	189.33333	191.33333	196.33333	200.0	204.66667	207.0	210.66667	212.66667	215.33333	216.33333	219.66667	222.0	220.66667	219.66667	219.0	216.33333	213.33333	212.33333	209.66667	205.66667	201.66667	201.66667	202.0	201.66667	201.0	196.0	191.0	187.66667	184.0	178.33333	165.66667	147.0	100.333336	
80.0	116.333336	170.33333	185.33333	190.66667	197.33333	202.33333	206.66667	210.66667	213.66667	215.66667	217.0	215.66667	214.66667	215.66667	217.0	218.66667	217.66667	218.0	213.66667	210.0	208.33333	203.66667	201.33333	201.66667	202.0	202.0	204.66667	199.33333	192.0	189.0	185.0	179.0	166.33333	147.66667	105.0	
86.0	109.666664	166.33333	187.0	191.0	195.0	199.33333	205.0	211.66667	213.0	211.66667	209.33333	203.0	195.0	192.66667	199.66667	206.0	203.0	206.33333	209.0	207.33333	204.0	201.66667	200.33333	201.0	201.66667	202.33333	205.66667	202.33333	196.33333	193.33333	183.66667	164.33333	143.0	128.66667	100.0	
74.0	98.0	163.33333	188.33333	189.66667	193.33333	197.66667	204.33333	209.33333	206.66667	200.33333	198.66667	196.33333	188.33333	185.33333	186.66667	184.0	179.66667	182.0	190.66667	196.0	199.33333	200.33333	202.33333	200.33333	200.33333	203.0	204.66667	204.66667	194.0	178.66667	156.66667	135.33333	118.333336	116.333336	103.0	
57.333332	91.666664	164.66667	190.33333	193.33333	197.66667	201.0	206.33333	207.33333	196.66667	188.0	194.66667	205.66667	205.0	202.33333	198.33333	194.0	194.33333	192.33333	191.0	191.0	196.0	199.0	201.66667	199.66667	199.66667	202.0	203.33333	200.66667	183.33333	156.66667	133.33333	127.666664	129.33333	132.66667	122.0	
55.666668	109.333336	174.33333	191.66667	196.33333	200.0	200.66667	204.33333	200.0	189.0	192.0	209.33333	220.66667	221.0	220.66667	216.33333	213.66667	208.33333	201.33333	201.0	199.0	198.0	197.66667	200.33333	200.33333	200.0	199.66667	199.33333	196.66667	183.66667	163.66667	156.66667	163.33333	171.33333	166.0	144.0	
58.333332	133.66667	186.66667	196.33333	196.66667	198.33333	199.66667	202.0	196.33333	198.0	210.0	218.66667	220.66667	221.0	219.33333	212.66667	210.66667	205.0	196.0	195.66667	198.0	198.33333	200.66667	203.66667	201.66667	198.33333	198.0	198.0	185.0	182.0	185.66667	185.33333	182.0	173.66667	157.33333	132.33333	
69.666664	155.66667	194.0	198.33333	198.66667	199.33333	201.66667	201.0	198.33333	205.0	212.33333	214.0	216.33333	213.66667	207.0	199.0	192.0	186.0	177.66667	176.66667	182.33333	188.66667	198.33333	206.0	208.33333	202.0	192.33333	187.33333	187.0	194.0	190.66667	180.0	175.33333	167.33333	154.0	131.66667	
79.666664	160.33333	193.66667	199.0	201.33333	199.33333	203.0	203.0	205.33333	208.66667	208.0	205.0	201.0	195.66667	193.66667	192.0	184.33333	181.0	178.0	168.0	166.0	178.0	191.66667	202.0	209.33333	201.0	185.66667	185.33333	195.33333	187.66667	178.66667	179.0	176.33333	166.66667	153.33333	137.66667	
85.333336	139.66667	171.33333	181.66667	194.66667	198.0	208.33333	206.66667	205.66667	207.33333	202.66667	192.66667	184.33333	181.33333	173.33333	158.66667	144.66667	148.33333	158.66667	158.33333	163.66667	181.33333	195.0	203.66667	208.66667	196.33333	171.0	166.33333	172.66667	160.33333	160.66667	131.33333	109.666664	107.333336	113.0	120.666664	
120.0	153.66667	167.66667	153.33333	148.66667	159.33333	182.0	189.0	190.66667	194.66667	195.66667	186.33333	170.0	169.33333	141.66667	95.0	88.333336	126.666664	151.0	153.66667	164.0	185.66667	204.33333	209.0	200.66667	186.66667	149.0	133.66667	133.0	142.0	161.0	106.333336	74.333336	95.0	102.0	104.666664	
156.0	177.66667	192.33333	195.66667	183.33333	164.66667	153.66667	144.0	141.33333	156.33333	176.33333	184.33333	183.66667	191.66667	181.66667	148.66667	136.0	155.33333	161.66667	158.66667	168.66667	192.0	204.33333	188.33333	177.0	189.0	173.33333	153.66667	136.0	142.66667	166.0	156.0	137.0	139.33333	130.0	119.333336	
174.0	184.33333	191.66667	196.33333	199.66667	200.66667	198.0	186.33333	167.0	167.0	172.0	165.0	176.33333	194.33333	203.66667	190.33333	177.66667	173.66667	167.33333	165.66667	177.0	197.0	204.0	180.33333	173.0	195.0	189.0	169.0	139.0	150.33333	162.0	173.0	169.66667	163.0	150.66667	140.0	
181.66667	184.66667	187.0	191.33333	196.66667	203.33333	210.66667	214.66667	211.33333	201.0	186.0	176.33333	189.33333	198.66667	201.33333	197.66667	190.0	182.0	175.33333	175.66667	189.0	199.33333	201.33333	188.66667	188.33333	205.66667	198.0	175.66667	150.66667	163.33333	178.66667	179.66667	178.66667	172.33333	162.66667	157.33333	
183.33333	185.33333	189.33333	189.0	194.33333	202.0	208.33333	211.0	213.0	213.33333	201.0	187.66667	195.33333	210.0	206.0	199.0	191.0	185.66667	180.0	183.0	199.0	205.33333	198.33333	189.0	197.33333	213.33333	202.0	183.66667	173.0	164.0	181.0	182.66667	179.0	174.0	168.33333	169.33333	
185.0	184.66667	186.33333	188.33333	193.0	200.66667	207.66667	209.33333	208.0	213.0	210.66667	197.33333	198.33333	212.0	206.33333	196.66667	190.66667	186.66667	188.66667	198.0	206.66667	206.33333	197.66667	191.33333	200.0	211.66667	203.33333	184.66667	180.66667	173.33333	177.33333	181.66667	182.33333	178.0	177.0	183.0	
188.33333	185.66667	187.33333	187.66667	191.33333	199.33333	203.66667	207.33333	210.0	213.66667	215.0	205.33333	198.66667	196.33333	194.0	195.33333	194.33333	197.66667	202.33333	206.33333	207.66667	203.33333	197.0	198.0	204.66667	208.0	205.33333	185.0	174.66667	185.33333	185.0	184.33333	188.66667	190.0	187.66667	186.66667	
187.33333	185.66667	186.66667	186.66667	188.66667	195.66667	202.33333	207.0	210.0	213.66667	217.0	215.33333	208.33333	193.0	189.66667	194.0	199.0	206.33333	205.0	200.33333	199.33333	200.0	204.33333	209.33333	210.33333	211.33333	212.0	196.33333	173.33333	188.66667	194.66667	190.66667	188.66667	187.0	182.33333	172.33333	
179.66667	184.0	185.0	186.33333	186.33333	191.0	199.0	204.33333	208.0	213.33333	218.66667	222.0	219.33333	209.66667	201.0	195.0	194.66667	195.66667	193.33333	189.0	189.66667	199.33333	208.33333	209.33333	207.0	210.66667	216.33333	207.33333	180.0	182.0	200.33333	199.0	192.66667	188.33333	183.33333	175.66667	
170.0	180.66667	182.66667	186.66667	186.33333	188.0	194.66667	201.0	205.66667	211.66667	217.0	220.0	221.0	217.66667	215.0	205.33333	197.66667	193.66667	193.0	190.0	186.33333	191.0	197.0	196.66667	199.0	207.0	215.66667	210.33333	189.66667	179.0	199.66667	203.66667	199.66667	197.0	193.33333	187.33333	
153.66667	178.66667	180.33333	183.66667	186.33333	188.33333	191.0	195.66667	203.0	211.33333	217.66667	219.33333	220.33333	219.0	217.0	211.0	204.66667	199.66667	195.33333	189.33333	183.0	182.66667	185.33333	189.66667	194.33333	203.0	214.33333	213.0	194.66667	182.33333	196.66667	205.33333	202.33333	200.33333	194.66667	187.33333	
152.66667	177.0	177.66667	180.66667	186.0	189.0	189.0	192.33333	200.33333	210.33333	216.66667	219.66667	222.33333	221.33333	216.66667	211.33333	205.33333	198.66667	189.0	182.66667	183.66667	187.33333	189.66667	190.66667	193.0	203.66667	219.0	220.0	199.33333	176.66667	188.33333	205.0	201.0	197.66667	193.33333	186.66667	
171.33333	179.66667	175.66667	178.0	183.0	185.66667	186.33333	189.33333	195.33333	204.66667	212.0	218.0	220.33333	220.33333	215.66667	211.33333	203.33333	193.66667	184.0	181.33333	183.66667	191.33333	200.66667	206.0	204.33333	211.0	217.66667	212.33333	198.0	166.66667	168.33333	195.66667	197.33333	194.66667	191.66667	184.66667	
183.0	184.33333	178.66667	178.0	180.66667	183.33333	185.33333	187.33333	191.33333	198.66667	205.0	212.33333	214.66667	214.33333	210.33333	205.33333	195.66667	185.0	187.0	190.0	185.33333	185.33333	191.0	196.66667	195.0	197.66667	201.66667	199.66667	182.0	150.66667	153.66667	185.33333	193.0	195.33333	191.0	181.0	
186.0	186.0	183.66667	184.33333	184.33333	185.33333	187.33333	186.66667	188.0	193.0	197.66667	203.33333	207.0	207.33333	203.33333	197.66667	190.33333	182.66667	192.66667	202.33333	198.0	188.0	180.33333	178.33333	172.66667	169.66667	173.66667	167.66667	151.66667	142.33333	155.0	179.0	188.33333	193.33333	185.33333	165.66667	
185.33333	186.33333	187.66667	189.0	189.33333	189.0	189.33333	187.66667	187.66667	189.33333	192.33333	196.0	198.0	201.33333	198.0	192.0	188.0	189.0	198.66667	209.0	209.66667	207.0	202.66667	198.33333	189.66667	178.66667	171.0	160.0	153.33333	156.33333	166.0	177.33333	177.33333	177.33333	166.0	138.33333	
182.0	186.0	188.0	189.33333	190.0	189.33333	190.0	191.33333	189.0	187.33333	188.0	188.66667	188.0	190.66667	189.0	186.0	190.33333	195.66667	204.0	215.33333	217.0	216.66667	214.33333	209.33333	207.66667	200.66667	190.66667	180.0	173.0	166.66667	166.0	168.33333	161.33333	164.0	151.33333	113.666664	
180.33333	183.33333	188.0	191.0	192.0	191.0	192.0	195.0	193.66667	191.0	189.0	187.0	186.66667	186.66667	186.0	188.33333	195.0	198.66667	204.33333	215.66667	218.33333	218.66667	214.66667	210.66667	210.0	208.0	199.0	184.66667	177.0	167.66667	157.0	154.0	157.33333	172.0	152.33333	95.0	
181.33333	182.66667	187.33333	190.66667	193.0	193.33333	195.66667	196.33333	197.33333	200.33333	199.33333	195.0	195.66667	195.66667	193.33333	193.0	193.33333	201.0	209.66667	217.66667	216.33333	214.66667	211.0	206.66667	200.66667	199.66667	196.33333	182.33333	171.66667	161.0	145.0	139.0	161.33333	179.33333	147.33333	75.666664	
182.33333	185.0	187.0	189.33333	192.66667	197.0	201.0	198.33333	200.33333	203.33333	203.0	201.0	204.0	206.33333	201.33333	193.0	190.33333	199.0	203.66667	203.66667	195.0	186.33333	178.66667	170.33333	161.66667	164.33333	167.33333	149.33333	133.66667	124.666664	120.0	133.66667	170.0	171.33333	125.333336	60.0	
185.33333	187.66667	186.33333	186.66667	192.0	196.33333	201.0	201.0	202.0	201.66667	200.66667	203.0	209.0	213.66667	205.0	190.66667	185.0	180.33333	170.33333	158.66667	147.33333	141.33333	138.33333	142.66667	139.33333	133.66667	130.66667	111.666664	103.666664	110.333336	110.666664	141.33333	173.33333	154.66667	98.666664	46.0	
179.33333	186.33333	186.0	185.33333	190.33333	192.33333	197.33333	202.0	203.0	202.33333	201.33333	202.33333	208.0	210.0	198.33333	187.66667	183.66667	175.33333	165.33333	157.33333	153.33333	151.0	150.0	157.66667	153.33333	132.33333	121.0	115.666664	123.666664	124.333336	117.333336	147.66667	164.66667	142.33333	79.0	42.0	
170.33333	182.33333	186.33333	188.0	187.33333	190.33333	195.33333	200.0	202.66667	202.33333	202.33333	201.33333	203.0	199.0	189.0	187.0	186.66667	185.0	182.33333	176.33333	170.33333	164.0	160.0	158.0	152.0	140.66667	141.0	143.33333	134.33333	110.333336	109.0	148.0	160.0	123.666664	58.333332	44.0	
150.66667	179.0	190.0	188.33333	188.0	188.66667	195.66667	199.33333	199.0	199.0	200.0	200.0	198.33333	191.66667	184.33333	188.0	192.33333	193.0	190.0	181.33333	172.66667	163.66667	160.0	155.0	148.66667	144.0	142.0	134.66667	114.333336	108.666664	119.0	146.66667	144.33333	88.333336	40.0	42.333332	
128.66667	161.0	185.66667	188.0	190.0	188.33333	194.66667	199.33333	198.66667	197.33333	197.66667	194.33333	192.33333	190.66667	187.0	189.33333	191.0	191.33333	190.66667	186.33333	182.33333	176.0	168.0	154.0	140.66667	135.33333	132.33333	127.0	120.333336	131.0	136.0	136.33333	109.333336	55.0	38.333332	41.0	
123.333336	135.0	169.0	187.0	190.0	191.33333	190.66667	197.66667	202.0	198.66667	194.66667	188.33333	187.66667	190.66667	190.66667	191.0	192.33333	190.66667	189.0	187.33333	185.33333	183.33333	182.0	176.0	166.33333	158.66667	154.33333	150.0	149.0	152.0	144.33333	116.666664	68.0	35.666668	38.0	39.333332	
114.333336	124.0	143.66667	170.33333	188.0	192.66667	193.33333	195.33333	201.0	201.66667	194.0	188.66667	186.66667	189.66667	195.0	197.33333	198.0	195.33333	194.0	191.33333	188.66667	186.66667	188.33333	182.33333	177.66667	175.0	170.0	166.0	161.0	163.0	137.66667	78.666664	40.0	33.666668	35.0	40.333332	
111.0	110.666664	119.666664	142.33333	168.66667	185.0	191.66667	192.0	195.0	196.33333	195.66667	191.66667	187.66667	185.66667	189.0	195.66667	199.66667	201.0	200.66667	197.0	195.66667	195.33333	196.0	189.0	183.0	182.0	177.66667	169.0	165.66667	161.66667	120.0	54.666668	36.333332	38.0	34.333332	38.666668	
118.666664	112.666664	112.0	117.666664	138.66667	164.0	181.33333	188.33333	189.66667	188.66667	192.0	194.33333	191.66667	185.33333	184.33333	190.33333	198.33333	200.66667	200.0	199.33333	202.0	203.0	202.33333	195.33333	190.33333	188.66667	182.66667	173.0	169.66667	151.66667	97.333336	52.0	47.0	43.666668	40.333332	42.333332	
125.333336	120.333336	115.0	109.333336	117.333336	138.0	163.33333	180.0	190.33333	191.0	192.33333	194.66667	194.33333	189.66667	184.0	183.66667	191.66667	198.33333	198.0	197.33333	200.66667	202.0	201.66667	195.33333	191.33333	189.33333	183.33333	178.0	169.0	128.0	66.333336	40.666668	42.666668	44.666668	46.0	46.0	
123.666664	123.0	121.333336	112.666664	108.333336	117.0	139.66667	161.33333	180.33333	190.33333	192.66667	191.0	191.33333	192.66667	184.66667	175.0	176.33333	186.66667	192.33333	190.66667	191.33333	193.66667	196.0	191.33333	189.0	188.33333	184.33333	172.33333	142.0	86.666664	39.333332	30.666666	33.666668	34.666668	35.0	38.666668	
122.0	122.666664	124.0	120.333336	114.333336	107.0	115.0	139.0	159.66667	175.33333	185.66667	186.0	185.66667	188.0	186.33333	178.0	170.66667	170.33333	180.66667	184.66667	184.66667	184.33333	186.0	186.33333	186.0	184.0	165.66667	135.66667	86.333336	43.333332	29.0	26.666666	30.333334	32.333332	33.0	35.0	
123.666664	124.666664	124.666664	123.0	120.333336	114.0	108.0	115.666664	138.0	154.66667	165.66667	179.66667	181.0	178.0	181.33333	178.66667	168.33333	158.0	157.33333	161.66667	166.0	167.66667	167.33333	172.66667	170.66667	154.33333	117.666664	74.0	38.0	27.0	30.0	27.666666	29.666666	31.333334	33.0	34.666668	
