53.666668	59.333332	63.666668	69.333336	75.0	79.0	80.666664	82.666664	87.0	91.0	97.666664	104.666664	110.0	116.333336	121.0	121.333336	125.666664	129.66667	130.66667	131.33333	131.33333	128.66667	125.333336	121.333336	115.666664	110.333336	105.333336	98.0	83.333336	63.333332	46.666668	26.333334	7.6666665	6.3333335	4.3333335	3.6666667	
57.0	61.0	67.666664	72.0	77.333336	80.0	79.666664	83.0	90.333336	96.666664	103.666664	112.333336	119.0	126.0	131.66667	132.66667	133.66667	134.66667	133.0	132.66667	132.33333	133.66667	133.0	129.66667	123.666664	118.0	112.666664	105.666664	95.0	78.0	61.666668	45.333332	19.0	8.666667	7.6666665	5.0	
62.0	64.666664	70.333336	75.0	80.333336	82.666664	82.666664	86.666664	96.0	104.666664	113.0	122.0	128.0	134.0	141.33333	145.33333	145.33333	145.0	142.66667	141.33333	140.33333	140.66667	138.33333	134.66667	129.33333	124.0	117.333336	110.666664	102.0	90.0	76.333336	63.666668	41.0	11.333333	6.3333335	5.6666665	
65.666664	68.0	71.666664	77.333336	83.333336	87.0	88.333336	92.333336	103.0	111.666664	119.0	128.0	135.0	140.66667	148.33333	154.33333	156.0	155.66667	153.33333	151.33333	149.66667	146.33333	142.33333	137.66667	132.0	126.666664	120.333336	112.666664	105.333336	96.0	84.0	72.333336	58.666668	23.333334	6.3333335	6.0	
67.0	68.0	70.333336	77.333336	85.333336	92.0	94.666664	100.666664	110.333336	118.333336	124.0	131.66667	140.33333	145.66667	153.0	160.0	161.0	158.66667	155.66667	153.0	150.0	145.66667	142.0	138.66667	133.66667	129.33333	123.333336	115.333336	108.0	100.666664	90.333336	77.666664	67.333336	43.333332	14.0	6.0	
67.333336	68.0	70.0	79.0	90.0	97.0	100.666664	107.666664	114.0	122.0	127.0	131.66667	137.0	143.33333	150.33333	156.66667	155.33333	152.0	148.66667	145.66667	142.33333	138.66667	135.66667	132.66667	129.0	126.666664	123.0	115.0	108.333336	102.333336	94.333336	84.0	73.333336	54.666668	21.0	4.3333335	
68.666664	71.333336	74.666664	84.666664	97.0	104.0	108.333336	114.0	120.0	124.666664	126.666664	129.0	132.0	136.66667	142.66667	148.66667	148.0	146.33333	145.33333	144.66667	142.66667	141.66667	139.0	134.33333	129.66667	126.333336	123.0	115.666664	109.0	103.0	97.0	90.666664	81.0	63.0	30.666666	7.0	
70.666664	74.666664	78.333336	88.0	98.666664	105.0	110.666664	118.333336	124.333336	130.33333	133.33333	134.0	135.66667	138.66667	143.33333	146.0	145.0	144.0	144.33333	144.33333	144.66667	144.66667	143.0	138.33333	131.0	125.666664	122.0	115.0	108.333336	101.666664	96.666664	94.0	85.0	69.666664	43.0	12.666667	
72.333336	77.333336	80.0	87.666664	96.0	100.666664	105.666664	113.333336	122.0	131.66667	138.0	143.0	148.33333	149.33333	151.33333	152.0	149.66667	147.33333	147.33333	146.66667	147.33333	149.0	148.66667	144.66667	136.66667	129.0	124.0	116.666664	110.0	103.0	97.0	93.666664	85.0	75.666664	54.666668	18.666666	
70.0	78.0	82.0	86.666664	91.333336	94.333336	99.0	107.333336	119.333336	129.33333	135.33333	141.66667	146.66667	149.66667	153.66667	158.33333	159.66667	160.66667	160.66667	159.33333	158.0	155.33333	154.66667	152.0	146.33333	138.0	131.0	122.666664	116.0	109.666664	101.666664	94.666664	86.333336	82.0	64.0	23.0	
69.333336	81.333336	86.333336	86.0	85.666664	90.333336	98.666664	105.0	109.0	109.333336	111.0	117.0	124.666664	133.0	146.33333	158.33333	165.33333	171.0	176.0	172.33333	166.66667	163.66667	161.0	155.0	157.66667	155.0	146.33333	136.33333	127.666664	120.666664	112.666664	104.333336	92.333336	87.333336	70.0	29.333334	
72.0	84.666664	88.333336	87.666664	84.0	86.333336	94.333336	99.333336	97.333336	90.666664	90.333336	100.666664	113.666664	126.0	141.33333	153.66667	160.33333	166.0	172.66667	175.0	174.66667	177.33333	172.66667	164.66667	170.0	172.0	161.66667	150.0	141.33333	132.0	124.666664	117.0	104.0	98.666664	82.0	47.666668	
75.333336	83.333336	87.333336	91.333336	87.333336	81.666664	85.333336	94.666664	98.666664	97.0	96.0	101.0	107.0	114.333336	120.0	121.666664	123.333336	134.0	150.0	161.0	166.33333	178.0	184.66667	176.66667	175.66667	173.0	162.0	148.66667	137.66667	128.33333	119.0	113.0	107.0	96.333336	89.666664	79.0	
78.0	82.0	89.0	91.333336	85.666664	79.333336	82.0	94.666664	103.666664	110.333336	120.0	127.666664	129.33333	127.333336	118.0	106.333336	96.0	105.0	125.666664	141.66667	151.33333	170.66667	185.33333	177.0	168.0	161.33333	150.66667	130.66667	116.333336	111.333336	107.333336	103.333336	94.333336	81.666664	77.666664	78.666664	
78.666664	83.666664	90.0	90.666664	85.0	84.0	89.0	101.666664	111.333336	114.333336	119.333336	131.33333	137.0	131.0	120.333336	109.666664	102.333336	106.666664	118.333336	132.66667	151.0	169.0	178.0	166.0	155.0	146.0	130.66667	107.666664	92.333336	89.666664	93.666664	94.333336	80.666664	73.666664	66.666664	61.333332	
77.666664	83.666664	92.333336	96.0	97.0	102.666664	107.333336	103.333336	91.0	84.0	80.666664	87.0	91.0	86.666664	97.333336	98.333336	99.666664	112.666664	125.666664	134.66667	150.33333	166.33333	171.66667	157.66667	142.0	129.0	112.666664	95.0	91.0	92.666664	102.0	110.0	96.666664	86.0	71.333336	59.0	
77.333336	81.666664	91.0	102.0	111.0	113.666664	109.666664	90.333336	73.333336	76.666664	76.333336	68.333336	66.0	82.333336	127.333336	111.0	103.333336	112.666664	122.333336	137.33333	154.0	167.66667	169.0	150.66667	132.33333	114.333336	98.333336	87.0	86.666664	98.666664	108.333336	110.333336	108.333336	107.333336	89.333336	65.0	
76.666664	79.333336	88.666664	105.0	118.333336	115.0	105.0	90.0	81.333336	97.666664	113.0	118.333336	115.0	105.666664	123.333336	114.0	116.0	119.333336	117.333336	135.33333	150.66667	160.33333	161.0	143.66667	124.666664	106.0	104.333336	93.333336	66.0	71.0	68.666664	83.0	82.666664	84.0	90.666664	75.333336	
76.333336	78.0	85.0	97.666664	113.333336	116.0	110.0	106.666664	101.0	102.666664	116.0	130.0	136.66667	124.666664	113.0	110.0	116.333336	120.666664	115.666664	131.66667	137.33333	142.33333	145.0	131.0	116.333336	105.0	113.666664	112.666664	87.333336	74.0	69.333336	98.0	74.333336	61.333332	84.333336	79.0	
75.0	79.333336	88.333336	104.0	116.333336	121.0	122.0	125.333336	124.333336	116.666664	113.666664	115.666664	117.0	115.333336	114.666664	116.0	116.0	122.333336	121.333336	127.666664	128.66667	131.33333	133.33333	121.333336	109.333336	105.333336	110.0	120.0	128.66667	118.333336	109.0	106.0	85.333336	71.333336	81.333336	88.333336	
74.666664	82.333336	93.666664	110.0	118.666664	121.666664	127.333336	133.33333	131.66667	125.333336	118.333336	116.666664	118.666664	122.666664	129.66667	135.0	131.33333	134.0	133.0	129.0	129.66667	131.0	132.66667	119.333336	106.0	105.0	109.0	113.0	120.333336	116.666664	110.333336	107.666664	96.333336	87.333336	91.666664	90.666664	
77.333336	86.0	96.333336	107.666664	114.0	118.0	127.333336	136.66667	137.66667	134.0	129.0	127.0	129.0	134.0	140.66667	143.66667	142.66667	143.33333	141.0	134.33333	131.0	132.33333	134.0	123.0	108.666664	106.333336	114.666664	116.666664	113.333336	108.333336	107.333336	103.666664	100.333336	103.333336	100.333336	93.0	
79.0	89.0	100.0	107.666664	113.0	120.666664	128.66667	134.0	139.0	141.33333	139.66667	136.0	139.66667	147.33333	154.66667	159.0	160.66667	155.66667	147.66667	140.0	132.66667	133.66667	136.66667	128.66667	115.666664	107.666664	113.333336	119.0	114.666664	111.333336	114.333336	110.0	111.666664	116.333336	107.0	94.0	
80.333336	89.0	97.666664	102.666664	110.333336	121.666664	133.0	141.33333	147.66667	150.0	149.33333	148.66667	150.66667	154.66667	157.33333	156.33333	150.66667	139.66667	132.66667	130.33333	128.0	133.66667	139.0	135.66667	124.333336	113.333336	116.0	127.333336	130.0	125.0	123.666664	122.666664	121.666664	123.333336	113.333336	97.666664	
79.333336	84.0	87.333336	91.333336	105.0	123.0	140.33333	157.66667	168.33333	166.0	163.0	157.66667	150.0	146.66667	150.0	139.33333	120.666664	112.666664	112.0	118.666664	121.0	131.0	139.66667	142.0	135.0	119.0	108.333336	118.0	132.33333	139.33333	141.33333	136.33333	131.33333	125.666664	115.0	96.666664	
75.333336	78.666664	80.333336	87.0	101.666664	120.0	136.66667	159.0	175.66667	174.33333	161.66667	143.0	136.0	147.33333	157.0	132.0	113.0	124.666664	132.33333	132.66667	125.333336	128.0	138.33333	150.33333	147.66667	127.666664	103.0	104.666664	123.0	139.66667	152.66667	151.66667	144.33333	132.33333	116.333336	94.666664	
74.333336	78.0	80.0	84.666664	96.333336	109.0	123.0	142.33333	157.0	152.33333	134.66667	125.666664	138.33333	156.66667	163.33333	138.66667	119.0	135.0	147.66667	150.33333	143.66667	140.0	151.0	170.66667	168.33333	143.66667	117.0	110.0	118.666664	131.0	147.0	159.0	158.66667	141.66667	123.0	100.0	
78.333336	80.333336	78.333336	81.333336	92.666664	107.0	117.666664	129.33333	133.33333	124.0	117.0	130.66667	150.0	156.33333	156.33333	147.33333	127.666664	127.0	128.66667	133.66667	131.33333	137.0	153.0	172.33333	165.66667	141.33333	117.0	111.0	115.666664	123.0	133.33333	147.0	155.0	143.33333	126.0	101.666664	
82.0	85.0	82.666664	81.666664	88.333336	103.666664	115.0	122.333336	116.666664	109.333336	121.333336	139.0	146.33333	144.66667	143.33333	139.66667	142.0	141.33333	144.66667	145.0	120.0	107.0	126.0	143.33333	136.33333	119.333336	104.0	103.666664	110.0	115.333336	116.0	120.666664	135.66667	135.33333	121.666664	98.666664	
82.666664	84.666664	85.0	84.0	87.666664	99.333336	111.0	114.0	109.333336	119.0	131.33333	133.66667	132.0	130.0	128.66667	128.33333	128.33333	130.66667	142.66667	151.0	128.33333	97.666664	104.0	113.333336	106.666664	101.666664	98.0	96.333336	98.333336	105.666664	109.0	102.0	112.666664	127.0	115.666664	93.666664	
86.666664	90.333336	91.0	87.666664	89.333336	101.666664	109.666664	109.666664	112.0	125.0	124.0	121.0	124.333336	121.0	113.0	115.0	115.333336	120.333336	136.66667	141.66667	133.66667	117.0	113.0	111.333336	98.666664	92.0	86.0	78.333336	76.666664	87.0	100.0	95.0	94.0	114.333336	107.666664	84.666664	
88.333336	93.333336	94.666664	90.666664	90.666664	101.333336	113.0	108.0	105.333336	111.0	104.333336	107.0	113.0	112.333336	109.0	111.0	116.0	119.0	132.0	133.66667	135.33333	132.0	126.333336	122.0	110.333336	99.333336	88.0	79.333336	74.666664	75.333336	85.333336	90.0	80.666664	97.333336	97.0	72.666664	
85.0	92.0	98.333336	97.666664	95.333336	101.0	117.0	107.333336	97.0	97.666664	98.0	96.666664	96.333336	100.666664	107.0	112.0	120.0	122.666664	128.66667	140.66667	144.33333	138.33333	132.0	127.666664	118.666664	109.333336	99.333336	92.333336	86.333336	76.0	76.0	80.666664	76.333336	90.0	85.666664	60.666668	
76.666664	90.0	103.333336	105.666664	102.666664	103.0	117.666664	111.666664	94.0	87.666664	93.0	97.333336	98.666664	101.666664	114.0	125.333336	132.66667	139.0	141.0	155.33333	151.0	144.66667	136.66667	132.33333	123.333336	118.333336	104.333336	91.0	86.0	79.0	72.666664	72.0	81.0	92.0	77.666664	56.333332	
67.666664	86.333336	103.0	108.666664	107.0	103.666664	115.666664	122.333336	100.0	99.333336	108.333336	113.0	110.0	116.333336	143.33333	169.66667	174.0	186.33333	196.0	204.66667	196.66667	196.66667	188.33333	187.33333	182.33333	168.66667	120.0	85.0	85.333336	83.333336	77.333336	75.666664	95.333336	93.666664	71.666664	50.0	
64.0	79.666664	97.333336	106.333336	106.666664	104.333336	111.333336	123.333336	113.333336	110.333336	121.333336	122.0	116.333336	105.0	109.666664	130.33333	151.0	173.33333	196.0	215.33333	216.66667	220.66667	217.33333	218.33333	211.66667	188.66667	122.333336	79.0	86.0	87.0	83.666664	91.0	103.666664	91.333336	65.333336	39.666668	
63.333332	74.0	93.666664	104.666664	106.333336	103.0	106.666664	121.0	124.0	114.0	122.0	127.0	126.333336	118.0	105.333336	100.333336	109.666664	127.333336	149.33333	171.66667	186.33333	198.0	192.0	186.33333	169.33333	144.66667	102.666664	81.666664	89.0	87.666664	90.666664	112.333336	106.0	85.333336	54.333332	32.666668	
63.0	65.666664	83.333336	99.0	104.333336	102.666664	98.0	108.333336	123.333336	109.333336	111.333336	124.0	123.333336	119.666664	116.666664	114.0	111.666664	120.333336	132.33333	148.33333	159.0	155.66667	146.66667	142.33333	132.66667	120.333336	103.666664	88.666664	86.666664	89.333336	98.333336	117.666664	99.0	69.333336	36.333332	24.0	
65.333336	60.0	70.0	89.666664	102.666664	103.0	94.333336	96.666664	115.0	109.0	101.333336	112.333336	122.666664	121.666664	119.666664	125.666664	130.33333	135.0	141.0	155.33333	168.66667	156.33333	138.66667	133.33333	129.0	124.666664	109.666664	90.333336	85.0	86.333336	100.0	106.0	82.666664	49.0	17.0	15.666667	
69.666664	63.333332	65.666664	82.666664	99.0	103.333336	99.666664	97.333336	106.0	108.333336	99.0	102.0	116.333336	120.333336	120.333336	128.66667	137.66667	141.33333	143.33333	152.66667	163.33333	158.66667	143.66667	136.33333	130.33333	125.666664	111.0	91.0	82.666664	82.333336	97.666664	91.666664	65.0	30.0	8.0	12.666667	
76.333336	70.666664	67.0	75.333336	89.666664	98.333336	99.333336	95.666664	97.333336	101.333336	97.333336	94.333336	103.666664	115.666664	123.333336	127.0	132.0	135.66667	136.33333	129.0	129.33333	137.66667	133.66667	126.333336	120.666664	116.333336	101.333336	84.333336	79.0	79.333336	83.0	68.333336	41.666668	12.333333	4.0	7.0	
81.333336	78.333336	73.666664	73.0	80.0	89.333336	96.333336	95.333336	90.666664	92.0	96.666664	97.0	93.333336	104.0	118.666664	126.0	133.0	138.33333	143.0	136.0	125.333336	124.0	116.333336	106.0	104.666664	109.0	97.666664	82.0	76.333336	76.333336	69.0	50.666668	25.0	4.6666665	6.3333335	8.666667	
84.333336	84.666664	82.666664	76.0	73.333336	80.333336	88.666664	90.333336	83.0	81.333336	91.333336	95.0	87.0	90.666664	105.333336	118.0	128.0	138.66667	148.33333	149.66667	141.0	129.33333	119.333336	114.333336	115.333336	112.666664	95.333336	77.333336	71.333336	70.333336	56.0	30.666666	13.666667	4.0	8.0	25.0	
85.0	89.666664	89.333336	81.666664	72.333336	75.0	82.0	84.666664	78.333336	75.666664	84.0	84.666664	82.666664	89.0	97.0	103.0	114.333336	131.33333	139.33333	138.33333	135.33333	127.333336	120.333336	116.333336	110.333336	102.333336	84.666664	67.666664	63.666668	59.0	39.666668	14.333333	6.6666665	6.6666665	20.666666	83.333336	
84.333336	92.333336	95.0	91.333336	81.333336	76.333336	78.0	82.0	79.333336	75.666664	77.0	77.333336	86.0	97.666664	100.333336	98.333336	108.333336	112.666664	121.666664	128.0	124.666664	120.333336	114.0	107.666664	99.666664	93.0	78.0	64.666664	60.333332	39.666668	20.0	9.0	6.6666665	16.0	71.333336	139.33333	
89.0	91.0	93.333336	92.666664	89.666664	77.666664	73.666664	78.333336	80.0	74.0	69.666664	71.333336	86.0	96.666664	100.0	103.666664	112.666664	116.0	126.333336	137.33333	135.33333	127.0	120.0	112.333336	101.0	90.0	83.333336	69.333336	47.333332	23.0	13.666667	10.666667	15.0	56.666668	131.66667	142.0	
97.333336	94.333336	93.333336	86.333336	89.333336	84.666664	76.666664	73.666664	75.0	78.0	76.333336	69.0	74.666664	88.333336	96.666664	99.0	109.333336	124.333336	135.0	139.66667	136.33333	132.0	124.0	117.666664	108.666664	97.666664	92.333336	71.0	37.333332	14.0	14.0	25.0	64.666664	129.0	129.66667	99.666664	
132.0	108.0	104.333336	89.0	86.666664	86.333336	79.333336	72.666664	73.333336	80.666664	80.0	71.333336	69.333336	74.333336	85.666664	95.666664	109.0	119.666664	124.666664	130.33333	127.0	121.666664	112.0	110.333336	108.333336	100.0	91.333336	55.666668	22.666666	23.666666	62.0	115.0	155.33333	128.66667	70.0	53.666668	
206.66667	156.66667	120.666664	103.333336	92.666664	80.333336	77.0	76.0	76.0	77.0	77.666664	77.0	71.666664	62.666668	64.333336	76.666664	94.666664	109.0	112.0	112.666664	111.666664	111.0	102.333336	103.0	106.333336	93.0	70.333336	37.0	54.333332	116.333336	173.66667	194.66667	147.33333	74.333336	41.0	38.666668	
