43.666668	36.0	21.0	20.666666	46.0	86.666664	119.666664	151.33333	168.0	177.0	175.0	164.0	163.0	164.66667	171.66667	176.0	178.0	180.33333	189.33333	199.0	199.33333	186.0	177.66667	192.0	195.33333	194.0	190.33333	184.33333	173.0	168.66667	157.66667	140.66667	101.666664	54.666668	23.333334	11.333333	
32.333332	23.666666	26.333334	55.666668	95.666664	125.666664	135.66667	159.33333	172.33333	168.66667	164.0	162.33333	168.0	172.66667	175.0	176.33333	176.66667	179.0	185.66667	193.0	192.66667	180.0	175.66667	191.33333	199.0	202.33333	199.0	189.66667	178.66667	169.0	159.66667	152.66667	129.66667	96.333336	52.333332	16.333334	
16.666666	22.666666	57.0	93.666664	121.333336	134.66667	129.0	149.33333	168.33333	162.33333	156.33333	159.33333	165.66667	173.33333	174.0	172.33333	173.0	176.66667	179.66667	182.33333	181.0	168.33333	167.66667	185.66667	194.66667	193.33333	188.66667	184.0	174.0	160.0	152.66667	149.33333	136.33333	113.666664	78.666664	33.666668	
14.0	31.333334	69.666664	109.0	132.66667	133.33333	118.0	136.66667	157.66667	157.0	151.33333	150.33333	153.33333	162.66667	166.33333	164.33333	164.66667	166.33333	168.0	172.33333	172.33333	157.0	153.66667	172.33333	180.66667	177.0	173.0	174.0	166.66667	151.0	143.66667	140.33333	130.0	109.666664	86.333336	54.666668	
19.0	37.333332	65.333336	115.0	153.33333	145.33333	119.666664	138.0	154.66667	155.66667	152.0	150.0	148.66667	155.33333	158.66667	159.0	158.33333	159.0	160.0	166.33333	170.0	157.0	153.33333	166.33333	171.66667	172.0	169.0	169.0	162.0	148.66667	145.33333	140.0	122.666664	104.333336	86.0	61.666668	
21.333334	34.0	71.666664	124.666664	156.33333	149.66667	131.0	139.66667	153.33333	152.33333	151.0	152.66667	151.33333	154.33333	154.66667	153.33333	153.0	156.33333	158.33333	161.0	164.33333	159.0	158.0	162.66667	162.33333	163.33333	161.33333	157.66667	155.66667	150.33333	145.33333	138.66667	122.333336	109.666664	95.666664	65.0	
28.0	49.666668	102.333336	143.33333	156.0	145.66667	140.66667	147.33333	158.0	153.66667	151.33333	154.66667	154.66667	156.0	153.66667	151.66667	151.33333	154.66667	156.0	155.66667	159.0	157.33333	156.0	158.0	153.0	149.66667	149.33333	148.33333	154.33333	154.0	149.0	142.66667	125.333336	106.666664	89.333336	59.333332	
41.666668	84.0	138.66667	157.0	156.0	146.66667	150.66667	164.33333	168.0	162.66667	161.33333	166.0	168.33333	169.0	165.66667	162.0	160.0	159.0	156.33333	154.66667	158.66667	158.0	157.33333	158.0	153.33333	153.0	156.33333	158.33333	162.0	159.0	151.66667	141.66667	127.333336	106.333336	84.0	59.0	
56.666668	115.0	159.33333	168.0	165.66667	159.0	170.66667	183.33333	176.33333	168.0	168.0	173.33333	178.66667	179.66667	177.0	174.0	170.0	164.33333	159.33333	155.33333	159.0	162.0	163.0	163.0	162.66667	166.66667	173.0	176.33333	177.33333	172.0	163.66667	146.66667	131.66667	112.333336	90.666664	67.666664	
67.666664	139.0	176.33333	177.0	174.66667	172.33333	183.66667	191.33333	185.66667	177.66667	175.33333	177.66667	181.66667	184.66667	183.33333	182.0	175.0	167.0	161.0	155.0	158.33333	163.66667	167.33333	167.33333	174.0	182.66667	189.66667	190.66667	190.33333	185.66667	176.66667	157.66667	139.33333	121.0	95.333336	72.666664	
92.333336	160.33333	186.0	183.33333	176.33333	165.66667	153.33333	147.0	148.33333	152.0	162.0	171.33333	176.0	181.66667	183.33333	184.33333	180.0	171.66667	163.0	155.0	157.33333	162.66667	168.0	170.66667	177.66667	190.0	195.66667	192.0	188.0	182.33333	178.33333	163.66667	144.0	127.0	103.0	79.333336	
117.333336	176.33333	189.66667	181.33333	155.33333	129.0	107.333336	87.666664	77.0	83.333336	106.0	133.0	149.33333	161.33333	168.66667	174.0	175.0	172.66667	165.66667	159.33333	158.33333	162.33333	166.66667	172.0	175.33333	178.33333	179.66667	176.66667	173.0	168.0	159.0	138.0	121.0	115.0	103.666664	86.666664	
132.33333	180.66667	185.66667	170.66667	139.66667	111.333336	83.0	59.333332	45.0	36.0	40.333332	54.0	72.0	95.333336	116.0	136.33333	151.0	157.33333	160.33333	161.0	158.66667	159.66667	159.33333	158.66667	154.66667	145.33333	137.33333	134.0	124.0	113.0	96.0	78.666664	72.666664	75.0	75.666664	83.333336	
148.0	184.0	182.33333	164.33333	139.33333	115.333336	88.333336	76.0	66.333336	56.333332	45.0	36.666668	35.666668	42.0	52.0	76.0	101.0	126.666664	143.66667	149.66667	148.0	147.66667	139.66667	121.333336	99.333336	78.666664	63.666668	62.0	52.333332	45.333332	37.0	35.333332	37.666668	38.0	45.0	67.666664	
155.0	182.0	183.33333	168.0	138.33333	109.0	84.0	71.0	62.666668	56.666668	48.0	48.666668	52.333332	53.666668	51.0	52.333332	66.0	98.333336	122.0	129.66667	130.66667	128.66667	113.333336	82.333336	51.333332	37.666668	32.0	31.333334	34.666668	36.333332	32.666668	36.666668	40.0	43.0	49.0	61.333332	
154.0	181.33333	184.66667	166.33333	129.33333	87.0	56.0	44.0	34.0	22.666666	21.0	29.666666	39.333332	48.666668	56.333332	60.666668	68.666664	87.666664	105.666664	110.666664	111.666664	107.0	89.666664	68.0	53.666668	48.0	40.0	34.666668	37.666668	38.666668	39.666668	46.666668	56.0	60.333332	59.0	65.0	
154.0	183.66667	186.33333	162.33333	121.666664	86.666664	66.333336	64.333336	64.333336	29.666666	22.0	39.333332	60.0	48.0	42.666668	51.333332	63.0	82.0	101.666664	110.0	112.333336	102.333336	77.333336	58.333332	48.333332	37.333332	24.0	18.0	20.0	33.333332	39.333332	34.0	44.333332	57.333332	64.666664	76.0	
157.33333	185.0	187.33333	172.0	152.33333	133.0	120.666664	101.333336	81.666664	53.0	42.0	67.333336	82.0	57.333332	42.666668	50.0	52.666668	75.666664	107.0	124.666664	131.33333	109.333336	64.333336	46.0	38.666668	32.666668	24.333334	18.0	30.0	69.0	71.666664	40.0	38.0	54.0	78.666664	92.666664	
169.66667	188.33333	194.33333	186.0	177.0	164.33333	152.0	123.333336	90.0	64.666664	63.666668	69.333336	64.666664	60.666668	59.0	63.666668	62.0	83.666664	124.0	151.33333	157.0	125.0	65.666664	48.333332	43.0	41.666668	43.333332	41.333332	60.0	81.666664	65.333336	47.0	52.0	78.333336	110.666664	112.666664	
180.0	191.0	195.0	194.0	188.66667	179.66667	163.66667	139.0	110.0	85.666664	79.0	73.333336	70.666664	72.666664	71.0	79.0	100.333336	128.33333	162.66667	186.33333	181.33333	146.66667	87.333336	60.333332	59.0	62.0	67.666664	70.333336	72.666664	67.666664	60.0	65.0	81.666664	116.666664	143.0	122.0	
177.0	193.0	195.0	196.0	192.0	183.66667	170.33333	151.66667	128.66667	108.666664	97.0	91.0	90.333336	91.333336	100.333336	134.66667	168.33333	185.66667	203.33333	212.33333	203.66667	167.0	121.0	83.0	66.666664	68.0	69.0	68.0	73.333336	75.0	80.0	91.666664	119.0	146.0	152.0	118.333336	
169.66667	190.66667	192.0	189.66667	182.66667	171.33333	159.33333	146.33333	134.0	122.0	109.666664	103.333336	106.0	120.333336	149.66667	188.0	205.0	214.33333	222.33333	216.0	213.66667	178.0	143.0	115.666664	87.666664	77.666664	76.666664	81.0	90.333336	98.0	106.0	123.333336	149.0	159.33333	152.66667	113.666664	
159.66667	185.66667	188.0	180.0	169.33333	155.33333	144.66667	135.0	125.0	119.0	112.666664	114.666664	130.66667	159.33333	185.33333	198.33333	204.66667	213.0	217.0	210.66667	206.33333	179.0	146.33333	136.66667	127.333336	109.333336	101.666664	104.333336	106.666664	114.666664	131.0	146.0	156.33333	155.33333	142.33333	104.666664	
155.33333	180.0	182.0	170.66667	158.66667	149.0	141.66667	133.33333	128.0	129.66667	134.66667	141.0	151.66667	168.33333	181.0	188.0	198.0	209.0	215.0	209.66667	200.33333	175.33333	149.0	135.0	133.33333	133.66667	132.66667	128.33333	122.0	123.666664	141.0	150.33333	146.33333	139.33333	125.0	93.666664	
151.66667	173.33333	174.0	162.0	151.33333	146.33333	145.66667	149.33333	153.33333	155.0	156.0	157.66667	162.33333	171.66667	176.66667	194.0	210.33333	222.33333	226.0	216.33333	203.0	178.33333	158.0	136.66667	127.0	131.33333	135.33333	134.33333	129.0	127.666664	130.33333	133.0	128.33333	119.333336	110.666664	83.666664	
147.66667	164.0	166.0	156.33333	150.0	147.33333	151.33333	156.33333	161.66667	162.66667	160.0	163.33333	164.33333	165.66667	174.33333	204.0	227.0	241.33333	238.33333	224.66667	210.0	189.33333	169.66667	143.0	132.0	134.0	135.0	137.66667	140.66667	139.66667	131.0	122.333336	113.333336	100.666664	98.333336	76.333336	
141.66667	158.0	161.33333	155.33333	156.66667	153.0	154.33333	157.33333	161.66667	158.66667	158.33333	162.66667	155.66667	152.0	181.33333	221.66667	242.33333	249.66667	241.33333	229.33333	219.66667	202.0	184.0	155.66667	139.0	142.0	144.33333	149.66667	154.0	153.0	146.0	129.0	110.333336	99.0	89.666664	60.0	
131.66667	149.33333	158.66667	155.66667	156.0	156.33333	158.33333	160.66667	163.0	159.66667	160.33333	157.33333	149.0	153.33333	200.66667	237.0	246.0	249.33333	237.66667	232.33333	229.0	216.33333	197.0	173.0	149.0	146.33333	152.66667	161.0	160.66667	159.0	153.33333	135.66667	115.0	102.0	80.0	44.333332	
130.0	149.33333	153.0	156.0	160.33333	159.33333	161.66667	161.33333	163.33333	165.33333	163.33333	158.66667	151.66667	164.33333	209.66667	228.33333	233.33333	234.33333	222.0	219.66667	218.66667	217.33333	203.33333	186.0	163.0	151.33333	157.33333	165.0	161.33333	157.0	148.66667	131.33333	115.333336	96.0	65.666664	42.0	
127.0	149.33333	147.33333	149.0	157.33333	160.33333	162.66667	159.66667	162.33333	167.0	161.66667	162.0	163.0	163.0	179.66667	185.33333	190.0	197.66667	189.0	187.66667	190.33333	191.33333	185.0	176.66667	163.0	160.0	164.0	167.0	163.0	154.33333	141.66667	123.0	102.666664	82.666664	58.666668	47.0	
112.666664	136.0	146.0	143.66667	149.33333	154.33333	158.0	158.66667	162.33333	167.0	163.0	166.33333	172.66667	151.33333	131.0	123.0	121.666664	139.0	143.33333	140.66667	144.0	132.33333	119.666664	121.0	143.0	172.0	172.33333	165.66667	160.0	149.66667	134.0	114.0	92.333336	67.666664	52.666668	54.333332	
66.666664	110.0	143.33333	146.0	148.33333	148.33333	152.0	156.33333	162.0	172.0	171.33333	176.0	179.0	162.0	134.66667	121.333336	104.666664	93.666664	96.666664	95.333336	88.666664	75.333336	63.333332	77.333336	141.33333	180.66667	180.33333	165.0	154.66667	144.0	127.666664	105.333336	78.333336	54.0	47.0	56.0	
31.333334	95.0	142.33333	146.66667	145.66667	145.0	149.33333	151.66667	161.0	173.66667	176.33333	184.66667	186.33333	172.0	152.66667	132.0	112.0	82.666664	67.666664	64.666664	57.666668	46.666668	47.333332	83.666664	160.66667	186.66667	181.33333	167.0	153.0	137.33333	114.333336	89.333336	61.666668	43.0	45.0	57.0	
31.666666	107.333336	140.0	144.33333	146.33333	144.66667	144.66667	149.0	161.66667	171.0	170.0	172.33333	174.66667	166.0	148.33333	133.0	114.666664	80.666664	56.666668	53.333332	49.666668	44.333332	62.333332	116.666664	171.0	184.33333	178.0	166.0	152.33333	126.333336	96.333336	70.666664	49.333332	37.666668	44.666668	52.0	
55.0	148.0	148.33333	138.33333	140.0	141.33333	138.33333	145.0	157.33333	155.66667	147.0	148.0	151.66667	151.0	145.33333	146.66667	134.66667	97.666664	66.666664	65.333336	74.0	89.0	111.0	134.0	148.0	159.0	158.66667	153.33333	143.0	111.333336	77.333336	55.666668	42.0	34.666668	43.333332	43.0	
92.666664	182.0	155.0	128.33333	134.33333	143.66667	143.0	149.33333	151.66667	131.66667	119.0	119.666664	125.333336	147.33333	165.0	164.33333	147.33333	124.333336	103.0	107.666664	134.33333	149.0	153.0	141.33333	131.0	126.0	120.666664	119.0	117.0	89.333336	60.0	40.666668	34.0	38.333332	45.333332	43.666668	
140.0	200.0	160.0	119.666664	124.0	137.33333	144.66667	148.0	145.33333	123.333336	99.666664	87.333336	96.666664	118.0	117.333336	97.666664	86.0	88.333336	95.0	99.333336	106.666664	121.333336	141.0	136.0	113.666664	97.0	88.666664	83.333336	88.666664	76.0	47.666668	33.0	33.333332	42.666668	51.0	51.0	
190.66667	208.66667	166.66667	119.0	108.666664	125.333336	142.66667	147.0	135.33333	108.666664	82.666664	67.666664	61.333332	59.0	52.666668	53.0	53.666668	51.666668	55.333332	57.333332	55.0	56.0	68.333336	78.333336	73.666664	68.333336	65.333336	58.333332	64.666664	61.333332	40.0	32.333332	36.0	46.0	53.333332	51.333332	
214.0	207.0	169.66667	120.666664	98.333336	109.333336	128.33333	137.66667	118.666664	85.666664	68.666664	64.333336	67.333336	78.333336	89.333336	95.333336	87.0	68.666664	58.666668	60.666668	66.0	65.333336	58.666668	48.666668	46.333332	51.666668	53.0	51.0	56.0	48.666668	32.333332	28.666666	37.333332	45.666668	52.333332	47.333332	
223.33333	198.33333	159.66667	122.333336	95.666664	93.666664	105.333336	117.333336	104.666664	73.666664	60.666668	68.0	83.333336	102.0	109.333336	110.0	106.666664	100.333336	95.0	103.666664	112.0	102.666664	87.0	71.333336	64.333336	60.333332	48.666668	42.333332	39.0	31.666666	26.0	28.333334	41.666668	49.333332	58.333332	50.0	
219.66667	191.33333	149.33333	120.666664	94.666664	80.333336	87.333336	103.666664	99.0	72.0	56.0	62.666668	75.666664	92.0	99.333336	99.666664	93.666664	96.666664	101.666664	111.0	109.666664	96.333336	81.333336	76.666664	71.0	61.0	46.0	34.666668	24.666666	20.666666	22.666666	31.0	43.666668	51.333332	59.666668	42.666668	
209.0	174.66667	136.0	118.333336	97.333336	73.333336	72.333336	87.0	93.0	71.333336	53.666668	57.0	65.0	76.666664	81.333336	77.666664	67.333336	66.666664	70.333336	74.0	75.333336	74.0	64.666664	65.666664	66.0	53.0	37.666668	28.666666	20.666666	21.0	26.0	36.0	42.333332	49.666668	64.333336	39.333332	
187.33333	148.33333	112.333336	101.666664	98.0	75.0	64.333336	69.333336	83.0	77.333336	61.333332	57.0	63.333332	75.333336	78.333336	70.333336	58.333332	51.333332	50.666668	52.0	57.0	60.666668	60.666668	64.0	62.666668	46.333332	35.0	27.666666	20.333334	25.666666	33.666668	46.0	47.0	53.333332	70.666664	38.666668	
156.33333	120.0	90.0	81.333336	88.666664	72.666664	60.333332	55.666668	65.0	85.333336	67.333336	57.0	60.666668	71.0	77.0	73.666664	62.666668	55.0	52.666668	52.333332	54.333332	57.333332	64.333336	70.666664	64.333336	46.333332	34.333332	25.333334	23.666666	28.0	34.666668	49.333332	48.666668	54.0	64.666664	35.333332	
121.333336	89.666664	70.0	63.333332	74.0	69.666664	58.666668	56.666668	56.666668	82.333336	80.666664	67.666664	62.666668	69.333336	79.333336	84.666664	76.333336	65.0	61.0	60.333332	58.0	64.333336	80.0	84.333336	70.0	47.666668	31.666666	23.0	25.0	30.0	41.333332	50.333332	43.666668	50.666668	68.333336	34.0	
90.666664	70.333336	57.0	51.666668	63.0	70.666664	62.333332	63.0	56.333332	65.333336	80.666664	72.666664	61.666668	64.0	72.333336	80.0	78.333336	72.666664	67.666664	64.0	65.0	77.0	85.666664	77.666664	59.333332	38.666668	26.666666	25.666666	27.333334	33.0	48.666668	55.666668	49.333332	57.0	70.0	30.0	
68.666664	58.0	44.333332	47.0	57.0	70.666664	60.333332	53.333332	48.666668	43.0	55.666668	66.0	56.666668	50.0	55.666668	63.333332	65.666664	66.0	62.333332	59.333332	66.0	74.333336	73.0	59.333332	42.666668	29.333334	25.333334	29.0	28.666666	34.0	54.333332	59.333332	57.666668	66.666664	53.666668	18.0	
43.666668	46.666668	45.666668	55.0	59.666668	70.333336	53.333332	30.0	29.0	26.333334	31.666666	50.333332	48.333332	37.666668	38.0	43.0	45.333332	47.333332	46.666668	50.0	53.666668	54.666668	49.333332	40.0	27.333334	23.333334	26.333334	28.666666	28.0	36.0	57.0	65.333336	58.666668	54.666668	38.0	13.333333	
36.666668	36.0	34.0	41.333332	49.333332	64.666664	50.333332	23.0	26.333334	32.0	24.333334	25.0	27.0	24.666666	22.333334	24.333334	30.333334	34.0	36.333332	38.666668	37.0	35.333332	30.0	26.0	25.0	24.333334	26.666666	27.666666	26.333334	34.666668	51.333332	57.0	54.333332	51.333332	34.333332	11.666667	
