9.333333	11.0	12.666667	20.666666	35.333332	42.333332	42.0	42.333332	47.0	43.333332	36.666668	34.0	35.333332	43.0	45.333332	45.0	39.666668	36.0	34.0	24.0	21.333334	39.333332	45.666668	42.333332	39.0	41.0	44.666668	36.333332	31.333334	37.333332	45.0	45.333332	40.666668	44.666668	31.666666	42.0	
8.0	14.666667	26.0	41.666668	59.666668	63.333332	56.666668	56.333332	59.0	54.333332	46.0	47.0	48.666668	60.666668	68.333336	64.0	58.0	49.333332	31.0	21.666666	27.333334	48.0	55.333332	57.666668	49.666668	40.0	60.0	63.0	53.666668	54.0	50.666668	51.666668	42.0	48.666668	32.0	35.0	
15.333333	32.0	54.666668	77.0	90.666664	81.333336	81.333336	84.666664	79.0	69.666664	65.666664	72.333336	72.666664	80.666664	84.666664	82.333336	80.666664	60.0	22.0	25.333334	51.333332	64.333336	73.333336	86.333336	71.333336	48.333332	87.333336	86.333336	76.666664	67.666664	58.666668	69.0	51.0	49.333332	31.333334	24.666666	
23.333334	55.0	95.0	119.333336	122.0	107.666664	112.666664	119.333336	105.0	90.666664	92.333336	95.666664	99.666664	102.333336	104.333336	103.333336	96.0	54.666668	22.333334	45.0	76.0	95.0	104.333336	111.666664	85.666664	74.666664	113.0	116.333336	104.666664	74.333336	82.666664	100.333336	69.333336	48.666668	36.333332	20.666666	
33.666668	88.0	137.66667	154.0	147.0	132.0	136.0	136.66667	123.666664	115.0	113.333336	113.0	119.0	121.0	121.0	121.333336	100.333336	46.0	47.333332	75.0	108.333336	128.66667	128.0	118.0	110.333336	120.666664	132.66667	138.0	126.0	82.0	118.333336	130.0	82.0	49.333332	47.0	25.333334	
50.333332	114.666664	157.0	169.0	164.33333	154.0	149.0	148.66667	140.66667	133.0	126.666664	123.666664	126.333336	127.666664	127.666664	119.0	79.666664	54.666668	81.0	108.333336	136.66667	139.0	126.0	121.666664	139.66667	146.66667	145.66667	140.66667	109.0	118.0	139.0	140.33333	90.333336	51.666668	54.0	30.0	
67.333336	126.333336	164.66667	175.66667	172.33333	164.66667	158.33333	155.33333	150.0	142.33333	134.0	132.0	137.66667	137.66667	138.66667	116.666664	75.333336	90.333336	117.0	136.66667	148.33333	132.33333	131.66667	152.66667	159.0	149.0	141.33333	127.333336	133.33333	157.66667	147.0	133.33333	84.666664	70.0	59.333332	30.666666	
76.0	125.0	166.66667	182.66667	176.0	168.33333	163.33333	156.66667	154.0	149.66667	144.66667	146.0	147.66667	144.33333	139.33333	123.666664	113.666664	133.66667	147.0	158.33333	162.0	157.33333	165.0	176.66667	167.0	146.33333	124.333336	141.66667	172.0	164.66667	152.66667	128.33333	79.0	110.666664	62.333332	26.666666	
67.0	109.0	158.0	177.0	178.66667	170.33333	163.66667	160.66667	157.33333	154.0	156.33333	159.0	153.66667	151.0	148.66667	147.33333	154.33333	159.33333	161.0	164.66667	168.0	178.0	184.66667	184.0	162.66667	136.33333	146.0	173.66667	185.0	170.33333	157.33333	118.333336	100.333336	139.0	70.0	29.333334	
66.666664	110.666664	157.33333	179.0	180.33333	172.66667	160.0	156.0	155.66667	154.33333	153.33333	147.0	137.66667	140.33333	151.0	160.33333	171.33333	173.33333	170.66667	165.33333	163.0	172.33333	179.0	176.33333	159.0	156.33333	168.0	179.0	190.66667	179.33333	164.33333	128.33333	137.33333	159.66667	81.333336	38.0	
57.666668	102.666664	155.33333	178.33333	183.0	156.66667	131.0	113.666664	107.0	94.666664	83.333336	76.666664	84.0	109.666664	131.33333	149.0	165.66667	175.0	175.33333	161.66667	144.0	133.0	132.66667	127.333336	130.0	146.0	156.66667	160.33333	167.66667	172.0	176.66667	157.66667	160.0	168.33333	89.666664	63.333332	
52.333332	94.0	147.0	175.0	156.0	100.666664	75.0	60.666668	57.0	45.333332	38.333332	45.333332	59.333332	92.0	115.666664	132.33333	148.33333	163.33333	167.33333	151.66667	126.0	105.333336	72.0	52.666668	52.0	60.333332	71.0	82.0	99.0	122.666664	155.0	162.66667	168.66667	162.0	104.0	100.666664	
56.0	96.0	138.66667	138.66667	106.0	93.333336	107.666664	112.333336	114.0	101.666664	85.0	75.666664	80.333336	99.0	113.666664	129.0	138.33333	146.0	151.0	140.0	114.666664	100.333336	80.0	62.0	58.0	67.333336	70.0	85.0	92.666664	99.333336	122.333336	139.66667	156.66667	160.33333	129.0	124.333336	
59.0	97.333336	127.333336	130.0	133.33333	144.0	144.66667	131.33333	123.666664	117.333336	108.0	96.666664	97.0	103.333336	114.0	121.333336	132.0	133.33333	140.33333	130.66667	109.333336	108.333336	103.0	98.666664	107.666664	114.0	124.333336	136.66667	142.66667	151.66667	159.66667	150.66667	151.0	162.33333	147.0	142.0	
55.0	95.333336	124.333336	142.0	149.66667	142.0	127.0	118.666664	119.0	115.666664	107.0	97.333336	90.333336	90.666664	96.0	107.0	130.33333	145.33333	152.0	135.66667	105.666664	96.0	94.666664	98.666664	109.333336	123.0	134.66667	142.0	146.0	155.0	170.66667	173.66667	169.66667	166.33333	167.0	159.33333	
46.0	89.666664	121.0	133.66667	131.66667	117.666664	112.0	115.666664	121.666664	115.0	108.666664	97.333336	86.666664	81.666664	79.0	96.0	133.66667	168.0	175.33333	144.66667	94.666664	83.666664	87.666664	92.0	104.333336	123.0	138.33333	149.0	150.0	149.66667	157.33333	171.33333	180.0	184.0	181.66667	170.33333	
45.333332	88.333336	118.0	121.666664	114.666664	103.333336	96.0	97.0	80.333336	70.0	70.0	83.0	81.333336	81.666664	81.0	103.333336	140.33333	168.33333	182.66667	160.0	102.333336	85.333336	79.333336	67.333336	68.333336	83.666664	109.0	135.33333	148.33333	142.0	145.66667	165.66667	186.0	194.66667	189.33333	177.66667	
45.0	88.666664	119.666664	120.333336	114.0	89.666664	60.666668	35.666668	15.666667	14.666667	35.333332	85.666664	64.666664	77.333336	110.333336	126.0	143.66667	163.33333	179.66667	173.66667	139.66667	116.333336	64.666664	30.333334	15.666667	16.333334	30.0	48.333332	77.666664	117.333336	147.66667	167.66667	190.33333	199.66667	193.0	183.33333	
48.333332	89.333336	121.333336	136.0	137.33333	114.333336	83.333336	70.666664	63.0	54.333332	76.333336	112.666664	86.333336	91.0	132.33333	137.66667	150.33333	168.66667	182.0	185.0	166.0	131.33333	73.0	62.666668	59.666668	62.333332	80.0	95.333336	114.666664	148.66667	175.33333	183.66667	199.66667	202.66667	195.0	188.0	
45.333332	89.666664	128.66667	159.33333	166.0	165.33333	153.33333	142.0	131.0	123.333336	121.666664	113.666664	104.333336	113.333336	131.66667	145.0	160.66667	171.66667	181.66667	190.33333	180.66667	145.0	109.333336	97.333336	102.666664	117.666664	136.33333	153.0	165.0	176.66667	187.66667	200.0	207.33333	204.0	198.66667	193.66667	
43.333332	86.666664	128.33333	162.66667	172.0	169.0	159.66667	151.33333	140.0	132.0	129.66667	127.666664	130.33333	133.66667	141.66667	155.66667	167.66667	175.66667	184.33333	191.33333	193.33333	171.0	137.66667	122.0	116.0	120.666664	126.333336	141.33333	156.33333	174.66667	191.66667	204.66667	206.33333	203.66667	202.66667	198.0	
48.666668	90.0	129.0	159.66667	172.66667	177.0	173.0	165.33333	159.33333	154.33333	151.66667	149.66667	154.0	156.0	160.66667	166.0	172.66667	178.66667	185.33333	189.66667	192.0	192.0	180.66667	167.33333	161.33333	158.66667	158.66667	160.66667	176.0	193.66667	208.66667	215.66667	215.33333	212.33333	208.33333	202.66667	
52.666668	91.333336	135.33333	162.33333	183.0	187.33333	183.66667	173.0	166.0	164.0	162.66667	161.33333	167.0	172.66667	175.0	181.33333	179.33333	180.0	185.66667	196.66667	199.66667	199.66667	202.0	198.33333	189.0	183.66667	183.33333	185.0	195.66667	208.0	222.0	227.0	224.66667	219.66667	212.66667	203.33333	
57.333332	100.0	140.33333	167.33333	187.33333	193.33333	185.33333	177.0	174.33333	173.66667	171.66667	170.0	171.66667	177.66667	190.33333	187.33333	176.0	174.66667	182.0	196.0	203.33333	201.66667	192.0	193.33333	194.66667	197.0	197.0	196.66667	204.66667	213.0	224.33333	228.66667	225.33333	218.33333	208.0	201.33333	
55.666668	101.0	135.66667	160.66667	181.66667	192.33333	185.66667	176.0	173.66667	173.66667	171.33333	167.66667	167.0	181.66667	173.33333	154.66667	148.33333	149.66667	158.33333	172.33333	180.33333	193.33333	190.33333	179.66667	182.66667	192.66667	199.33333	204.0	211.0	216.0	221.0	223.66667	218.33333	210.0	203.33333	198.0	
53.0	95.666664	125.333336	147.66667	174.66667	184.0	179.33333	172.0	170.66667	168.66667	167.0	159.66667	153.33333	143.0	92.666664	81.0	102.333336	117.0	125.0	133.33333	123.0	134.66667	170.33333	176.0	166.0	180.33333	197.0	204.66667	206.66667	208.0	209.0	210.0	205.33333	201.33333	199.0	194.66667	
56.666668	89.333336	116.333336	139.33333	160.66667	168.0	165.33333	164.0	166.66667	163.66667	157.66667	143.66667	138.33333	105.666664	52.333332	32.333332	59.333332	96.666664	105.333336	82.0	38.0	45.333332	104.333336	162.0	164.33333	165.33333	185.33333	199.0	196.33333	197.0	197.66667	197.0	195.0	190.66667	193.33333	189.33333	
62.0	88.666664	110.666664	134.33333	151.0	154.33333	152.33333	152.0	155.66667	155.66667	146.66667	138.33333	138.33333	108.666664	83.333336	93.0	108.666664	104.0	107.333336	128.0	115.333336	99.0	103.333336	157.0	180.33333	161.66667	169.66667	186.33333	187.0	187.33333	189.0	191.33333	190.33333	186.33333	186.66667	188.33333	
69.333336	90.666664	110.0	130.0	144.33333	144.0	143.33333	142.33333	144.66667	146.66667	138.33333	140.33333	153.66667	149.0	133.0	132.33333	133.66667	116.333336	113.666664	141.66667	168.66667	174.66667	174.66667	196.33333	201.33333	174.33333	162.0	178.0	183.66667	184.33333	184.0	184.66667	182.33333	183.0	182.33333	187.33333	
78.333336	96.333336	113.0	129.0	137.66667	137.66667	136.33333	137.66667	142.0	141.66667	141.0	152.66667	161.66667	162.33333	156.66667	150.33333	142.33333	134.66667	136.33333	147.66667	169.0	190.33333	200.33333	207.33333	210.66667	193.66667	166.66667	177.33333	188.0	185.66667	184.33333	179.0	179.0	181.0	183.66667	188.33333	
87.666664	104.666664	119.666664	131.66667	135.66667	134.66667	136.0	140.0	145.66667	145.33333	152.33333	165.33333	166.0	163.33333	158.0	149.0	143.33333	144.66667	146.66667	154.66667	167.66667	188.0	197.66667	204.66667	210.0	209.0	186.33333	183.33333	194.66667	190.33333	184.0	177.33333	177.66667	179.33333	181.0	187.0	
98.333336	118.0	129.0	134.33333	133.33333	132.33333	138.0	148.0	158.33333	157.66667	162.33333	166.33333	164.66667	160.33333	152.0	145.0	145.66667	146.33333	147.66667	158.66667	172.33333	188.0	195.0	200.66667	205.0	212.0	203.33333	193.0	202.66667	201.66667	190.33333	179.0	174.0	175.0	181.0	187.33333	
96.333336	130.66667	137.33333	138.33333	133.0	136.0	148.33333	163.33333	173.33333	172.0	166.66667	156.0	155.66667	153.0	157.33333	158.33333	159.33333	163.33333	162.33333	165.0	177.33333	191.33333	197.0	193.0	190.0	199.66667	206.33333	199.33333	207.66667	209.0	197.0	180.0	171.66667	172.33333	179.0	189.33333	
67.333336	135.33333	144.0	139.66667	138.0	142.66667	159.33333	176.66667	182.0	176.33333	161.0	144.0	149.66667	158.33333	152.66667	132.33333	119.333336	122.666664	115.0	111.666664	129.33333	158.0	184.0	189.33333	180.66667	181.0	195.0	201.33333	208.66667	210.0	198.0	184.33333	178.33333	174.33333	177.66667	186.33333	
36.333332	130.66667	149.33333	139.33333	139.0	148.0	164.66667	184.33333	186.0	173.0	152.66667	142.0	145.33333	121.0	77.333336	53.0	67.666664	74.0	63.666668	72.0	58.0	71.666664	103.666664	146.0	169.0	175.0	189.0	201.33333	208.33333	209.0	200.33333	193.33333	187.33333	176.66667	179.33333	183.66667	
24.333334	119.0	152.33333	138.0	139.33333	153.66667	168.33333	184.66667	183.0	166.0	141.0	120.0	92.333336	65.333336	41.0	40.333332	93.333336	112.666664	105.333336	131.0	132.0	135.66667	122.0	123.0	137.33333	153.33333	177.33333	199.0	208.0	205.33333	198.0	199.0	189.33333	182.0	185.33333	184.33333	
12.333333	95.0	149.33333	140.33333	142.0	159.66667	171.33333	183.33333	174.33333	149.66667	126.333336	120.0	116.666664	132.0	130.66667	127.666664	135.0	142.0	149.33333	160.66667	168.0	171.33333	168.33333	170.66667	165.33333	161.66667	174.0	194.33333	202.66667	201.33333	198.66667	201.33333	191.66667	191.33333	193.66667	189.33333	
7.3333335	72.333336	142.33333	140.33333	146.33333	162.33333	172.33333	177.0	168.33333	151.0	144.0	151.66667	150.0	148.0	144.33333	132.33333	115.666664	113.0	109.0	118.666664	139.66667	158.0	166.0	177.0	185.33333	189.0	188.66667	193.33333	198.66667	199.0	200.33333	199.33333	193.66667	199.33333	195.0	194.33333	
7.0	46.0	133.66667	143.66667	152.0	164.0	169.0	170.0	162.66667	156.66667	160.66667	160.66667	148.33333	137.33333	123.666664	108.666664	104.333336	115.0	124.333336	139.66667	160.0	175.33333	175.0	176.33333	184.33333	189.0	193.0	195.33333	197.0	195.66667	198.66667	198.66667	200.33333	201.0	188.33333	192.0	
8.0	25.333334	115.333336	148.66667	153.0	160.33333	164.66667	168.66667	161.33333	159.0	159.0	153.33333	151.66667	143.33333	136.0	126.0	124.333336	128.33333	150.33333	169.66667	177.66667	173.66667	167.66667	165.0	171.33333	178.0	185.33333	190.33333	193.66667	196.0	198.66667	197.0	205.0	199.0	186.33333	193.0	
10.0	12.0	73.0	143.66667	150.33333	154.33333	159.33333	167.33333	164.33333	157.0	150.0	146.66667	144.33333	136.66667	136.0	139.33333	135.33333	135.0	146.66667	161.0	171.66667	168.66667	161.33333	162.0	168.33333	176.66667	181.33333	187.0	192.0	195.66667	193.0	197.0	206.33333	191.0	182.66667	195.66667	
8.0	7.6666665	31.666666	114.333336	145.0	148.66667	157.0	165.0	164.0	155.0	142.66667	140.0	142.66667	138.33333	138.33333	140.33333	140.0	140.33333	146.0	159.66667	171.66667	172.33333	172.0	175.0	180.66667	186.66667	192.33333	194.66667	194.0	193.33333	191.0	203.66667	195.66667	178.33333	184.0	195.66667	
10.333333	7.3333335	8.666667	50.333332	122.0	140.0	153.66667	162.0	161.0	158.33333	146.0	141.0	145.33333	149.66667	151.0	153.0	150.66667	144.0	143.66667	157.0	168.0	174.66667	177.66667	186.0	192.0	191.0	191.0	195.33333	192.66667	189.33333	195.0	201.33333	183.0	175.66667	188.66667	183.0	
19.333334	10.333333	4.6666665	13.0	83.0	129.66667	143.66667	156.33333	156.33333	154.33333	148.0	143.66667	144.33333	155.0	156.66667	152.66667	146.66667	144.33333	146.0	154.0	162.66667	171.66667	176.0	183.66667	191.66667	187.66667	184.66667	187.66667	186.66667	187.33333	194.0	191.0	181.0	180.0	177.33333	176.33333	
33.333332	27.0	12.666667	7.3333335	53.333332	131.33333	132.66667	142.0	145.33333	143.33333	142.66667	140.33333	143.0	152.0	151.66667	143.66667	139.33333	140.33333	139.33333	137.0	141.66667	157.0	167.0	172.0	179.33333	179.33333	172.66667	176.0	183.66667	185.33333	184.33333	175.0	172.0	168.33333	169.66667	176.33333	
40.0	47.666668	25.666666	10.333333	35.333332	136.33333	139.0	134.33333	134.66667	135.0	135.0	136.0	141.0	148.0	142.0	140.0	140.33333	137.0	132.66667	123.666664	128.0	143.0	149.66667	154.33333	159.33333	158.66667	158.66667	168.66667	180.33333	174.33333	159.66667	153.66667	157.66667	163.33333	172.0	162.0	
45.0	53.666668	28.666666	16.666666	24.333334	122.0	145.66667	137.33333	131.0	126.0	126.666664	126.333336	129.0	132.0	131.0	129.0	128.66667	123.666664	124.666664	119.666664	121.333336	125.333336	127.666664	136.33333	139.66667	137.0	147.0	161.33333	161.0	139.0	131.33333	144.0	160.66667	168.33333	162.0	144.66667	
56.333332	55.333332	22.666666	32.666668	21.666666	89.666664	147.66667	143.0	136.33333	127.666664	124.666664	117.666664	119.0	118.666664	116.0	112.0	111.333336	107.333336	109.666664	106.666664	109.666664	112.333336	116.0	119.0	120.333336	124.333336	139.33333	142.33333	124.333336	115.666664	128.0	150.66667	161.33333	147.0	136.33333	100.666664	
63.0	53.333332	35.0	44.666668	26.333334	60.666668	143.0	146.0	144.33333	135.0	132.33333	121.0	113.0	109.666664	107.333336	104.0	100.333336	103.0	104.333336	106.666664	108.666664	107.0	108.0	112.666664	117.666664	117.333336	115.333336	100.333336	99.666664	111.333336	146.66667	157.33333	130.66667	116.333336	93.0	99.666664	
