109.333336	114.0	115.333336	114.333336	119.333336	130.0	132.33333	135.66667	134.33333	130.66667	139.33333	146.0	138.33333	138.0	143.0	145.0	147.0	151.0	147.0	139.33333	142.66667	141.66667	145.66667	153.0	152.66667	154.66667	156.33333	162.33333	158.33333	156.0	162.66667	169.0	171.33333	173.0	173.33333	170.0	
120.333336	124.333336	127.0	128.0	131.0	135.33333	139.33333	144.33333	141.33333	140.33333	152.33333	157.66667	152.33333	151.0	151.33333	150.66667	151.33333	152.66667	147.66667	134.66667	137.66667	137.66667	137.0	141.0	142.0	145.66667	150.33333	156.66667	153.0	149.0	154.0	158.33333	162.66667	166.33333	170.66667	172.66667	
133.0	135.33333	140.66667	145.33333	147.0	145.0	148.33333	154.0	152.0	152.0	160.0	167.0	168.66667	164.0	158.33333	160.0	163.0	164.0	162.33333	154.33333	155.66667	152.66667	151.66667	152.33333	148.66667	149.33333	148.0	148.66667	147.33333	145.33333	146.66667	151.66667	160.66667	164.66667	167.0	170.66667	
147.66667	151.33333	157.33333	158.0	158.0	159.66667	165.0	169.0	166.66667	165.66667	163.66667	165.66667	170.66667	169.0	165.0	171.33333	175.0	174.66667	175.66667	175.0	172.66667	166.33333	173.0	176.33333	171.0	169.33333	165.0	163.0	167.0	169.0	166.33333	165.66667	166.0	166.0	167.33333	168.33333	
158.66667	161.0	162.66667	166.0	166.0	167.33333	172.33333	175.66667	174.33333	171.33333	168.33333	170.66667	178.0	178.66667	175.33333	181.0	182.33333	182.66667	183.66667	185.33333	180.66667	176.0	184.0	186.66667	184.33333	187.0	189.0	186.0	186.33333	190.0	192.33333	192.33333	188.33333	183.0	176.0	175.0	
164.0	161.66667	162.33333	165.33333	167.33333	167.0	170.0	172.33333	174.33333	175.0	171.33333	174.66667	182.0	181.66667	181.0	186.0	188.0	189.0	189.66667	192.33333	190.66667	190.0	194.66667	196.66667	198.0	200.33333	202.0	202.0	199.66667	202.66667	207.33333	208.0	207.0	204.33333	197.0	197.0	
165.66667	163.33333	164.33333	167.66667	170.33333	172.66667	176.33333	176.33333	177.33333	179.33333	176.33333	178.66667	184.33333	183.66667	184.33333	187.0	188.33333	189.33333	191.33333	195.33333	197.0	200.0	203.66667	205.33333	207.0	204.0	203.0	207.66667	208.66667	204.66667	202.66667	205.33333	209.33333	210.66667	209.0	214.33333	
170.0	170.33333	170.0	173.33333	176.0	179.0	181.0	180.66667	178.33333	178.66667	185.0	190.33333	189.33333	188.0	190.0	191.33333	193.33333	193.66667	191.66667	194.33333	195.33333	201.0	205.66667	203.33333	204.0	204.33333	209.0	213.66667	211.66667	204.33333	201.0	204.66667	208.33333	208.33333	209.0	214.0	
173.0	174.0	173.0	174.33333	178.66667	183.33333	185.0	185.66667	180.0	177.0	184.66667	191.33333	187.66667	187.0	190.0	192.66667	198.33333	198.66667	194.66667	194.66667	195.0	200.33333	207.0	204.66667	201.33333	201.0	206.33333	211.33333	211.66667	209.0	208.0	210.66667	210.66667	210.66667	207.66667	207.66667	
112.333336	117.333336	120.666664	125.333336	134.66667	144.0	151.66667	158.66667	164.33333	171.66667	184.0	194.66667	193.66667	191.0	191.66667	191.0	197.33333	198.0	197.0	198.33333	196.33333	198.0	204.33333	207.33333	203.66667	199.0	198.0	206.33333	209.33333	209.66667	209.0	207.66667	208.66667	211.0	209.33333	208.0	
23.0	26.0	27.333334	29.0	35.333332	43.333332	50.0	59.666668	75.666664	93.666664	120.666664	151.33333	168.66667	181.33333	188.66667	189.33333	196.66667	195.33333	193.66667	199.66667	197.66667	189.33333	189.0	197.0	202.0	199.33333	198.66667	205.66667	210.0	206.66667	201.66667	199.0	201.33333	209.33333	217.66667	217.66667	
7.3333335	7.6666665	8.0	6.0	6.0	8.333333	10.0	12.333333	16.0	24.0	35.666668	51.333332	67.333336	89.0	110.333336	127.0	144.0	148.66667	158.33333	169.0	171.66667	172.33333	173.66667	180.66667	191.66667	193.0	194.0	195.66667	194.33333	197.66667	202.66667	202.33333	197.33333	199.66667	214.0	218.66667	
9.666667	9.666667	11.666667	12.333333	13.666667	18.666666	24.666666	31.333334	30.666666	31.666666	28.666666	25.333334	34.333332	52.0	64.666664	69.666664	72.666664	73.0	79.666664	86.0	87.0	94.333336	104.666664	113.0	121.666664	125.0	130.0	131.33333	136.66667	144.33333	149.33333	152.66667	152.33333	154.66667	166.33333	173.66667	
14.0	15.0	22.666666	29.0	34.0	46.666668	63.666668	72.666664	66.333336	58.333332	50.0	45.333332	56.666668	74.333336	85.666664	91.333336	94.333336	94.0	84.666664	77.0	65.333336	61.333332	61.0	60.0	60.0	57.666668	63.0	66.666664	67.333336	73.0	74.0	72.666664	70.666664	67.666664	67.0	63.333332	
12.666667	23.666666	50.666668	65.333336	68.0	77.333336	83.0	80.333336	74.0	65.666664	62.666668	65.666664	75.333336	81.333336	83.0	94.666664	109.333336	115.0	103.0	92.666664	86.666664	83.333336	80.0	73.333336	61.666668	53.0	56.333332	62.0	66.666664	74.0	74.0	72.666664	71.0	60.0	43.666668	25.333334	
17.0	42.666668	77.333336	92.333336	84.333336	73.0	56.666668	43.0	39.666668	41.333332	49.0	63.333332	79.0	82.666664	78.333336	90.0	111.666664	119.666664	107.333336	95.333336	88.0	85.333336	80.333336	66.666664	47.333332	32.666668	29.666666	31.0	40.666668	55.0	62.666668	75.666664	87.333336	85.0	73.666664	55.0	
24.333334	62.666668	93.666664	99.333336	75.0	46.333332	28.666666	22.0	21.333334	31.0	45.0	60.666668	74.666664	83.666664	80.0	89.333336	114.333336	124.333336	108.666664	92.0	85.333336	83.333336	72.0	54.666668	38.666668	26.333334	21.0	16.333334	19.333334	28.666666	39.333332	62.333332	85.0	91.666664	91.666664	80.333336	
34.333332	77.0	101.666664	97.666664	66.666664	35.666668	26.0	31.666666	35.0	44.666668	62.666668	72.0	74.666664	84.0	88.333336	97.666664	122.666664	132.0	113.0	94.333336	88.333336	86.0	72.666664	55.0	44.0	33.333332	28.666666	27.333334	28.666666	28.0	30.333334	52.333332	82.0	95.333336	101.666664	97.0	
51.0	94.333336	109.333336	103.333336	83.666664	60.666668	51.666668	57.0	62.0	71.666664	86.0	90.0	89.666664	98.666664	101.333336	109.333336	134.33333	140.66667	120.333336	101.333336	96.0	96.333336	86.666664	75.0	68.333336	59.666668	55.0	56.333332	60.0	59.666668	61.333332	76.666664	95.333336	104.666664	111.333336	110.333336	
60.0	106.666664	123.0	125.0	119.666664	107.666664	101.0	98.333336	101.666664	109.333336	116.0	114.666664	116.0	117.666664	112.666664	121.0	146.33333	149.66667	129.33333	112.0	105.333336	105.0	104.666664	104.666664	104.666664	103.0	102.0	104.333336	108.333336	109.0	111.666664	117.666664	123.333336	125.0	127.666664	125.333336	
64.0	113.0	131.33333	140.66667	149.33333	146.33333	141.66667	140.0	141.33333	144.66667	144.0	141.33333	140.0	128.0	120.666664	137.0	157.0	154.66667	138.0	123.666664	119.666664	120.0	124.333336	128.0	131.66667	136.0	138.0	139.0	140.33333	139.33333	139.66667	142.0	143.66667	145.33333	147.33333	145.0	
67.0	117.333336	138.0	151.33333	164.66667	170.33333	170.66667	171.66667	174.33333	174.66667	168.33333	163.66667	157.33333	136.0	131.33333	156.0	171.33333	159.66667	143.0	133.0	131.66667	135.66667	140.66667	144.33333	147.0	151.33333	153.33333	154.0	155.33333	155.66667	158.0	159.66667	158.33333	158.0	158.0	158.33333	
64.666664	119.0	145.0	158.0	171.66667	182.0	187.33333	189.33333	188.66667	185.33333	177.66667	168.66667	158.33333	140.33333	143.33333	171.33333	184.66667	168.33333	150.0	141.0	139.66667	143.0	148.33333	149.66667	150.66667	154.0	159.0	162.33333	165.33333	167.66667	171.33333	172.0	170.0	167.66667	165.0	163.66667	
58.0	115.666664	146.66667	160.0	175.33333	187.0	195.66667	200.0	192.0	184.0	180.0	169.0	155.66667	144.66667	158.33333	183.33333	189.33333	174.33333	155.33333	148.0	149.66667	152.0	156.33333	157.33333	155.33333	158.0	165.0	170.33333	175.66667	179.33333	181.0	179.66667	176.66667	174.66667	172.66667	167.33333	
47.333332	108.333336	144.33333	159.66667	176.0	189.33333	201.66667	208.0	197.66667	188.0	185.0	172.0	157.0	154.0	173.33333	193.33333	195.0	182.0	159.0	147.66667	149.66667	153.66667	158.66667	165.33333	169.33333	170.0	173.66667	181.66667	189.66667	192.33333	190.33333	185.66667	180.66667	176.33333	173.33333	165.66667	
37.333332	98.666664	139.66667	160.33333	176.33333	190.33333	205.33333	209.33333	202.33333	194.0	184.66667	168.66667	156.0	161.66667	186.66667	205.0	207.33333	197.33333	170.66667	150.33333	148.66667	147.66667	149.0	161.33333	173.66667	178.33333	181.66667	190.33333	195.33333	195.66667	191.33333	185.66667	178.66667	175.33333	172.66667	163.0	
29.333334	85.666664	132.0	157.0	172.0	184.33333	196.33333	198.33333	194.66667	185.0	169.0	160.0	155.33333	166.0	193.33333	213.33333	218.0	210.0	184.66667	164.66667	160.0	151.0	140.66667	144.66667	160.0	175.66667	187.0	190.66667	188.66667	187.33333	185.66667	181.66667	174.66667	172.0	169.66667	160.0	
21.666666	63.333332	123.0	147.0	164.0	177.0	184.33333	187.66667	182.66667	164.0	150.0	150.33333	148.66667	157.66667	184.66667	206.66667	211.0	203.66667	180.0	168.66667	167.33333	157.66667	142.0	140.0	149.0	161.0	174.33333	182.33333	180.0	178.0	177.33333	177.66667	173.33333	167.66667	161.66667	156.0	
18.333334	50.0	108.666664	136.66667	158.33333	172.66667	176.0	174.33333	162.66667	145.0	144.66667	145.0	131.33333	127.333336	147.0	170.0	172.66667	161.0	144.0	135.33333	136.33333	139.0	143.0	151.33333	153.33333	147.0	152.66667	167.0	170.33333	171.33333	171.66667	173.33333	169.66667	160.66667	153.66667	153.0	
13.333333	36.333332	92.0	127.666664	150.33333	163.0	163.0	154.33333	139.66667	135.33333	153.66667	157.66667	127.0	101.666664	109.666664	124.333336	122.666664	119.0	113.333336	108.333336	115.333336	133.66667	151.33333	167.33333	167.0	148.66667	141.66667	154.66667	164.66667	173.33333	173.33333	168.66667	163.0	154.0	148.0	153.0	
8.333333	23.666666	81.333336	120.666664	137.0	143.33333	139.0	131.33333	124.0	135.33333	163.33333	171.66667	157.33333	130.66667	110.333336	103.333336	97.666664	100.0	117.333336	135.66667	150.33333	161.66667	170.33333	178.33333	175.33333	156.66667	141.0	142.0	153.0	169.0	172.33333	166.66667	162.33333	155.66667	152.33333	159.0	
7.3333335	17.0	72.0	111.666664	124.0	127.666664	121.666664	115.0	118.666664	139.33333	163.33333	171.66667	174.0	166.33333	151.0	135.33333	122.333336	123.0	137.33333	158.66667	174.66667	181.33333	186.0	186.66667	178.33333	164.33333	147.66667	136.66667	137.66667	154.66667	163.33333	165.0	164.66667	160.33333	159.66667	165.0	
7.6666665	13.333333	59.333332	103.666664	116.333336	124.333336	120.333336	114.666664	125.333336	144.33333	160.0	169.33333	179.0	176.0	168.0	163.66667	158.33333	155.66667	159.0	170.0	180.66667	186.33333	188.33333	184.0	173.33333	164.33333	154.0	142.66667	135.33333	147.0	157.0	162.0	161.0	159.0	163.66667	168.66667	
7.3333335	10.333333	41.666668	94.333336	118.0	129.0	132.0	131.0	131.33333	131.66667	135.66667	145.0	153.33333	146.66667	140.66667	144.33333	147.0	144.33333	139.66667	142.66667	152.33333	158.0	162.33333	167.0	166.33333	157.66667	148.33333	141.66667	138.66667	145.66667	154.0	158.66667	157.33333	157.33333	165.66667	171.0	
8.0	7.0	24.666666	81.0	117.666664	129.33333	146.0	151.0	136.33333	116.666664	99.666664	89.333336	85.666664	86.333336	90.333336	94.0	100.0	102.0	98.0	97.666664	99.666664	101.333336	104.666664	111.0	113.0	109.333336	118.0	132.66667	140.0	146.0	155.66667	158.0	157.0	163.33333	174.33333	178.33333	
7.3333335	6.6666665	18.333334	66.0	108.666664	123.666664	144.0	153.0	150.0	142.66667	117.0	84.333336	66.0	74.333336	86.0	80.666664	79.333336	80.666664	79.333336	80.0	83.0	85.0	84.0	79.666664	83.666664	102.666664	127.0	143.0	145.66667	149.33333	159.33333	159.0	158.0	165.33333	176.33333	178.33333	
8.0	7.3333335	15.0	43.333332	95.333336	120.666664	138.33333	151.66667	154.0	160.0	152.66667	123.0	91.0	87.333336	100.333336	106.0	106.333336	104.0	107.333336	107.666664	103.333336	98.0	92.0	100.666664	127.333336	153.66667	162.66667	159.33333	157.33333	158.66667	161.33333	160.0	162.0	167.66667	175.0	173.0	
10.0	13.0	20.0	23.666666	72.333336	116.333336	133.66667	152.33333	160.0	162.33333	161.33333	146.66667	120.333336	99.333336	91.333336	96.0	106.333336	110.0	112.0	108.333336	104.0	104.666664	114.0	132.66667	156.0	168.66667	170.33333	169.0	172.33333	171.66667	163.33333	162.33333	167.66667	170.0	173.66667	166.0	
9.666667	17.333334	24.0	14.0	46.0	99.0	124.0	145.0	164.66667	169.33333	164.33333	154.0	141.33333	124.0	106.0	96.0	99.333336	100.0	98.333336	103.333336	117.666664	133.66667	148.0	157.66667	167.0	172.66667	174.33333	175.66667	180.66667	178.33333	165.66667	165.66667	170.33333	167.0	165.33333	154.0	
11.333333	17.666666	21.333334	10.666667	25.333334	70.0	113.666664	141.0	152.0	163.0	165.33333	163.33333	155.33333	147.33333	135.66667	121.666664	115.333336	112.666664	112.666664	120.0	134.33333	148.66667	162.0	171.0	177.0	180.66667	182.66667	184.66667	184.0	175.33333	168.33333	170.33333	170.0	160.33333	150.0	135.33333	
16.666666	20.333334	17.0	8.666667	9.666667	33.666668	88.0	130.66667	142.0	157.33333	169.0	178.0	179.33333	176.66667	168.66667	161.33333	158.33333	154.33333	154.33333	154.0	159.33333	169.0	179.0	187.66667	191.66667	190.0	189.66667	192.0	186.0	174.66667	170.66667	171.66667	164.33333	149.0	129.0	116.0	
23.333334	24.666666	14.0	5.3333335	5.0	12.333333	49.666668	100.0	133.33333	150.0	162.33333	179.66667	188.66667	190.0	190.33333	199.0	205.33333	203.33333	199.66667	198.0	197.33333	198.0	199.66667	203.0	203.0	196.33333	192.66667	193.66667	187.33333	177.33333	172.66667	163.66667	142.66667	124.666664	113.0	119.333336	
29.333334	27.0	13.666667	5.6666665	5.3333335	6.3333335	19.0	58.0	108.0	138.0	152.0	168.0	183.66667	193.0	200.33333	209.66667	215.33333	215.66667	212.33333	213.33333	214.66667	212.33333	210.66667	209.66667	206.66667	200.0	193.66667	190.0	181.0	171.66667	161.0	143.0	123.0	116.666664	124.666664	142.66667	
31.666666	25.0	15.0	8.333333	4.6666665	5.6666665	7.3333335	22.0	64.333336	111.333336	137.66667	155.66667	170.66667	181.33333	196.0	207.66667	211.0	212.0	210.66667	210.33333	210.0	209.66667	206.0	201.0	198.0	195.0	188.66667	179.66667	166.66667	153.66667	136.66667	121.666664	122.333336	137.66667	154.66667	161.0	
32.666668	22.333334	12.0	8.333333	5.0	5.6666665	5.3333335	5.6666665	22.0	60.666668	105.666664	133.66667	148.66667	160.33333	180.0	192.0	193.33333	191.33333	190.33333	193.66667	197.33333	197.66667	191.33333	185.0	183.33333	183.66667	173.33333	159.33333	143.66667	126.666664	116.666664	122.666664	141.33333	161.0	171.33333	168.33333	
33.0	23.0	11.0	8.666667	6.3333335	6.3333335	5.6666665	2.6666667	5.6666665	23.0	62.0	101.666664	121.666664	134.0	153.66667	164.33333	163.66667	159.33333	161.33333	170.0	174.66667	171.66667	165.0	163.66667	162.66667	155.0	141.0	127.333336	117.333336	117.0	127.333336	145.33333	162.33333	171.66667	174.0	173.0	
33.333332	25.333334	12.333333	8.333333	6.6666665	7.3333335	6.6666665	6.0	5.6666665	8.0	30.666666	70.0	91.333336	100.666664	115.0	124.333336	128.0	127.666664	131.66667	137.66667	139.0	135.33333	130.33333	130.66667	126.666664	114.0	108.333336	111.333336	120.666664	134.33333	149.0	160.33333	170.66667	176.33333	179.66667	179.0	
32.0	27.666666	13.666667	6.6666665	5.6666665	6.3333335	6.3333335	9.0	9.666667	6.3333335	20.0	56.333332	79.333336	83.666664	89.666664	93.666664	99.0	100.666664	101.0	102.333336	103.0	101.666664	100.666664	100.333336	99.333336	102.666664	117.0	131.0	141.66667	152.0	158.66667	166.0	176.66667	182.33333	186.0	183.0	
27.0	28.666666	17.666666	8.333333	6.3333335	7.3333335	6.3333335	6.0	7.3333335	5.0	16.333334	56.666668	87.0	90.0	85.333336	76.0	75.333336	77.666664	78.666664	80.0	82.666664	83.666664	89.333336	103.0	121.333336	136.0	147.66667	152.33333	157.0	162.33333	166.0	168.66667	177.0	186.33333	189.33333	184.66667	
