246.66667	245.66667	244.33333	244.33333	243.33333	245.0	247.0	243.33333	243.66667	245.0	245.66667	246.0	242.0	201.0	152.33333	182.66667	186.33333	181.33333	177.66667	207.33333	215.33333	210.66667	199.0	200.0	204.33333	207.66667	216.0	228.0	233.66667	236.0	237.33333	239.0	241.0	239.0	199.33333	160.33333	
245.66667	246.33333	246.66667	245.0	243.66667	245.0	248.66667	247.0	244.33333	241.0	238.33333	229.66667	216.0	180.66667	138.33333	135.66667	126.666664	129.66667	149.33333	175.0	184.33333	184.0	176.66667	164.33333	147.0	136.33333	145.0	169.66667	196.66667	223.0	236.0	240.33333	242.66667	242.0	219.33333	170.33333	
247.66667	247.0	246.33333	244.33333	242.66667	242.66667	242.66667	224.0	213.66667	202.33333	193.66667	184.33333	176.0	168.33333	161.0	162.0	164.0	172.0	177.66667	176.66667	179.0	184.33333	182.33333	177.0	160.66667	131.0	115.666664	126.333336	162.0	202.0	228.33333	240.0	240.33333	239.0	230.66667	186.0	
248.33333	246.0	247.66667	240.33333	231.66667	232.0	215.33333	173.0	163.66667	170.0	172.66667	173.66667	177.66667	177.33333	175.66667	176.33333	179.0	179.66667	176.0	174.66667	175.0	177.0	178.33333	180.0	178.0	171.0	161.0	153.66667	152.66667	167.66667	203.0	228.66667	239.33333	240.33333	236.66667	198.0	
248.66667	244.66667	238.33333	212.66667	183.0	165.0	157.66667	147.0	152.66667	162.33333	166.33333	167.33333	169.0	174.66667	173.66667	173.33333	175.66667	176.66667	173.33333	172.66667	172.0	171.0	170.66667	170.0	172.0	171.33333	171.66667	166.33333	149.66667	140.0	153.0	180.66667	217.33333	234.66667	237.0	202.66667	
246.33333	233.66667	201.0	146.66667	115.0	115.666664	128.66667	137.0	145.33333	150.33333	152.33333	154.66667	158.66667	165.33333	168.0	171.66667	173.66667	174.66667	171.66667	170.66667	171.0	170.0	168.0	167.66667	171.33333	172.66667	170.66667	163.33333	147.33333	136.33333	132.33333	123.0	150.0	203.33333	230.33333	206.0	
231.0	195.66667	135.33333	108.0	122.666664	136.66667	138.66667	142.0	141.33333	142.33333	146.33333	150.0	154.0	161.0	168.33333	171.33333	173.66667	175.33333	173.0	170.66667	170.33333	171.0	171.33333	171.66667	174.0	175.66667	175.0	170.0	153.33333	139.0	137.33333	126.0	113.666664	140.33333	205.0	208.66667	
184.66667	135.33333	123.333336	140.66667	153.33333	151.66667	144.66667	141.0	141.66667	145.66667	155.0	160.33333	160.0	165.33333	172.0	174.0	176.0	177.33333	175.66667	172.0	174.33333	178.66667	177.0	176.0	178.33333	179.66667	178.66667	172.66667	155.0	140.33333	140.0	137.0	129.66667	112.333336	170.66667	207.0	
139.0	137.66667	154.66667	161.0	157.0	149.33333	144.0	145.33333	149.33333	154.0	161.0	168.0	167.0	168.0	172.33333	172.0	175.0	176.66667	175.0	174.33333	180.33333	186.0	184.66667	184.66667	187.33333	186.66667	178.0	165.66667	147.0	137.66667	138.0	136.0	130.33333	113.333336	134.66667	200.66667	
149.66667	159.33333	164.66667	165.66667	159.66667	151.33333	147.0	150.0	158.66667	159.0	162.0	171.0	173.33333	173.0	175.0	173.33333	175.33333	176.66667	176.0	177.66667	182.33333	188.33333	186.66667	189.0	189.0	185.0	173.0	158.0	141.0	137.0	135.33333	134.0	126.0	109.666664	108.0	182.0	
145.33333	155.0	163.0	165.66667	162.0	157.0	151.0	150.66667	157.0	159.0	164.66667	171.0	174.0	175.0	178.33333	173.66667	171.66667	173.0	173.33333	173.0	171.66667	177.0	178.0	179.0	175.66667	164.0	149.33333	138.33333	130.66667	129.66667	133.33333	126.0	120.333336	109.666664	89.333336	152.33333	
144.66667	148.0	156.0	162.66667	159.33333	158.66667	149.33333	142.0	141.0	145.0	153.66667	158.66667	163.33333	165.33333	169.0	163.0	157.66667	158.0	158.0	157.66667	149.33333	155.0	156.33333	147.0	131.0	105.333336	92.333336	91.666664	89.333336	97.333336	121.333336	121.666664	119.666664	111.666664	81.333336	131.0	
141.33333	142.33333	144.33333	150.33333	149.0	146.33333	125.0	106.0	98.666664	102.0	107.666664	110.666664	117.666664	126.666664	140.33333	147.66667	147.66667	144.0	142.66667	138.0	121.0	111.333336	98.666664	80.0	63.666668	51.0	57.333332	75.666664	82.333336	87.666664	104.0	118.333336	117.333336	117.666664	85.0	109.666664	
135.33333	137.66667	139.33333	146.0	145.33333	121.333336	84.666664	70.333336	63.0	60.333332	58.0	54.0	55.0	66.666664	87.666664	114.0	135.33333	130.33333	128.0	121.333336	93.666664	66.333336	54.0	44.0	45.666668	56.666668	71.0	86.333336	97.666664	107.0	107.0	109.333336	118.666664	118.0	92.333336	98.0	
137.33333	138.33333	136.66667	140.33333	124.666664	88.666664	68.0	62.0	59.333332	57.666668	50.0	43.0	43.666668	49.666668	58.666668	84.333336	113.666664	121.333336	123.666664	115.0	77.0	47.666668	42.333332	40.666668	51.666668	74.666664	97.666664	104.666664	95.333336	88.666664	98.0	108.0	116.666664	116.333336	97.0	80.0	
140.33333	139.33333	129.33333	117.0	99.666664	85.0	79.333336	76.666664	78.666664	80.666664	71.333336	56.666668	48.0	50.0	56.0	83.333336	117.0	136.33333	143.33333	124.0	61.666668	37.333332	37.0	40.333332	72.0	116.333336	144.33333	155.33333	134.33333	102.333336	100.666664	117.666664	114.666664	115.666664	101.333336	85.333336	
136.66667	131.66667	111.333336	100.333336	86.333336	78.666664	87.0	99.333336	106.0	102.666664	89.666664	68.333336	46.666668	42.666668	43.333332	70.333336	120.666664	156.0	167.66667	136.0	52.333332	28.666666	30.0	46.666668	86.666664	118.333336	136.33333	144.66667	140.66667	131.0	119.333336	131.66667	126.0	116.666664	111.0	101.333336	
132.0	123.333336	105.666664	99.333336	81.666664	77.0	103.0	115.333336	102.0	86.666664	84.666664	76.666664	56.333332	51.0	48.0	63.666668	110.333336	157.0	179.66667	148.66667	73.333336	44.666668	38.333332	43.666668	43.666668	63.0	101.333336	109.333336	110.333336	122.333336	130.33333	142.33333	139.33333	124.666664	118.333336	111.666664	
131.66667	120.0	113.666664	101.0	86.0	85.333336	96.0	83.666664	49.666668	37.0	62.666668	78.0	61.0	63.333332	80.333336	90.666664	114.666664	156.0	174.0	163.33333	126.333336	83.0	60.0	68.666664	50.666668	62.666668	111.0	132.0	132.33333	136.66667	153.66667	158.66667	144.66667	129.66667	120.666664	118.0	
129.0	124.666664	120.333336	108.666664	105.333336	98.666664	97.666664	88.0	58.666668	52.333332	82.0	99.666664	92.666664	100.666664	106.333336	110.0	132.66667	164.0	170.66667	168.0	147.0	125.0	111.666664	114.666664	105.666664	109.0	126.666664	135.33333	134.0	153.66667	175.33333	171.33333	155.33333	136.33333	118.333336	107.333336	
129.66667	132.33333	133.0	130.0	135.66667	130.66667	121.333336	109.666664	102.0	103.0	114.666664	121.333336	120.333336	123.333336	118.666664	123.0	146.66667	173.66667	172.0	169.33333	148.33333	142.66667	143.33333	138.33333	128.0	123.333336	127.0	136.33333	157.33333	177.66667	185.0	180.66667	166.66667	145.0	121.666664	95.666664	
130.0	137.0	144.66667	146.66667	156.0	159.0	144.0	118.666664	107.0	108.0	113.0	122.0	133.0	136.66667	136.66667	136.33333	153.66667	178.0	169.0	168.0	150.66667	146.33333	154.0	166.0	167.33333	166.0	170.0	179.33333	196.66667	200.0	194.33333	185.0	171.66667	150.0	127.666664	96.0	
134.66667	143.0	154.0	157.33333	163.0	169.33333	167.66667	157.66667	143.66667	140.0	145.33333	143.33333	144.66667	146.33333	144.33333	143.33333	157.0	174.0	163.66667	165.66667	153.33333	148.66667	150.33333	170.33333	185.0	185.66667	186.33333	188.66667	197.66667	199.66667	191.66667	180.33333	168.0	146.66667	129.33333	113.0	
135.0	143.66667	155.33333	162.66667	162.0	165.66667	171.0	172.66667	170.66667	171.0	167.66667	154.66667	146.33333	142.66667	139.66667	145.66667	156.66667	172.33333	161.66667	170.0	163.0	150.0	152.0	164.0	179.0	182.66667	180.0	180.66667	182.0	179.33333	174.66667	168.0	157.33333	145.0	131.0	129.33333	
136.0	140.66667	147.0	155.33333	155.0	158.33333	164.33333	169.0	172.66667	172.66667	163.0	155.66667	149.66667	137.0	136.0	145.0	161.0	177.33333	165.0	177.0	175.66667	150.0	144.66667	156.33333	171.0	170.0	175.0	172.33333	166.0	160.0	155.66667	153.66667	147.33333	139.33333	127.333336	144.66667	
135.33333	136.33333	140.66667	146.0	145.66667	146.66667	150.0	154.66667	161.33333	162.0	160.66667	162.33333	149.33333	131.0	129.0	139.66667	160.0	168.66667	163.0	170.0	170.33333	147.66667	138.66667	148.0	165.66667	166.0	169.33333	164.0	156.0	150.0	146.33333	144.66667	139.33333	132.66667	125.0	150.33333	
133.66667	128.66667	133.33333	139.66667	137.33333	136.0	134.66667	132.33333	139.0	144.33333	146.0	148.66667	146.33333	130.66667	122.0	141.33333	150.33333	137.0	131.33333	138.33333	136.66667	121.0	127.666664	143.33333	160.33333	164.0	157.66667	154.0	149.66667	143.0	136.66667	131.66667	129.0	124.0	117.0	128.0	
133.33333	126.333336	127.666664	131.33333	126.666664	129.0	126.333336	120.333336	126.666664	131.33333	135.33333	139.33333	143.33333	133.33333	123.333336	144.0	123.0	101.333336	102.666664	105.333336	102.666664	79.666664	104.0	140.33333	162.33333	165.66667	157.0	150.33333	145.33333	138.0	126.333336	117.0	119.666664	116.333336	113.0	122.666664	
133.0	125.333336	123.666664	123.0	115.0	116.333336	119.666664	118.0	122.0	126.333336	131.0	138.66667	140.66667	142.0	142.66667	127.333336	78.0	62.0	83.666664	75.666664	68.0	41.0	72.0	137.33333	173.33333	170.33333	160.0	151.0	141.66667	129.66667	116.333336	105.666664	103.666664	105.333336	112.333336	128.66667	
135.0	127.666664	123.0	117.666664	107.666664	104.333336	107.666664	110.666664	116.666664	120.333336	125.666664	134.33333	139.0	153.0	158.0	115.333336	66.0	68.0	85.666664	76.0	83.0	72.0	89.666664	154.33333	181.66667	176.66667	166.66667	156.0	141.33333	125.666664	113.333336	106.666664	101.0	106.0	114.666664	128.33333	
137.0	130.33333	125.333336	118.0	108.0	101.666664	100.666664	105.0	113.666664	117.666664	124.333336	133.0	138.0	151.66667	157.33333	141.0	128.33333	143.66667	133.66667	125.333336	149.0	143.66667	143.66667	174.0	182.0	179.66667	171.33333	158.33333	140.66667	126.666664	116.333336	113.666664	107.666664	113.333336	117.666664	125.333336	
136.66667	132.66667	127.333336	120.333336	113.0	105.333336	104.0	109.333336	115.666664	120.333336	129.66667	136.66667	140.0	149.66667	153.0	166.66667	176.0	177.0	164.33333	166.33333	177.0	168.33333	160.66667	167.66667	170.33333	171.33333	167.0	156.33333	141.66667	132.0	122.0	116.0	113.0	118.0	118.666664	118.333336	
135.33333	134.66667	128.66667	125.333336	119.0	109.0	110.666664	118.0	121.666664	125.333336	135.0	138.66667	138.66667	142.0	150.0	172.66667	179.66667	174.66667	171.33333	175.33333	180.66667	171.0	160.66667	165.0	162.66667	162.66667	161.33333	152.33333	142.0	137.0	127.333336	115.666664	124.666664	126.0	119.0	108.0	
135.0	137.33333	129.66667	128.33333	125.666664	117.666664	119.666664	127.0	134.0	138.66667	140.33333	138.66667	136.66667	144.66667	170.66667	191.66667	173.33333	152.66667	152.66667	149.33333	153.66667	162.66667	162.33333	161.33333	157.0	159.0	157.33333	152.33333	147.66667	141.66667	130.66667	129.0	139.0	130.66667	118.333336	108.333336	
133.33333	136.66667	132.33333	131.0	128.0	125.333336	123.333336	134.0	145.0	154.66667	148.66667	141.0	145.66667	163.66667	185.33333	173.33333	124.333336	86.333336	86.666664	82.333336	81.333336	97.0	118.0	139.0	148.66667	150.33333	148.0	151.0	154.66667	146.66667	136.66667	145.0	153.0	129.0	118.0	111.0	
131.66667	133.0	131.33333	129.33333	127.666664	129.66667	129.33333	142.66667	159.0	171.33333	160.0	148.0	167.33333	180.66667	154.0	88.666664	39.333332	34.333332	42.333332	38.333332	40.333332	35.0	41.333332	75.333336	117.0	142.0	144.66667	151.33333	155.66667	147.0	140.66667	152.66667	151.0	126.0	117.666664	115.666664	
115.0	126.333336	125.333336	127.666664	124.333336	126.0	128.66667	143.66667	163.66667	173.33333	161.33333	162.0	179.33333	156.0	87.333336	35.333332	27.333334	38.0	45.0	45.0	44.0	44.333332	53.0	66.333336	73.0	105.0	134.66667	153.66667	155.66667	142.0	135.33333	150.66667	140.0	117.666664	116.0	122.0	
83.333336	124.0	125.666664	125.333336	124.666664	125.333336	128.0	143.0	163.33333	167.66667	159.33333	157.0	142.66667	130.0	118.0	102.666664	104.666664	108.333336	113.0	115.333336	119.333336	125.0	128.66667	117.0	92.333336	97.666664	116.333336	139.33333	144.33333	128.0	131.66667	147.33333	121.333336	107.0	117.0	125.333336	
49.333332	110.333336	121.666664	123.333336	123.0	121.0	127.0	144.0	161.0	162.0	149.0	122.0	113.0	133.0	138.33333	126.666664	107.666664	94.0	89.0	85.0	85.666664	88.666664	83.333336	76.333336	85.333336	102.333336	107.0	117.666664	128.66667	119.0	127.333336	136.0	106.666664	105.666664	124.0	128.33333	
26.333334	89.0	113.666664	116.333336	119.666664	115.0	121.333336	140.33333	151.66667	146.33333	128.0	109.0	112.666664	100.333336	84.666664	73.333336	60.333332	55.0	53.0	51.333332	52.333332	67.0	88.0	104.0	118.0	123.333336	119.0	115.0	118.666664	111.333336	124.333336	117.666664	101.666664	115.0	127.666664	128.33333	
17.0	56.0	104.666664	109.0	115.333336	113.666664	115.666664	129.66667	141.66667	130.33333	119.0	116.333336	122.0	120.0	122.333336	115.333336	94.333336	85.0	83.333336	85.0	100.0	117.0	125.666664	129.33333	131.33333	127.666664	117.666664	111.666664	108.333336	108.666664	120.666664	97.666664	104.333336	123.0	124.666664	128.66667	
49.333332	35.333332	81.0	101.666664	107.0	111.0	109.666664	116.666664	132.66667	121.666664	110.0	120.0	133.33333	134.33333	128.0	123.0	109.333336	93.333336	99.666664	109.666664	112.0	118.0	120.0	123.666664	125.0	117.666664	105.0	101.333336	104.0	112.666664	109.0	91.333336	115.0	117.666664	117.333336	125.333336	
109.0	77.333336	82.0	99.666664	99.0	105.666664	104.666664	107.333336	123.333336	117.0	107.666664	114.333336	126.666664	128.33333	108.333336	112.0	107.333336	92.333336	88.333336	90.666664	94.0	103.666664	116.666664	124.666664	124.0	115.333336	106.333336	99.666664	99.666664	106.333336	97.0	101.666664	113.0	108.0	116.666664	119.0	
137.66667	136.0	135.0	124.333336	100.333336	100.666664	101.666664	105.0	121.0	120.333336	113.333336	111.333336	112.0	108.666664	103.0	105.666664	97.666664	97.666664	95.666664	88.0	93.666664	110.333336	110.666664	111.333336	119.0	117.666664	114.333336	104.333336	98.333336	94.666664	95.0	105.666664	102.666664	107.333336	121.666664	108.666664	
140.66667	142.33333	143.0	136.33333	109.0	96.666664	98.333336	106.666664	120.333336	118.666664	119.0	126.0	131.66667	128.33333	123.333336	104.333336	89.666664	94.333336	105.333336	113.666664	112.333336	110.666664	104.333336	100.333336	107.666664	118.333336	120.0	106.0	95.666664	90.666664	96.666664	100.333336	106.333336	112.666664	121.0	82.0	
136.33333	138.33333	138.0	137.0	120.666664	97.0	90.0	103.0	111.333336	108.666664	112.0	123.666664	137.66667	133.0	122.0	104.666664	92.0	93.333336	104.333336	116.0	108.333336	95.333336	98.333336	108.666664	108.666664	112.333336	108.0	95.0	88.0	90.0	97.666664	103.0	110.0	118.0	110.666664	57.666668	
134.66667	133.33333	132.0	129.33333	124.333336	112.666664	93.0	93.0	93.666664	88.666664	97.333336	110.333336	118.333336	116.333336	110.333336	107.0	105.333336	102.666664	98.333336	99.0	96.0	91.333336	101.333336	106.0	101.333336	96.0	88.333336	77.666664	75.666664	83.333336	99.333336	102.666664	116.666664	121.333336	99.0	36.666668	
128.33333	125.333336	123.333336	120.0	120.333336	121.0	104.0	92.0	80.0	67.333336	76.333336	91.333336	96.666664	98.333336	93.0	94.666664	97.0	92.666664	84.333336	78.666664	78.333336	80.666664	83.666664	79.333336	70.666664	66.0	67.333336	61.666668	64.333336	80.0	92.333336	107.0	118.333336	118.0	69.0	28.333334	
115.0	113.333336	112.333336	110.666664	110.0	119.666664	114.0	97.0	81.0	57.0	57.0	72.333336	71.0	70.0	66.333336	64.333336	64.333336	61.333332	56.666668	52.0	52.666668	55.666668	51.0	44.0	37.0	36.0	42.333332	45.333332	56.666668	75.666664	99.666664	112.0	113.666664	87.0	38.333332	25.0	
