132.33333	139.33333	145.33333	153.0	160.66667	168.0	170.33333	171.33333	172.33333	176.33333	173.33333	171.33333	176.33333	181.0	194.33333	221.0	235.33333	235.0	233.66667	224.0	218.33333	209.33333	198.66667	192.0	182.33333	171.66667	161.66667	156.66667	151.66667	145.66667	140.66667	137.33333	130.33333	123.0	129.66667	103.333336	
131.66667	140.0	145.0	148.0	157.66667	164.33333	169.0	172.33333	174.66667	176.0	178.0	183.33333	182.33333	185.33333	204.0	228.66667	237.66667	235.33333	234.0	227.66667	222.66667	216.33333	209.66667	198.66667	187.0	174.0	162.0	155.66667	151.33333	145.33333	142.0	138.66667	128.0	119.666664	125.666664	110.0	
126.0	132.66667	141.33333	143.66667	156.0	164.33333	168.66667	176.0	180.66667	182.0	186.0	195.66667	196.0	193.66667	202.33333	223.0	236.66667	237.0	234.0	228.33333	222.0	220.0	213.66667	198.66667	189.33333	176.66667	161.66667	154.66667	151.66667	143.66667	140.0	138.0	127.333336	119.333336	126.333336	115.0	
121.0	128.66667	137.66667	142.0	154.66667	163.0	168.0	176.66667	186.0	191.33333	193.66667	199.0	198.66667	196.0	200.0	209.33333	220.33333	225.0	224.33333	222.66667	218.33333	213.33333	205.0	194.33333	188.66667	174.66667	160.66667	155.66667	152.66667	147.33333	141.0	137.0	127.333336	120.0	126.666664	120.333336	
119.333336	129.33333	134.0	140.33333	152.33333	160.66667	166.33333	174.33333	184.33333	194.0	196.66667	197.0	191.33333	189.0	192.66667	196.33333	202.66667	208.0	209.66667	210.0	206.33333	197.66667	189.33333	187.33333	180.66667	170.33333	160.66667	155.0	151.66667	146.66667	143.0	136.0	126.0	122.0	122.666664	113.0	
113.666664	124.666664	127.333336	135.0	150.33333	157.66667	164.66667	170.66667	181.0	191.33333	198.66667	199.33333	192.0	186.0	185.66667	186.66667	188.0	191.0	193.66667	191.33333	189.0	187.33333	182.33333	179.66667	170.33333	166.0	161.66667	157.33333	152.66667	147.66667	144.0	136.0	125.333336	123.666664	118.0	100.333336	
110.333336	122.0	126.666664	134.0	148.66667	153.66667	161.33333	169.66667	176.66667	182.0	189.0	190.66667	186.66667	183.0	181.66667	179.33333	176.0	180.33333	183.0	182.66667	184.66667	182.0	178.66667	177.0	167.0	165.33333	163.66667	159.66667	153.33333	148.0	145.0	135.0	125.0	123.333336	111.0	98.333336	
110.333336	119.0	124.333336	132.66667	145.66667	153.33333	159.66667	166.66667	171.0	171.0	175.66667	180.66667	182.66667	182.0	180.33333	177.66667	174.66667	180.33333	180.66667	182.33333	186.33333	183.33333	178.33333	175.33333	168.66667	169.33333	163.66667	154.66667	149.66667	146.33333	144.0	133.0	123.333336	119.666664	102.666664	104.0	
111.333336	115.666664	127.0	134.66667	142.0	151.33333	157.0	161.33333	167.0	171.0	174.66667	180.33333	185.0	184.0	180.66667	178.0	175.33333	177.66667	178.66667	183.0	187.0	188.0	185.0	180.33333	177.0	174.33333	163.66667	153.66667	150.66667	148.66667	144.33333	133.0	124.333336	116.333336	98.0	109.0	
115.666664	114.666664	124.0	132.66667	141.33333	150.33333	154.0	157.66667	164.66667	172.0	178.0	184.0	189.0	188.66667	183.33333	179.66667	178.66667	180.33333	182.0	189.33333	189.0	188.66667	188.33333	183.0	177.0	171.66667	163.66667	155.33333	152.33333	148.33333	143.0	136.33333	123.0	113.333336	98.333336	106.666664	
118.0	118.333336	119.333336	128.33333	142.0	151.33333	155.0	157.33333	163.66667	171.0	179.66667	186.0	190.33333	193.0	188.66667	186.0	188.33333	190.0	186.0	188.66667	186.33333	186.0	188.66667	181.66667	174.33333	171.66667	164.33333	156.66667	154.0	148.33333	141.33333	136.33333	118.0	106.666664	98.666664	105.0	
111.666664	123.666664	120.0	124.666664	140.33333	150.0	155.0	158.0	163.33333	171.0	180.33333	184.66667	187.66667	192.0	186.66667	184.66667	185.66667	191.66667	186.66667	188.0	192.0	191.33333	190.0	181.0	173.33333	172.0	166.66667	159.66667	159.33333	153.66667	145.33333	137.0	117.666664	99.666664	95.0	107.333336	
96.333336	118.333336	122.0	124.666664	139.33333	150.0	157.0	160.66667	164.66667	169.33333	177.0	183.33333	189.66667	193.33333	187.66667	180.33333	179.66667	188.66667	184.33333	182.0	191.0	190.0	178.0	171.33333	168.66667	167.0	167.0	163.0	163.66667	154.0	147.66667	144.0	124.0	97.666664	90.666664	111.0	
85.0	105.0	122.333336	129.33333	140.66667	153.0	161.66667	165.0	165.0	164.66667	167.0	175.0	186.66667	188.33333	181.33333	170.33333	172.66667	181.0	176.33333	172.33333	174.33333	176.0	166.33333	163.0	165.0	166.0	166.66667	157.0	144.33333	127.333336	130.0	128.66667	106.0	93.0	93.666664	116.0	
91.333336	95.333336	114.333336	127.666664	140.66667	152.66667	163.33333	169.0	167.33333	164.33333	161.33333	162.66667	172.66667	175.33333	171.0	161.33333	166.0	172.0	166.66667	165.33333	165.66667	164.33333	163.0	163.66667	161.66667	150.66667	136.66667	119.0	101.666664	83.333336	78.0	74.333336	72.0	91.333336	108.333336	122.0	
99.666664	88.333336	102.0	126.333336	141.33333	151.33333	161.66667	166.33333	168.33333	167.33333	164.0	156.66667	160.0	162.33333	162.33333	156.66667	158.33333	165.66667	158.66667	152.66667	157.33333	155.66667	143.66667	135.66667	111.0	78.333336	66.0	63.666668	66.0	58.333332	52.0	58.666668	78.666664	109.333336	126.333336	128.33333	
105.333336	90.333336	96.333336	119.666664	124.333336	133.33333	140.66667	142.33333	146.66667	148.33333	153.66667	152.66667	149.33333	148.33333	148.0	146.0	154.33333	163.0	159.66667	136.0	122.666664	108.0	82.666664	68.333336	63.333332	61.333332	67.333336	81.0	83.333336	78.0	73.333336	79.666664	83.666664	93.333336	117.0	136.0	
111.666664	100.666664	85.333336	82.0	78.666664	84.0	90.666664	86.333336	81.666664	78.666664	79.333336	81.0	82.666664	87.0	99.0	126.666664	156.0	168.66667	167.66667	147.66667	119.0	95.333336	97.0	92.0	84.666664	83.666664	83.333336	100.0	103.0	92.333336	96.666664	104.666664	114.666664	111.333336	110.666664	132.66667	
116.333336	112.666664	87.333336	64.333336	54.333332	54.333332	63.0	76.333336	92.0	95.666664	85.0	81.333336	88.666664	99.666664	98.666664	125.0	164.66667	183.33333	182.33333	169.33333	147.33333	118.333336	121.0	124.666664	109.0	98.666664	71.0	62.333332	73.0	97.666664	132.66667	124.0	129.66667	146.33333	134.0	119.0	
115.333336	112.0	103.666664	87.333336	66.666664	69.333336	90.333336	120.333336	128.0	105.333336	84.666664	96.333336	118.0	143.66667	128.33333	126.666664	165.0	195.33333	192.0	159.33333	136.66667	127.0	124.666664	137.33333	139.33333	130.66667	115.0	106.666664	109.333336	125.333336	136.66667	118.666664	111.0	128.0	113.333336	78.333336	
104.333336	99.0	111.333336	108.333336	87.666664	99.666664	103.333336	92.666664	79.0	66.333336	93.666664	129.66667	139.33333	145.66667	117.666664	91.333336	116.333336	146.66667	144.0	107.333336	81.0	108.666664	128.33333	121.666664	125.333336	125.666664	137.66667	139.33333	137.0	137.66667	135.33333	121.666664	106.333336	102.0	83.333336	54.333332	
87.0	94.333336	107.666664	99.333336	94.333336	102.0	109.0	97.0	98.666664	109.666664	122.666664	133.0	139.66667	132.66667	96.333336	70.0	88.666664	117.666664	122.666664	110.333336	96.333336	120.666664	139.66667	126.666664	121.0	119.333336	129.0	127.666664	125.333336	134.33333	143.66667	131.0	107.333336	95.666664	90.0	65.666664	
57.333332	59.0	65.0	90.333336	111.0	116.333336	120.0	129.66667	130.66667	132.66667	131.0	134.33333	140.0	135.0	123.666664	112.666664	138.33333	174.33333	187.33333	164.0	133.33333	136.0	150.66667	138.0	128.33333	122.333336	120.333336	120.333336	128.0	136.0	134.66667	124.666664	100.666664	91.333336	90.0	78.666664	
33.333332	49.666668	41.666668	77.666664	112.333336	131.33333	134.0	132.0	129.0	131.66667	131.66667	135.66667	135.66667	133.33333	134.66667	129.0	141.33333	175.33333	190.66667	160.0	144.33333	147.0	158.0	151.66667	144.0	135.0	123.333336	118.666664	125.0	127.333336	120.0	101.666664	85.0	97.333336	93.0	90.0	
21.333334	57.333332	52.0	61.666668	100.0	131.33333	139.0	138.33333	134.0	131.66667	132.0	134.66667	138.0	138.0	139.33333	134.66667	138.33333	165.66667	183.0	156.33333	149.33333	148.66667	146.0	144.0	143.66667	142.33333	134.66667	127.0	122.666664	120.0	110.666664	102.0	106.666664	120.666664	99.333336	107.666664	
16.0	56.333332	78.0	62.0	88.0	113.666664	127.666664	137.66667	142.0	137.0	136.0	137.66667	141.33333	135.0	128.66667	131.0	139.33333	161.0	181.66667	164.66667	153.0	150.66667	137.66667	121.666664	128.66667	145.33333	148.33333	146.33333	140.33333	134.33333	125.666664	118.333336	112.666664	109.666664	111.0	122.666664	
28.666666	48.0	80.0	103.333336	102.333336	103.0	107.0	118.666664	128.66667	129.66667	137.33333	142.66667	142.66667	128.33333	115.666664	128.0	142.66667	163.0	181.0	166.33333	149.0	146.33333	146.66667	127.0	128.0	147.0	159.0	165.0	160.0	152.0	140.0	133.0	134.0	135.0	137.33333	123.666664	
34.333332	66.333336	73.666664	91.333336	107.666664	110.666664	110.0	116.0	128.33333	140.33333	150.33333	156.0	153.33333	137.33333	123.333336	126.666664	141.66667	157.66667	175.66667	165.0	145.0	141.66667	154.66667	144.0	130.33333	143.33333	158.33333	170.33333	168.0	162.0	152.66667	144.66667	136.33333	135.33333	136.66667	114.666664	
30.333334	68.0	101.0	111.666664	125.666664	135.0	131.66667	133.0	148.33333	163.66667	169.33333	172.0	161.66667	136.66667	133.0	130.33333	137.66667	158.0	187.0	166.66667	144.66667	138.0	155.33333	152.66667	137.66667	150.33333	151.66667	162.0	171.66667	167.66667	154.33333	141.0	132.33333	132.33333	129.0	106.333336	
21.0	57.666668	100.333336	119.0	137.33333	143.66667	139.66667	141.0	152.0	160.66667	169.66667	170.66667	153.66667	133.33333	135.66667	130.66667	137.66667	163.33333	191.33333	173.33333	149.33333	143.0	146.66667	137.33333	142.0	165.66667	157.0	152.0	164.0	167.33333	160.33333	146.66667	135.33333	129.66667	118.0	100.0	
14.666667	49.333332	89.333336	116.333336	128.66667	127.0	126.333336	137.0	154.0	163.33333	168.66667	159.0	145.0	131.66667	123.666664	123.0	136.0	158.0	170.33333	160.33333	149.66667	134.33333	124.666664	132.66667	154.66667	168.0	161.33333	149.66667	152.66667	160.33333	159.66667	150.0	139.66667	127.666664	110.333336	102.666664	
11.333333	38.333332	81.333336	109.666664	131.0	123.333336	118.333336	136.33333	153.0	164.33333	166.33333	154.66667	151.0	146.0	120.666664	104.0	116.0	144.66667	159.33333	152.0	130.33333	124.333336	141.33333	153.0	161.66667	171.0	163.66667	152.66667	150.66667	153.66667	154.66667	152.0	145.66667	129.66667	106.333336	107.0	
11.0	24.666666	73.333336	96.333336	129.0	123.666664	116.333336	141.0	155.0	161.66667	163.33333	153.66667	151.0	153.0	143.66667	131.33333	117.333336	113.333336	118.666664	114.666664	125.0	151.66667	161.33333	158.66667	160.66667	165.0	160.33333	152.33333	147.33333	150.66667	153.66667	150.33333	145.0	133.0	104.666664	114.0	
7.6666665	16.333334	56.0	86.666664	116.333336	122.333336	120.666664	142.66667	153.33333	157.0	157.33333	148.66667	145.66667	148.66667	146.66667	145.33333	149.0	139.33333	125.0	132.33333	150.66667	156.66667	149.33333	148.33333	152.0	154.33333	153.66667	148.33333	141.66667	153.0	158.0	151.33333	145.66667	135.33333	105.0	115.333336	
5.6666665	11.666667	32.0	75.666664	99.666664	117.666664	124.0	138.33333	147.66667	151.66667	148.33333	145.0	145.0	147.33333	147.0	142.0	141.66667	141.66667	142.33333	139.33333	135.0	138.0	136.33333	138.0	140.33333	141.0	140.0	134.66667	132.0	150.66667	164.33333	159.66667	152.0	134.66667	107.333336	110.0	
5.0	7.0	14.333333	50.666668	85.0	114.333336	126.666664	135.66667	147.66667	154.0	150.33333	143.66667	143.66667	140.0	136.33333	132.33333	129.66667	129.33333	132.0	134.33333	127.0	124.0	125.0	120.0	115.333336	115.0	112.0	109.666664	121.666664	148.33333	168.33333	166.33333	153.33333	136.0	108.666664	112.333336	
3.6666667	6.6666665	6.6666665	23.333334	66.333336	102.0	127.666664	139.33333	148.33333	152.33333	150.0	141.33333	133.66667	123.666664	117.0	115.0	112.0	110.666664	118.333336	129.0	122.666664	114.0	116.0	117.333336	116.666664	121.0	124.333336	121.333336	126.333336	141.66667	162.33333	162.66667	149.0	133.33333	110.333336	113.666664	
4.0	6.6666665	6.0	11.0	42.0	89.666664	119.666664	137.33333	146.0	154.66667	156.33333	140.66667	118.333336	112.0	115.666664	118.333336	122.333336	124.666664	130.0	138.66667	141.0	142.66667	147.0	148.33333	142.0	138.33333	139.33333	139.0	137.66667	128.33333	139.33333	151.33333	146.0	130.66667	108.333336	113.666664	
3.0	4.3333335	5.3333335	6.6666665	23.666666	71.333336	107.333336	131.33333	145.33333	156.66667	158.33333	142.0	128.66667	130.66667	135.0	136.33333	137.33333	139.33333	144.0	143.33333	144.33333	152.33333	153.0	148.33333	142.66667	142.0	146.33333	151.33333	152.0	140.66667	127.666664	127.0	130.66667	120.333336	107.0	115.333336	
2.6666667	5.3333335	7.3333335	6.0	9.666667	39.0	95.0	126.666664	142.66667	152.33333	148.33333	136.66667	133.33333	132.0	132.33333	133.0	132.66667	135.0	140.0	139.0	142.0	149.0	145.0	142.33333	143.33333	148.66667	152.33333	155.66667	154.0	146.0	134.33333	126.333336	117.666664	106.333336	105.333336	117.0	
4.0	7.3333335	10.666667	9.666667	5.0	13.666667	64.333336	117.0	132.66667	140.33333	132.33333	125.0	132.66667	131.66667	131.0	133.33333	129.0	127.666664	134.66667	136.66667	136.66667	135.66667	136.0	140.66667	147.66667	153.33333	156.33333	156.33333	149.0	144.0	145.0	141.66667	123.333336	109.333336	112.333336	108.666664	
5.3333335	10.0	16.666666	17.666666	7.0	4.3333335	26.333334	75.666664	110.333336	121.0	117.666664	121.333336	135.33333	136.0	136.0	137.33333	130.33333	128.66667	129.66667	130.0	129.33333	131.33333	140.33333	149.66667	160.33333	160.0	159.0	156.0	145.33333	144.0	135.66667	121.666664	104.666664	97.0	108.666664	153.66667	
14.0	17.666666	21.0	21.0	11.666667	4.3333335	6.0	28.666666	67.666664	104.666664	119.0	122.333336	138.0	143.0	151.33333	151.33333	149.33333	151.66667	150.0	148.0	146.66667	151.66667	159.33333	162.66667	164.33333	160.33333	158.66667	152.33333	142.33333	133.66667	109.0	100.666664	123.333336	158.33333	201.33333	189.33333	
22.666666	24.0	21.333334	20.0	15.333333	8.333333	4.3333335	7.0	25.0	57.333332	73.0	90.0	124.0	138.33333	151.66667	155.0	154.0	154.66667	154.33333	159.66667	160.0	157.66667	162.0	162.33333	158.0	155.33333	154.66667	145.0	135.33333	112.666664	121.0	175.0	223.0	241.66667	232.66667	134.66667	
24.333334	22.666666	20.666666	18.333334	17.0	14.666667	14.0	8.0	8.0	28.666666	40.0	42.0	82.333336	121.0	140.0	152.66667	148.66667	144.33333	147.33333	154.66667	156.33333	153.0	155.0	156.0	151.0	148.66667	143.0	132.66667	120.666664	136.0	199.33333	241.0	249.33333	248.66667	195.0	70.0	
20.666666	18.666666	18.0	18.0	16.333334	15.333333	23.666666	23.333334	24.333334	97.666664	150.33333	98.333336	47.666668	77.333336	113.666664	138.66667	142.66667	137.0	142.0	142.66667	143.66667	140.66667	142.0	143.66667	140.66667	131.33333	116.333336	107.666664	136.66667	208.0	243.66667	247.33333	248.66667	229.33333	134.33333	44.0	
19.0	17.0	16.0	15.0	15.0	12.333333	20.333334	34.0	44.333332	127.333336	214.66667	205.0	112.0	52.0	61.333332	92.666664	111.0	114.0	115.333336	113.333336	121.333336	125.0	121.0	116.0	111.0	106.666664	114.0	147.0	210.66667	246.0	251.66667	251.0	247.66667	192.66667	73.0	41.0	
18.0	16.333334	15.0	15.333333	14.666667	10.0	23.666666	39.0	66.0	143.66667	195.33333	230.33333	217.0	147.33333	87.0	64.666664	53.666668	53.666668	52.666668	67.666664	76.666664	80.666664	83.0	94.666664	127.0	170.66667	209.0	232.0	247.0	252.33333	250.33333	251.33333	238.0	139.0	49.0	39.0	
18.333334	17.333334	16.0	15.0	12.666667	10.333333	29.0	37.333332	87.666664	166.33333	188.0	223.66667	238.33333	237.33333	210.33333	160.66667	114.666664	78.333336	69.666664	124.0	147.66667	159.33333	180.0	204.66667	231.0	245.66667	248.66667	250.33333	250.66667	253.0	252.33333	253.0	208.0	80.666664	41.0	41.0	
