32.333332	33.0	40.0	51.0	62.333332	71.666664	100.0	124.333336	146.33333	164.0	171.0	176.33333	176.66667	178.33333	177.33333	177.66667	181.66667	187.0	190.33333	191.33333	191.0	191.0	191.66667	192.33333	190.66667	188.0	184.66667	177.66667	164.0	144.66667	113.666664	88.666664	70.333336	56.333332	46.333332	36.0	
31.0	31.666666	37.0	47.666668	64.666664	83.0	115.0	141.0	156.0	167.33333	175.33333	183.0	184.0	184.0	184.0	186.0	190.66667	195.0	196.66667	194.0	190.0	189.33333	192.33333	192.33333	191.33333	189.66667	191.0	186.0	178.0	164.33333	138.0	109.333336	84.0	64.0	48.333332	35.666668	
27.0	34.0	43.333332	60.0	88.0	111.666664	139.0	153.66667	158.0	167.33333	178.33333	188.33333	191.33333	188.66667	190.33333	191.66667	193.66667	197.0	199.33333	196.0	190.66667	189.0	190.33333	188.33333	191.33333	192.66667	192.0	188.0	184.0	175.0	155.0	126.666664	103.0	80.666664	59.333332	41.0	
30.0	44.0	62.666668	91.333336	118.666664	134.66667	149.33333	157.33333	160.66667	165.66667	175.0	188.66667	195.0	192.0	192.66667	196.0	200.66667	201.66667	201.66667	199.33333	194.66667	191.66667	189.0	189.0	191.33333	192.66667	189.66667	182.66667	181.33333	179.0	163.66667	140.0	118.666664	95.333336	70.0	51.0	
32.0	47.333332	75.333336	109.666664	132.33333	144.33333	150.33333	154.33333	160.0	162.33333	167.0	175.0	185.0	189.33333	192.66667	196.33333	200.66667	203.66667	205.0	200.66667	196.0	194.0	188.0	186.33333	185.33333	186.66667	182.0	178.66667	175.33333	174.66667	166.33333	154.0	135.66667	112.333336	90.0	64.0	
34.333332	50.333332	81.0	113.666664	134.66667	145.0	150.33333	151.0	153.66667	158.0	164.33333	169.66667	176.0	180.66667	186.66667	192.33333	196.66667	200.33333	201.33333	201.33333	196.0	192.66667	186.33333	181.33333	182.33333	178.66667	173.33333	171.33333	169.33333	167.66667	163.0	158.33333	149.33333	136.0	114.666664	78.666664	
36.0	50.333332	85.666664	116.333336	135.0	145.33333	150.0	149.66667	150.0	154.66667	162.33333	169.33333	174.33333	176.66667	181.33333	188.0	194.66667	197.0	198.0	200.0	194.66667	190.66667	184.0	181.0	178.0	174.66667	171.66667	166.0	167.33333	164.66667	158.66667	157.33333	154.66667	144.33333	126.666664	88.333336	
33.0	48.333332	86.666664	116.333336	134.33333	143.33333	146.33333	148.66667	153.66667	158.66667	165.66667	172.33333	175.66667	175.33333	180.33333	186.0	194.33333	197.0	198.0	200.0	194.66667	188.0	183.0	181.0	180.0	176.0	169.0	165.0	165.33333	161.33333	156.33333	155.0	155.0	145.33333	128.66667	96.666664	
27.333334	46.333332	88.0	117.666664	134.66667	142.0	148.66667	153.33333	157.33333	162.0	168.66667	175.66667	175.66667	179.33333	183.0	185.66667	192.0	194.0	194.33333	198.33333	194.33333	187.66667	184.66667	182.33333	181.0	178.0	172.0	166.0	165.0	160.0	156.0	158.0	155.0	142.0	124.333336	94.666664	
28.0	52.0	94.333336	118.0	133.0	142.0	150.66667	157.66667	160.33333	166.33333	168.66667	173.66667	177.0	180.0	183.0	188.33333	194.33333	197.33333	196.33333	198.66667	196.33333	190.0	186.33333	184.66667	183.33333	180.0	175.33333	169.66667	165.0	160.0	157.33333	156.0	151.66667	139.33333	121.666664	88.0	
36.666668	68.0	104.666664	121.333336	133.66667	146.0	157.33333	165.0	168.33333	169.33333	169.0	172.0	176.0	177.33333	180.33333	188.33333	197.33333	201.0	198.66667	200.0	198.66667	192.66667	189.0	185.33333	181.66667	179.66667	176.0	172.0	167.33333	164.33333	164.66667	161.33333	153.33333	139.66667	123.666664	89.333336	
51.666668	92.0	117.666664	125.0	135.33333	151.0	160.66667	172.33333	176.0	172.0	169.66667	170.66667	172.66667	169.66667	170.0	178.0	191.33333	201.0	201.0	199.66667	194.66667	189.66667	183.66667	177.66667	177.33333	176.0	175.0	172.66667	171.66667	171.66667	170.66667	165.0	156.0	143.33333	129.0	97.666664	
68.333336	106.0	122.0	131.0	141.66667	152.66667	154.66667	154.66667	148.0	147.66667	151.0	155.0	161.33333	163.33333	162.33333	166.33333	173.66667	182.0	189.66667	190.33333	183.0	176.66667	171.33333	167.66667	169.0	168.33333	167.33333	163.0	166.66667	170.33333	174.0	169.0	161.0	149.0	137.33333	114.666664	
77.666664	117.0	127.0	134.0	126.333336	122.0	118.333336	111.666664	94.333336	83.666664	85.333336	99.666664	112.666664	130.0	147.0	152.33333	157.0	166.0	174.33333	178.0	169.66667	160.33333	156.66667	158.0	155.33333	149.0	137.66667	124.0	119.666664	121.666664	135.33333	150.66667	159.33333	155.0	141.66667	127.666664	
87.0	124.666664	131.0	130.66667	126.333336	137.66667	145.0	141.66667	128.33333	107.333336	83.333336	68.0	62.0	75.666664	106.666664	131.33333	148.33333	157.0	165.66667	167.66667	156.33333	145.66667	140.66667	125.666664	99.0	79.333336	70.666664	73.0	91.333336	108.333336	117.333336	123.333336	124.666664	133.33333	143.66667	138.33333	
95.333336	129.0	132.0	131.66667	137.66667	140.66667	136.66667	127.0	109.0	93.0	84.0	75.0	76.0	85.666664	98.0	121.666664	143.0	155.33333	167.66667	166.66667	149.66667	135.0	112.333336	81.0	62.666668	58.333332	59.0	67.666664	95.0	121.0	137.66667	137.66667	131.0	127.333336	143.33333	144.66667	
105.333336	135.33333	135.66667	125.0	121.0	113.0	95.0	68.333336	51.333332	50.333332	58.333332	57.0	61.0	80.666664	99.0	116.0	135.66667	159.66667	177.66667	172.0	146.33333	124.0	97.666664	84.0	77.333336	63.0	49.0	42.666668	45.333332	58.0	88.666664	117.333336	127.333336	136.33333	144.0	148.66667	
115.0	139.33333	140.33333	126.333336	105.0	79.0	52.333332	37.333332	54.333332	70.333336	71.333336	78.666664	60.666668	80.0	106.0	115.333336	130.33333	164.33333	188.33333	178.0	146.33333	117.333336	102.333336	94.333336	69.666664	55.0	67.666664	58.0	60.666668	37.666668	37.0	63.333332	99.333336	120.333336	138.33333	150.33333	
120.0	140.66667	150.0	148.0	130.33333	105.0	74.333336	57.333332	90.666664	106.333336	67.0	73.666664	94.333336	124.333336	117.333336	130.33333	131.0	167.66667	192.0	180.66667	147.0	120.0	118.0	109.0	114.0	75.0	75.0	74.666664	116.666664	77.666664	40.0	47.0	78.666664	115.0	139.0	148.33333	
121.0	141.0	154.33333	159.66667	160.0	153.33333	133.66667	109.0	109.666664	115.333336	106.666664	109.666664	114.0	124.0	123.333336	133.66667	136.33333	169.33333	190.66667	179.66667	147.33333	135.33333	130.66667	118.333336	125.666664	101.0	90.0	95.333336	113.333336	89.0	80.333336	96.333336	111.666664	139.33333	154.0	153.0	
121.333336	139.66667	155.33333	163.66667	165.66667	165.0	156.66667	143.0	130.33333	128.66667	127.666664	128.33333	129.33333	141.66667	152.0	146.33333	142.0	167.33333	189.66667	179.0	151.33333	141.33333	145.33333	141.0	130.0	125.666664	122.666664	123.333336	118.666664	118.333336	129.33333	151.0	162.66667	164.0	162.66667	154.33333	
117.666664	137.66667	155.0	164.66667	168.66667	175.33333	172.33333	166.66667	160.66667	153.66667	150.33333	152.66667	155.66667	155.66667	151.33333	147.0	140.66667	164.33333	184.0	176.33333	153.0	145.66667	148.66667	147.66667	144.33333	136.33333	133.33333	134.66667	134.33333	140.66667	152.66667	165.33333	170.33333	171.0	167.66667	155.0	
112.0	135.66667	150.66667	162.33333	171.0	177.0	179.33333	179.0	177.33333	175.33333	171.0	171.66667	168.0	162.66667	156.0	149.0	143.0	163.33333	182.33333	176.33333	157.33333	150.0	157.0	160.33333	161.33333	159.66667	158.0	161.33333	166.66667	169.66667	173.66667	176.0	174.66667	172.66667	166.66667	154.66667	
112.666664	131.66667	146.66667	161.0	169.0	175.0	180.66667	182.33333	181.66667	177.66667	174.66667	174.66667	172.66667	166.66667	155.66667	150.0	147.0	166.0	182.0	176.66667	160.66667	152.66667	160.33333	169.0	168.33333	167.0	167.66667	173.0	178.0	181.33333	183.66667	181.33333	176.66667	173.66667	163.66667	150.33333	
120.0	127.666664	143.0	158.66667	165.33333	172.0	181.0	184.66667	183.0	180.33333	181.66667	179.66667	173.0	166.33333	157.66667	152.33333	150.66667	171.33333	184.0	176.0	162.66667	152.33333	158.66667	169.0	171.33333	172.33333	174.33333	180.0	182.0	182.0	182.66667	179.0	171.66667	166.33333	157.0	143.66667	
126.333336	127.666664	140.66667	154.0	163.66667	171.33333	179.66667	183.66667	182.66667	183.33333	185.33333	179.66667	170.0	164.33333	157.0	153.0	154.0	175.0	186.0	178.33333	166.0	155.0	159.33333	170.33333	173.66667	174.66667	177.0	184.0	187.33333	185.33333	181.66667	176.0	165.33333	157.0	149.0	139.0	
126.666664	127.0	136.66667	149.33333	159.66667	167.33333	175.33333	179.33333	182.33333	182.66667	181.33333	175.33333	170.66667	163.0	154.66667	153.0	161.0	180.33333	188.0	181.33333	168.0	156.0	155.33333	164.66667	173.66667	175.66667	176.66667	181.66667	183.0	182.0	179.0	169.33333	158.66667	148.66667	141.66667	136.0	
100.0	130.33333	131.66667	143.33333	152.66667	161.33333	169.66667	173.33333	180.0	181.0	178.0	171.66667	162.0	155.0	155.0	155.66667	163.33333	179.33333	187.33333	185.33333	172.33333	160.33333	156.33333	151.0	157.0	168.33333	171.0	176.66667	179.66667	175.66667	170.0	161.33333	153.0	143.33333	135.33333	130.66667	
84.0	127.0	127.666664	137.33333	145.0	153.66667	158.66667	160.0	167.0	172.33333	168.33333	155.66667	146.66667	149.33333	156.66667	157.33333	166.66667	180.0	183.33333	185.0	174.33333	161.66667	161.66667	149.0	139.0	150.66667	159.0	164.33333	168.33333	165.33333	158.33333	149.33333	144.33333	137.0	128.66667	110.333336	
56.666668	123.0	125.666664	128.33333	137.33333	146.33333	149.66667	151.33333	156.66667	159.0	150.33333	141.66667	146.33333	149.0	141.66667	146.66667	161.0	172.0	182.33333	183.0	167.33333	150.0	145.66667	142.0	132.66667	133.0	143.66667	152.33333	154.0	153.33333	148.66667	141.0	133.33333	127.333336	124.0	100.0	
45.666668	116.333336	127.333336	119.666664	124.333336	135.0	138.33333	144.33333	145.0	141.66667	139.33333	141.66667	153.33333	151.0	122.0	115.666664	134.33333	147.66667	159.66667	156.0	139.66667	117.666664	119.0	134.0	139.0	130.0	129.66667	139.0	141.66667	143.33333	139.66667	134.0	126.666664	123.333336	124.0	98.0	
122.666664	120.666664	128.66667	121.666664	117.0	123.666664	130.0	132.0	132.66667	132.33333	134.0	144.66667	152.66667	153.66667	145.33333	136.33333	129.66667	128.66667	128.0	123.0	120.666664	123.0	138.66667	144.66667	145.66667	136.33333	125.0	126.666664	129.33333	129.33333	129.0	125.333336	121.0	123.666664	127.333336	99.333336	
192.66667	154.33333	129.66667	127.666664	122.0	120.333336	123.333336	127.333336	128.66667	125.333336	128.66667	142.33333	150.0	150.0	148.0	148.66667	139.0	124.666664	108.666664	109.333336	126.0	137.66667	141.33333	142.33333	144.33333	136.33333	122.0	116.666664	120.333336	117.333336	117.333336	118.666664	123.0	127.333336	126.0	107.0	
193.66667	168.66667	127.0	131.0	128.0	124.333336	125.666664	135.0	129.0	127.666664	132.66667	141.66667	149.33333	150.0	148.66667	147.66667	145.66667	135.33333	125.0	129.0	140.0	143.66667	145.66667	145.0	144.0	136.0	123.0	112.333336	117.0	120.0	115.333336	118.333336	125.333336	127.333336	120.333336	94.0	
194.66667	179.66667	129.66667	130.66667	132.0	128.0	128.66667	137.66667	125.666664	128.33333	137.66667	146.66667	150.0	152.0	154.0	155.66667	161.0	160.33333	156.66667	159.0	159.33333	155.33333	151.66667	145.33333	143.0	134.66667	122.333336	120.0	120.666664	130.66667	125.333336	127.333336	126.333336	127.0	110.0	85.333336	
197.66667	189.0	136.33333	132.0	139.0	135.33333	132.0	142.33333	135.66667	117.0	116.0	123.333336	131.33333	137.33333	142.66667	147.0	148.66667	148.66667	159.0	166.33333	157.66667	145.33333	144.33333	138.66667	134.66667	123.0	110.333336	119.666664	127.0	139.66667	134.33333	132.0	128.0	124.666664	81.0	81.666664	
198.0	190.33333	134.0	130.33333	139.66667	139.33333	133.33333	141.0	152.0	139.0	128.66667	104.666664	90.666664	94.333336	98.666664	100.333336	106.0	105.666664	112.333336	113.333336	103.333336	99.333336	92.333336	94.666664	87.0	89.333336	109.333336	125.666664	140.66667	145.66667	131.66667	126.333336	123.333336	115.0	46.333332	76.333336	
191.66667	193.0	113.666664	119.666664	134.0	140.66667	135.66667	135.0	152.66667	157.33333	151.33333	137.0	114.666664	108.666664	118.333336	121.666664	117.0	108.666664	102.666664	103.333336	112.0	116.333336	116.333336	113.666664	107.0	122.666664	137.66667	144.66667	151.0	143.0	126.666664	125.0	122.0	93.666664	24.0	71.666664	
187.33333	186.33333	92.666664	107.666664	125.666664	135.33333	137.0	130.66667	144.33333	158.66667	161.0	151.66667	138.33333	121.0	119.333336	138.66667	145.33333	154.66667	166.66667	157.66667	154.66667	145.33333	123.666664	110.666664	122.666664	145.0	151.0	148.33333	148.66667	135.0	125.333336	122.666664	114.666664	57.0	18.333334	67.0	
184.0	168.33333	74.0	103.333336	114.333336	127.333336	135.66667	129.66667	134.66667	148.66667	156.66667	156.33333	147.66667	136.66667	126.0	116.666664	115.333336	128.0	141.33333	130.66667	124.333336	115.333336	115.333336	124.333336	136.66667	155.33333	154.66667	149.0	143.0	126.333336	122.333336	119.333336	88.333336	23.666666	25.333334	60.333332	
178.33333	157.0	63.0	98.333336	111.333336	115.666664	130.0	131.33333	129.33333	139.0	148.0	153.0	151.66667	146.66667	140.33333	131.66667	123.666664	123.0	120.333336	117.0	119.333336	124.333336	127.666664	133.66667	148.0	156.33333	153.66667	148.0	134.33333	121.333336	120.666664	106.333336	41.666668	11.333333	26.666666	56.0	
174.33333	136.0	57.333332	96.333336	112.0	109.666664	117.333336	129.0	128.66667	135.33333	145.0	149.66667	151.66667	151.33333	146.0	138.0	131.66667	131.0	128.66667	127.333336	125.666664	131.66667	137.66667	146.0	154.33333	156.0	150.0	139.66667	126.0	118.333336	113.666664	66.0	13.333333	11.0	15.666667	55.0	
169.0	104.666664	50.666668	92.666664	111.0	115.0	113.333336	121.666664	129.33333	132.66667	141.66667	148.66667	153.33333	158.0	157.66667	153.66667	148.0	144.66667	144.0	145.0	147.33333	150.66667	155.66667	160.33333	158.0	153.66667	144.33333	130.66667	120.333336	115.333336	84.666664	22.0	13.0	14.666667	9.666667	52.0	
164.66667	67.666664	48.0	92.0	112.333336	125.333336	133.0	120.666664	126.0	129.33333	137.33333	147.66667	155.66667	165.0	168.0	171.66667	172.66667	170.33333	171.33333	170.0	170.66667	169.33333	168.66667	165.66667	157.33333	149.0	137.33333	122.0	113.333336	94.0	33.666668	7.6666665	15.333333	12.666667	6.0	64.666664	
148.66667	46.0	42.666668	86.666664	112.666664	135.0	150.33333	138.33333	117.666664	120.0	130.66667	142.66667	152.33333	163.0	171.0	176.33333	179.66667	181.0	180.0	177.66667	174.66667	173.66667	170.0	161.33333	151.0	139.0	123.0	112.0	98.0	46.333332	7.6666665	5.0	10.666667	13.333333	10.0	104.0	
93.0	43.666668	46.0	86.666664	125.666664	139.66667	151.0	153.0	135.66667	112.0	117.333336	132.66667	147.66667	159.0	167.0	173.0	178.66667	181.66667	187.0	183.66667	177.0	172.0	163.33333	151.0	142.33333	127.666664	108.333336	97.666664	64.666664	12.0	8.666667	6.0	5.3333335	11.666667	11.333333	101.333336	
48.0	43.0	59.0	85.666664	127.333336	141.66667	150.66667	156.66667	156.0	137.66667	114.0	117.333336	136.33333	147.66667	156.0	163.0	169.66667	176.0	181.66667	180.66667	172.66667	163.66667	151.33333	139.66667	129.0	110.333336	89.666664	72.333336	40.0	10.333333	12.0	9.666667	4.0	9.333333	9.333333	81.0	
31.0	38.333332	63.333332	89.333336	122.0	143.33333	151.33333	155.33333	156.0	157.33333	142.66667	120.0	117.0	131.0	142.66667	148.66667	155.66667	163.0	164.66667	165.33333	158.66667	147.33333	136.33333	126.333336	109.666664	89.0	79.333336	70.333336	41.0	13.333333	11.333333	8.666667	5.0	6.6666665	12.666667	98.0	
29.0	34.666668	70.666664	100.0	122.0	141.66667	153.0	157.0	153.33333	157.0	156.66667	146.0	125.666664	118.666664	122.333336	130.66667	138.66667	144.0	145.0	144.33333	136.66667	124.0	113.666664	101.333336	87.0	90.0	97.666664	77.0	40.666668	14.333333	11.666667	8.0	7.3333335	5.6666665	34.666668	117.333336	
