84.0	114.333336	136.0	150.33333	162.33333	174.33333	180.0	185.66667	190.66667	193.66667	198.33333	201.66667	202.0	201.66667	204.0	207.66667	209.0	207.66667	205.0	203.0	201.66667	200.0	200.33333	200.0	196.0	191.66667	188.33333	182.0	174.0	165.66667	156.66667	146.0	119.333336	77.0	57.0	42.666668	
100.0	125.0	142.33333	157.33333	167.33333	176.0	182.0	187.66667	193.66667	196.66667	199.66667	203.33333	203.66667	203.0	204.33333	207.33333	208.33333	208.0	207.33333	206.0	204.66667	203.33333	202.0	200.33333	197.0	193.33333	192.66667	187.0	178.66667	171.0	162.33333	151.33333	134.0	97.333336	65.333336	44.333332	
113.0	133.0	148.0	165.33333	174.66667	181.66667	187.33333	192.33333	196.33333	198.33333	200.33333	203.0	203.66667	203.66667	204.66667	207.33333	208.0	207.33333	206.0	205.33333	204.33333	203.0	201.33333	200.0	196.0	193.66667	193.66667	189.33333	182.33333	175.33333	166.33333	155.0	139.33333	112.666664	80.666664	54.333332	
120.333336	138.0	154.66667	171.33333	180.0	186.66667	192.0	194.0	194.33333	197.33333	201.0	203.0	204.0	204.33333	205.66667	208.0	208.66667	206.66667	204.0	203.0	202.33333	200.66667	198.66667	198.66667	195.66667	194.0	194.0	189.66667	184.0	177.33333	167.66667	159.33333	139.66667	118.0	91.666664	61.666668	
124.666664	142.0	160.33333	174.66667	179.33333	187.0	193.33333	193.0	191.33333	195.33333	199.33333	202.0	203.33333	204.33333	206.33333	208.33333	208.33333	205.66667	202.0	201.0	200.66667	198.33333	197.0	196.66667	196.0	193.66667	192.33333	190.0	185.66667	180.33333	173.33333	163.33333	142.33333	123.0	100.666664	67.0	
128.33333	144.66667	165.0	175.0	178.0	185.66667	192.0	192.66667	191.66667	195.0	197.66667	198.66667	200.33333	201.66667	204.66667	206.66667	206.33333	204.0	201.33333	198.66667	198.0	197.66667	197.33333	197.0	195.66667	193.33333	191.33333	189.33333	186.66667	181.33333	176.33333	167.0	145.66667	124.0	101.0	74.666664	
131.66667	150.0	165.33333	168.0	173.33333	181.66667	187.33333	190.0	192.66667	195.66667	197.0	197.66667	199.0	199.0	201.33333	205.33333	206.33333	204.33333	202.33333	200.0	200.33333	201.33333	201.0	199.33333	197.33333	194.33333	192.0	188.0	184.33333	181.33333	175.0	165.66667	150.0	128.33333	99.666664	78.666664	
130.0	151.66667	165.0	167.33333	171.66667	176.0	183.0	188.0	191.0	196.66667	199.66667	199.66667	200.0	201.33333	204.0	205.66667	205.66667	205.0	206.0	206.33333	205.0	204.0	202.66667	200.33333	198.0	195.66667	191.66667	187.33333	183.0	180.66667	172.33333	164.0	150.33333	129.0	97.333336	75.0	
123.0	149.33333	166.33333	173.66667	175.0	175.33333	182.66667	190.33333	194.0	198.0	202.66667	203.33333	203.33333	206.66667	210.0	208.0	206.66667	206.66667	209.66667	211.66667	210.0	208.33333	206.0	202.0	198.66667	197.66667	194.33333	186.66667	182.0	177.0	167.0	163.33333	153.66667	131.33333	102.0	73.666664	
118.333336	146.33333	166.66667	174.66667	175.33333	176.66667	183.0	192.33333	198.33333	199.33333	204.0	206.0	207.0	210.33333	211.66667	212.0	208.0	210.33333	212.0	213.66667	210.0	207.0	201.33333	198.33333	194.66667	193.33333	189.66667	184.0	179.33333	174.66667	167.0	160.66667	155.33333	143.0	118.333336	80.333336	
111.0	135.66667	160.33333	171.0	172.66667	176.33333	183.0	190.66667	195.66667	194.66667	195.0	197.33333	200.33333	203.33333	205.33333	210.0	204.66667	208.66667	209.66667	208.66667	199.66667	185.0	171.0	160.33333	158.0	160.66667	166.66667	167.0	163.33333	164.0	162.66667	153.33333	150.66667	149.33333	136.66667	102.333336	
105.333336	126.333336	151.33333	165.33333	170.0	174.66667	181.33333	182.66667	178.66667	169.33333	164.66667	168.66667	176.66667	187.33333	194.66667	202.0	199.0	201.0	203.33333	202.33333	188.66667	165.66667	143.33333	126.0	127.666664	154.66667	192.66667	183.33333	157.66667	150.66667	143.66667	132.66667	136.33333	146.66667	144.0	123.0	
103.0	120.666664	137.66667	150.33333	160.66667	166.0	166.0	153.0	141.0	139.0	141.0	151.33333	160.66667	173.66667	185.0	194.0	197.33333	200.33333	203.33333	197.66667	182.66667	161.66667	138.0	132.33333	146.33333	172.66667	203.66667	185.0	155.33333	141.66667	134.0	125.333336	122.333336	125.666664	132.0	131.0	
111.0	121.0	124.333336	134.33333	143.33333	140.66667	132.0	122.333336	121.333336	135.0	158.0	161.33333	152.66667	159.66667	173.33333	186.33333	195.0	199.0	196.33333	186.0	169.66667	152.0	138.33333	138.66667	147.33333	163.33333	175.0	153.0	136.33333	128.66667	128.66667	135.33333	121.666664	94.333336	87.333336	99.0	
121.333336	124.0	115.666664	118.333336	125.0	122.0	122.0	133.66667	155.33333	178.66667	209.0	204.0	173.33333	156.66667	160.0	162.33333	159.33333	165.33333	158.66667	141.33333	136.0	141.66667	141.66667	140.66667	150.66667	163.0	150.33333	119.0	103.333336	108.333336	122.0	131.33333	123.666664	109.0	111.0	91.666664	
128.0	129.33333	113.333336	115.666664	116.333336	115.666664	130.33333	148.0	166.0	180.0	189.0	182.0	172.66667	169.0	148.33333	115.333336	125.0	160.0	169.66667	145.66667	121.666664	136.66667	142.66667	148.66667	172.0	187.33333	157.0	117.0	111.0	107.666664	113.666664	126.0	115.333336	100.0	96.666664	97.0	
126.333336	126.0	115.666664	115.666664	112.333336	120.0	132.66667	139.33333	157.33333	157.66667	153.33333	149.66667	156.66667	160.66667	139.33333	116.0	154.66667	189.0	190.0	171.33333	133.66667	142.33333	151.66667	159.33333	179.33333	188.33333	168.0	141.33333	134.66667	130.33333	128.66667	139.33333	139.33333	130.0	129.66667	134.33333	
117.333336	105.0	95.666664	114.666664	120.666664	123.333336	117.0	137.33333	170.66667	155.66667	135.0	138.0	146.33333	151.0	138.0	120.666664	153.66667	182.66667	188.66667	182.33333	149.66667	145.66667	157.66667	159.0	163.33333	169.33333	169.0	166.66667	160.66667	155.0	152.0	156.33333	154.0	153.33333	151.33333	143.66667	
86.0	94.666664	106.0	116.333336	118.0	118.0	117.0	143.0	169.66667	166.33333	151.33333	156.33333	159.33333	158.33333	139.66667	125.666664	153.0	175.0	183.66667	184.66667	165.66667	151.0	156.66667	161.0	164.33333	169.0	173.0	176.33333	173.0	166.66667	161.33333	160.33333	160.33333	168.0	158.0	146.33333	
60.0	81.0	96.666664	116.666664	121.333336	123.666664	136.33333	156.33333	169.33333	178.66667	178.33333	178.33333	177.66667	169.66667	147.0	139.66667	157.0	170.66667	180.0	185.0	172.0	156.33333	143.66667	154.66667	170.33333	177.33333	180.0	178.0	172.33333	170.0	161.33333	152.66667	164.66667	175.0	162.66667	147.0	
52.333332	69.333336	100.666664	125.333336	130.0	136.66667	155.33333	171.66667	181.0	187.0	189.66667	190.66667	191.0	171.66667	153.33333	155.0	159.66667	172.0	181.66667	184.0	173.33333	163.66667	151.66667	148.0	153.33333	164.66667	171.33333	168.66667	160.66667	157.33333	160.33333	171.33333	178.66667	175.33333	164.33333	147.33333	
80.0	104.333336	130.66667	142.66667	139.66667	141.0	156.66667	169.0	180.33333	187.66667	188.33333	189.66667	178.0	161.33333	161.0	157.66667	159.0	173.0	181.33333	184.33333	176.33333	166.66667	163.0	171.0	174.0	172.66667	167.66667	163.33333	165.66667	171.33333	183.33333	187.66667	185.66667	177.66667	168.0	148.33333	
88.666664	121.0	142.33333	151.0	143.33333	138.33333	146.0	154.66667	166.66667	173.66667	171.0	167.66667	169.33333	175.0	167.66667	151.33333	155.0	170.33333	179.66667	183.0	180.33333	168.66667	161.33333	170.0	183.0	186.66667	189.66667	186.33333	187.0	186.33333	190.33333	191.33333	184.33333	178.0	170.33333	147.33333	
92.333336	119.666664	145.33333	156.66667	151.33333	146.66667	146.0	141.66667	146.0	156.0	169.0	183.33333	190.33333	184.33333	165.66667	150.33333	154.33333	172.33333	185.0	187.66667	185.66667	174.0	160.66667	163.66667	180.33333	185.66667	191.0	192.0	190.0	186.66667	188.66667	191.33333	183.33333	178.0	170.0	145.0	
93.666664	113.333336	139.0	162.33333	170.0	176.0	179.66667	173.33333	176.0	182.33333	190.66667	197.66667	196.33333	181.66667	166.66667	150.0	156.0	178.33333	197.66667	201.33333	194.66667	179.66667	163.33333	162.0	179.33333	189.33333	188.66667	192.0	192.0	191.66667	189.66667	187.66667	181.66667	179.0	171.0	149.0	
93.0	113.666664	131.33333	157.66667	172.0	183.33333	190.33333	189.33333	192.0	196.0	198.33333	198.33333	197.33333	186.0	166.33333	152.66667	157.0	181.33333	206.66667	211.33333	201.33333	179.66667	160.66667	159.0	174.0	191.33333	191.33333	189.66667	188.33333	189.0	187.0	183.0	177.0	177.33333	173.33333	153.66667	
95.0	109.666664	126.333336	153.33333	168.0	181.33333	188.0	188.33333	192.0	196.0	199.33333	200.33333	200.66667	191.66667	167.0	152.33333	145.0	159.0	184.0	191.33333	184.66667	158.66667	137.66667	150.0	162.66667	184.33333	190.0	193.33333	191.33333	187.0	183.33333	179.66667	171.66667	173.0	170.0	155.0	
92.333336	102.0	118.0	150.66667	162.33333	174.66667	182.33333	185.0	190.0	196.33333	201.0	205.66667	204.0	190.0	161.66667	147.33333	123.333336	113.333336	150.66667	165.66667	154.0	136.66667	141.0	146.33333	156.0	177.66667	186.66667	192.66667	195.0	191.66667	184.33333	179.33333	167.66667	166.33333	166.33333	154.33333	
94.0	94.0	111.0	147.0	158.66667	169.0	174.33333	180.0	189.0	196.66667	202.0	204.33333	199.33333	186.33333	158.33333	146.33333	142.33333	116.666664	116.0	130.66667	125.666664	143.0	159.33333	150.33333	157.0	172.33333	182.33333	191.33333	197.0	195.33333	189.33333	182.33333	168.33333	162.66667	163.0	149.0	
116.0	97.333336	109.333336	137.0	155.33333	164.66667	170.33333	177.66667	188.0	195.33333	199.0	200.33333	197.66667	188.66667	172.0	159.33333	157.0	151.33333	139.0	141.33333	156.0	165.0	165.66667	162.66667	162.66667	169.0	178.33333	190.66667	197.0	197.0	192.0	186.0	172.0	162.0	157.66667	143.0	
126.666664	99.333336	107.666664	122.666664	146.66667	160.0	166.66667	174.0	184.66667	192.33333	197.66667	198.66667	196.33333	189.0	176.33333	174.0	172.33333	167.66667	172.0	181.0	182.0	174.0	174.66667	173.0	168.66667	169.0	175.66667	189.0	195.66667	194.66667	191.33333	189.0	174.33333	160.33333	152.66667	136.33333	
134.0	99.0	106.0	111.0	138.66667	156.33333	162.66667	170.0	181.66667	190.66667	194.66667	194.33333	192.0	183.0	173.0	174.0	175.0	171.66667	175.66667	183.33333	183.33333	180.66667	180.33333	178.66667	174.66667	171.0	174.0	184.0	191.0	191.0	190.0	185.66667	172.66667	156.66667	145.66667	130.0	
138.0	108.0	104.666664	101.666664	128.33333	150.66667	158.66667	166.66667	179.33333	188.0	191.0	188.33333	186.66667	176.66667	166.66667	167.33333	168.33333	173.0	181.66667	186.33333	186.66667	187.33333	184.33333	183.0	178.66667	170.66667	169.66667	177.33333	183.0	184.0	186.0	181.33333	170.0	154.33333	140.0	129.0	
141.0	119.0	104.0	103.0	115.0	140.66667	151.33333	162.33333	176.66667	184.66667	186.66667	181.66667	181.0	173.0	163.0	165.66667	170.66667	176.66667	184.66667	188.33333	190.33333	188.66667	184.33333	181.33333	176.66667	169.66667	169.0	173.33333	175.0	177.0	182.0	179.0	169.0	154.0	140.33333	128.66667	
130.0	130.0	107.666664	104.333336	103.666664	129.0	142.33333	157.33333	172.0	180.66667	183.0	175.66667	173.66667	166.66667	161.0	161.66667	165.0	168.0	168.66667	174.0	171.33333	165.33333	161.0	158.0	151.66667	152.66667	160.66667	168.66667	170.33333	174.66667	180.33333	176.33333	167.66667	153.66667	141.0	128.66667	
98.0	121.0	107.0	104.0	101.333336	122.333336	137.33333	148.33333	160.33333	176.66667	181.0	173.0	166.33333	161.0	152.33333	143.66667	135.0	128.33333	125.0	128.66667	120.666664	125.666664	122.333336	111.0	102.666664	108.333336	127.0	150.0	162.33333	168.33333	176.66667	178.33333	165.33333	151.0	139.66667	127.333336	
63.333332	80.333336	88.333336	98.333336	99.666664	118.666664	133.0	137.33333	149.33333	170.66667	177.0	167.33333	159.0	155.33333	136.66667	108.0	95.333336	97.666664	104.666664	109.333336	105.666664	120.666664	133.0	133.33333	113.0	108.0	130.33333	149.33333	158.33333	163.0	173.33333	175.66667	161.0	146.66667	137.0	122.333336	
52.333332	56.666668	70.0	92.333336	97.333336	113.0	134.0	135.66667	146.66667	168.0	178.66667	171.66667	158.33333	152.66667	135.66667	111.0	118.333336	152.33333	172.66667	174.66667	173.0	176.66667	178.0	164.33333	141.0	137.0	156.33333	170.0	171.33333	170.0	172.33333	172.66667	157.33333	143.66667	134.0	117.333336	
54.666668	53.666668	64.666664	92.333336	96.0	101.666664	131.66667	142.0	142.66667	160.66667	179.0	181.66667	170.0	166.33333	158.66667	143.66667	140.33333	160.0	176.0	185.33333	185.33333	175.66667	159.66667	152.0	156.0	164.66667	173.0	176.66667	176.33333	180.0	177.0	173.33333	154.0	142.0	136.0	112.0	
56.333332	53.666668	60.333332	89.666664	99.333336	94.666664	120.333336	146.0	141.33333	148.66667	171.0	183.33333	180.0	176.0	170.33333	163.66667	158.0	154.0	154.66667	160.66667	169.66667	172.33333	173.0	176.33333	179.0	179.66667	181.33333	179.0	176.0	180.66667	180.66667	173.0	152.0	144.0	139.0	105.0	
54.666668	53.0	55.666668	84.0	107.0	94.666664	106.0	141.0	145.0	144.33333	164.33333	182.33333	187.33333	185.66667	175.66667	169.33333	163.66667	161.0	165.0	173.33333	178.66667	180.33333	179.33333	181.0	180.66667	180.0	182.33333	181.0	179.33333	181.0	181.66667	174.33333	154.0	146.66667	132.66667	94.0	
51.666668	51.0	51.333332	75.0	113.333336	105.666664	93.0	129.0	149.66667	143.0	157.0	181.33333	186.66667	187.0	182.33333	178.0	170.66667	163.0	164.66667	167.0	165.66667	164.0	165.33333	170.33333	177.66667	184.0	185.66667	186.33333	184.33333	179.33333	179.66667	175.0	156.0	149.66667	127.0	77.333336	
49.333332	50.666668	50.666668	61.333332	106.666664	125.666664	101.666664	108.333336	149.33333	151.0	148.0	172.33333	182.0	184.0	186.0	185.0	181.0	172.0	164.66667	159.66667	161.33333	165.0	168.33333	174.33333	181.33333	185.66667	188.0	191.33333	187.33333	177.0	177.33333	172.0	151.0	146.0	109.0	65.0	
45.666668	47.666668	49.333332	51.333332	88.333336	133.0	126.666664	101.0	134.33333	162.0	151.0	160.33333	178.66667	181.66667	186.33333	190.66667	189.66667	183.33333	179.33333	175.66667	179.33333	184.66667	186.66667	188.0	187.33333	184.0	186.0	191.0	189.66667	179.0	174.0	163.33333	144.66667	130.0	86.666664	74.0	
42.0	42.333332	44.333332	47.333332	70.666664	120.333336	146.0	119.0	116.333336	152.0	157.0	152.66667	172.66667	178.33333	180.66667	189.0	193.66667	191.33333	189.0	186.0	188.66667	192.0	196.33333	195.66667	190.33333	181.33333	183.66667	187.33333	186.66667	178.33333	166.33333	148.0	135.33333	110.333336	75.666664	89.333336	
44.333332	42.666668	44.0	43.666668	54.666668	101.333336	142.33333	140.33333	119.0	132.0	151.0	149.33333	160.33333	172.0	175.0	184.0	191.33333	190.33333	185.33333	185.33333	192.33333	196.66667	198.33333	198.66667	194.66667	187.33333	187.33333	187.0	183.66667	171.66667	148.66667	130.66667	115.333336	83.666664	85.666664	103.666664	
52.0	49.333332	44.333332	43.0	45.666668	75.666664	126.666664	151.33333	137.66667	126.0	134.66667	139.0	139.66667	155.66667	168.33333	177.0	186.0	187.0	183.0	188.0	199.0	201.0	200.0	199.33333	197.33333	192.0	189.66667	184.66667	176.0	155.33333	128.33333	117.666664	91.666664	74.0	108.0	106.333336	
56.666668	56.0	54.333332	55.333332	52.0	54.0	104.333336	141.33333	155.66667	144.33333	140.0	135.33333	126.333336	128.33333	150.33333	166.66667	178.66667	185.66667	184.0	188.33333	195.33333	195.66667	197.0	199.0	193.33333	185.33333	181.66667	170.33333	150.0	123.333336	107.0	95.666664	74.333336	93.666664	120.0	117.666664	
58.666668	63.666668	66.666664	62.0	53.0	38.333332	68.0	121.333336	145.33333	149.33333	151.0	157.66667	149.0	126.666664	115.666664	137.66667	159.0	171.0	178.0	182.0	182.0	178.33333	181.33333	180.0	172.66667	165.0	156.0	131.33333	106.333336	98.333336	90.333336	76.0	88.0	117.666664	125.0	136.0	
