10.333333	25.666666	58.0	82.333336	97.666664	109.0	116.666664	118.333336	119.666664	128.33333	136.0	142.0	148.0	148.0	148.33333	151.0	151.33333	152.0	153.0	149.66667	144.33333	142.33333	140.66667	137.33333	132.66667	129.33333	125.333336	116.0	100.666664	89.333336	75.0	66.666664	68.333336	63.333332	46.0	23.666666	
13.666667	34.333332	68.0	89.333336	102.0	109.333336	117.0	119.666664	120.666664	129.0	137.33333	143.0	149.66667	150.0	149.33333	150.33333	151.0	152.66667	154.66667	153.66667	151.0	148.66667	145.66667	141.66667	135.33333	129.66667	126.333336	118.666664	105.0	93.0	78.0	68.666664	68.0	66.0	52.333332	29.333334	
18.0	46.333332	79.333336	96.666664	107.0	111.333336	117.333336	121.666664	124.666664	133.0	141.33333	146.33333	151.0	153.0	154.33333	154.0	153.66667	155.0	156.33333	155.0	154.66667	153.66667	150.0	145.0	140.0	134.33333	128.66667	120.333336	108.0	97.0	80.666664	69.333336	64.333336	67.666664	62.0	41.666668	
22.333334	55.333332	87.333336	101.0	109.333336	111.0	114.666664	119.666664	126.0	134.33333	142.33333	148.66667	153.33333	159.0	160.66667	161.66667	164.0	163.66667	163.0	161.66667	159.33333	157.33333	152.33333	148.66667	146.66667	140.66667	133.0	123.0	110.333336	99.666664	82.666664	70.0	64.666664	72.333336	72.333336	52.0	
27.666666	63.0	92.666664	103.666664	113.0	112.333336	115.0	121.0	128.0	135.0	143.33333	149.66667	155.66667	164.0	168.0	169.33333	173.66667	173.33333	170.66667	169.0	166.66667	163.0	157.0	153.33333	151.33333	143.0	132.66667	124.666664	114.333336	104.333336	87.333336	73.666664	65.0	72.666664	76.666664	55.666668	
35.333332	70.666664	95.666664	105.666664	115.666664	115.333336	115.0	123.0	131.66667	137.66667	145.66667	152.0	157.66667	166.33333	172.33333	174.66667	176.33333	177.33333	174.66667	172.33333	172.0	166.66667	159.33333	154.66667	152.33333	144.0	132.0	125.666664	118.666664	107.666664	92.333336	77.666664	64.0	71.0	74.0	58.333332	
43.333332	78.666664	97.666664	105.0	116.333336	117.0	114.0	122.666664	133.66667	139.0	148.33333	154.66667	158.66667	164.33333	171.33333	176.66667	179.0	178.33333	175.66667	174.0	174.33333	168.33333	158.66667	153.33333	151.66667	143.66667	132.0	124.333336	122.0	111.333336	98.0	81.333336	67.0	73.333336	71.0	58.666668	
49.666668	84.666664	98.333336	103.333336	115.0	117.333336	115.0	125.333336	136.0	141.66667	149.0	154.33333	157.0	162.0	167.33333	171.66667	173.0	170.0	167.33333	166.66667	167.66667	164.33333	156.66667	151.33333	147.0	139.33333	129.33333	122.666664	122.333336	114.0	102.666664	85.0	70.333336	74.333336	70.0	58.0	
57.0	88.666664	100.0	102.666664	114.0	115.666664	113.333336	124.666664	136.33333	140.66667	146.33333	151.33333	154.66667	158.66667	163.0	164.66667	167.0	165.0	166.66667	168.0	164.33333	160.0	156.33333	151.66667	146.0	138.0	129.33333	121.666664	120.333336	115.333336	107.333336	91.666664	76.0	77.0	70.0	58.666668	
63.333332	90.0	102.0	104.666664	113.0	114.0	113.0	124.0	134.66667	137.66667	142.0	146.0	150.66667	155.66667	159.0	161.66667	163.0	162.66667	165.66667	168.33333	162.66667	153.66667	149.33333	146.33333	140.33333	132.66667	127.333336	120.333336	116.0	112.666664	109.333336	95.333336	78.333336	78.666664	71.666664	60.333332	
66.666664	88.666664	103.0	108.0	113.333336	115.333336	114.0	125.0	134.0	136.33333	139.66667	143.66667	149.66667	155.33333	159.33333	161.0	161.33333	158.0	158.66667	163.0	161.0	152.66667	148.33333	145.0	140.33333	135.66667	130.33333	120.0	113.0	109.333336	108.666664	97.666664	80.0	79.666664	73.333336	62.333332	
74.0	91.333336	106.666664	110.333336	114.0	115.666664	113.0	126.0	136.0	138.0	143.0	147.66667	155.33333	161.66667	165.66667	167.33333	171.0	164.33333	155.33333	161.66667	167.0	162.66667	158.0	150.0	144.33333	142.0	134.66667	125.333336	116.0	114.666664	110.0	97.0	80.666664	75.333336	72.0	60.333332	
80.333336	93.0	104.333336	110.333336	115.333336	111.333336	112.333336	126.333336	133.0	136.33333	144.0	151.0	160.0	169.33333	175.33333	177.33333	178.0	169.33333	158.0	163.33333	169.33333	168.33333	166.66667	155.33333	148.66667	147.0	138.66667	129.33333	123.0	121.333336	116.0	102.0	79.0	68.333336	68.666664	58.333332	
74.666664	93.666664	100.666664	107.0	113.0	112.666664	117.0	125.666664	125.0	126.666664	139.33333	148.33333	154.33333	162.33333	168.33333	173.33333	175.33333	167.66667	158.33333	165.0	172.66667	170.0	165.33333	154.66667	152.0	149.33333	138.66667	133.66667	123.0	116.0	111.666664	105.0	83.0	64.333336	61.0	52.0	
55.0	86.666664	102.0	105.333336	111.333336	112.333336	117.666664	119.333336	118.0	122.0	127.666664	127.0	129.0	137.0	148.33333	157.0	164.0	162.0	156.0	161.33333	165.33333	160.66667	153.33333	143.66667	143.0	137.66667	122.0	121.666664	118.666664	114.666664	107.666664	96.666664	82.666664	61.333332	53.0	43.666668	
47.0	73.0	101.666664	106.333336	110.333336	105.666664	110.666664	114.666664	119.0	123.333336	123.0	113.666664	106.0	107.666664	118.0	128.66667	140.33333	151.33333	157.66667	162.0	156.33333	145.0	135.33333	121.666664	112.333336	105.0	97.0	101.666664	111.0	113.333336	104.666664	91.333336	77.0	53.333332	47.0	41.0	
59.333332	59.666668	94.0	108.666664	107.666664	101.333336	105.0	109.666664	114.333336	115.666664	112.666664	106.666664	96.333336	92.333336	95.333336	103.333336	113.333336	136.66667	158.33333	165.66667	153.33333	127.333336	102.333336	84.333336	71.666664	76.0	83.0	94.333336	99.333336	102.333336	100.0	89.666664	70.0	50.0	42.0	40.666668	
71.0	46.666668	81.333336	111.0	109.333336	99.0	94.666664	91.666664	92.666664	91.333336	77.0	73.0	77.0	91.666664	103.0	102.666664	104.333336	125.333336	153.33333	159.66667	147.0	113.666664	75.0	75.666664	83.0	91.0	88.0	83.333336	68.333336	75.333336	85.0	80.0	63.333332	51.666668	43.666668	41.0	
66.666664	34.0	63.666668	107.333336	115.0	103.333336	92.0	86.333336	84.333336	95.0	77.666664	67.333336	70.666664	108.666664	116.333336	113.666664	113.666664	120.666664	142.66667	150.66667	137.0	103.666664	68.666664	96.666664	117.666664	123.0	100.333336	80.0	58.666668	73.333336	76.333336	61.0	57.0	59.666668	58.333332	46.0	
75.0	35.333332	46.666668	98.333336	122.666664	116.0	103.333336	97.666664	96.333336	117.333336	99.333336	78.0	78.666664	122.333336	128.33333	142.0	145.33333	135.0	139.66667	143.0	131.0	102.666664	75.666664	113.666664	130.0	136.33333	118.0	81.333336	74.666664	96.666664	85.333336	64.333336	70.0	79.333336	77.333336	55.666668	
85.666664	42.666668	35.0	78.666664	124.333336	132.0	120.333336	110.666664	105.0	119.0	114.333336	113.666664	109.0	123.666664	134.0	146.66667	147.33333	132.33333	134.33333	139.33333	132.0	106.333336	83.0	116.333336	133.0	136.0	131.33333	113.666664	103.666664	104.666664	85.0	77.666664	92.333336	99.333336	96.666664	70.0	
97.333336	57.0	30.666666	54.333332	106.666664	132.66667	134.0	124.0	114.333336	115.333336	117.666664	126.0	128.66667	129.0	131.66667	134.66667	130.33333	123.0	128.66667	134.66667	128.66667	108.0	79.0	98.333336	124.666664	130.66667	130.33333	122.666664	114.333336	107.666664	91.333336	93.333336	106.666664	109.0	107.666664	81.333336	
132.33333	85.666664	36.666668	45.333332	70.666664	91.666664	131.66667	142.66667	106.666664	84.333336	87.666664	110.0	125.0	124.0	122.333336	117.666664	109.0	99.333336	94.666664	98.666664	90.333336	78.333336	67.666664	78.0	106.333336	126.666664	135.0	127.333336	120.0	113.666664	102.333336	102.333336	110.0	108.0	108.0	84.0	
145.66667	102.333336	50.666668	46.0	52.333332	68.666664	104.0	116.0	94.333336	85.0	79.666664	89.333336	96.333336	96.666664	94.666664	87.333336	77.666664	69.333336	72.333336	74.666664	64.0	50.666668	50.333332	65.666664	78.333336	99.333336	114.0	107.333336	100.666664	92.0	78.333336	71.333336	77.333336	79.666664	81.333336	68.666664	
133.0	106.0	76.666664	60.0	45.333332	45.0	51.666668	52.666668	52.333332	57.0	53.666668	54.666668	58.0	62.0	64.666664	70.666664	65.333336	64.0	109.333336	127.666664	119.0	86.0	58.333332	58.333332	50.666668	66.666664	82.0	81.666664	87.0	84.666664	69.666664	53.333332	50.333332	47.0	39.0	26.666666	
124.666664	102.666664	93.0	83.333336	58.0	29.666666	24.666666	44.0	64.666664	80.333336	84.333336	87.333336	91.0	92.666664	95.666664	105.0	92.333336	78.0	137.66667	161.66667	154.0	113.333336	61.666668	42.0	39.0	46.666668	49.666668	51.666668	54.333332	51.0	50.333332	50.666668	50.333332	49.333332	48.333332	33.0	
127.333336	103.666664	95.0	101.0	84.666664	45.0	38.333332	89.333336	125.333336	142.0	150.33333	152.33333	149.0	140.33333	135.0	124.0	98.333336	97.0	145.66667	171.66667	166.66667	124.333336	67.0	46.0	75.0	95.333336	94.666664	95.666664	95.666664	86.0	74.333336	63.333332	49.333332	39.0	53.0	53.666668	
122.0	102.666664	95.333336	107.333336	105.333336	78.333336	65.666664	115.0	148.0	152.66667	159.0	162.0	159.0	149.33333	136.33333	108.0	85.666664	111.0	152.33333	181.0	174.33333	133.66667	77.666664	54.0	91.333336	121.333336	136.0	136.0	137.66667	132.66667	128.33333	119.666664	104.0	76.666664	70.333336	54.666668	
117.333336	100.333336	93.333336	106.333336	118.0	110.666664	84.666664	101.0	138.66667	156.0	163.0	160.33333	152.66667	138.66667	118.333336	102.666664	107.0	126.333336	149.66667	179.0	175.66667	142.0	87.666664	53.333332	74.666664	107.0	131.33333	134.66667	135.0	133.33333	132.66667	125.666664	113.333336	92.333336	83.333336	60.0	
113.666664	106.0	92.333336	105.333336	116.0	122.0	110.666664	91.0	94.0	111.333336	120.333336	134.33333	145.33333	115.666664	85.666664	105.666664	122.666664	123.333336	143.0	166.33333	163.66667	135.0	86.666664	51.666668	53.666668	76.0	111.0	130.33333	131.0	127.666664	124.666664	114.666664	95.333336	75.333336	78.0	68.666664	
99.666664	107.333336	94.666664	105.666664	111.666664	116.333336	125.0	116.333336	90.0	72.0	65.0	77.333336	98.0	86.666664	83.333336	109.666664	104.666664	98.0	118.0	133.33333	133.0	110.0	57.0	34.666668	46.0	52.0	64.333336	80.666664	94.666664	104.333336	105.666664	92.666664	74.333336	64.333336	71.666664	64.0	
56.0	82.0	92.0	103.666664	111.666664	114.0	117.0	130.33333	130.0	114.0	103.0	95.0	100.0	110.0	127.0	135.33333	125.0	118.666664	126.0	113.666664	88.333336	60.333332	32.333332	37.666668	70.333336	89.333336	82.0	63.666668	61.333332	58.0	56.333332	49.0	41.333332	37.333332	41.0	35.333332	
17.0	52.666668	88.666664	99.666664	108.333336	115.0	115.0	124.333336	131.33333	133.66667	139.0	140.33333	142.0	144.33333	140.0	143.0	142.0	141.33333	148.0	133.66667	99.0	76.0	66.0	81.666664	104.333336	111.666664	112.666664	108.333336	97.0	80.333336	70.333336	61.666668	48.0	32.333332	26.0	19.0	
8.666667	41.333332	87.0	98.333336	105.333336	115.333336	115.333336	121.0	126.666664	132.33333	140.33333	142.0	140.66667	141.0	140.0	142.0	144.33333	148.66667	155.66667	154.33333	144.0	136.33333	123.666664	118.333336	115.333336	108.0	108.333336	117.333336	122.666664	114.333336	108.666664	99.333336	81.0	59.666668	49.333332	26.333334	
9.666667	32.333332	77.666664	94.0	98.333336	112.666664	113.0	119.666664	128.0	131.66667	135.33333	135.33333	133.66667	137.66667	143.0	142.66667	144.0	153.33333	155.33333	151.0	152.33333	152.66667	139.66667	124.333336	114.333336	108.666664	110.0	115.666664	119.666664	112.333336	114.0	108.333336	86.666664	68.666664	57.666668	27.0	
12.333333	25.0	67.333336	92.333336	93.666664	109.666664	111.333336	118.0	130.0	132.33333	128.0	126.666664	127.333336	133.66667	138.33333	138.0	138.66667	146.33333	148.33333	148.33333	150.33333	146.66667	134.33333	118.333336	104.666664	96.666664	101.0	113.333336	116.666664	111.0	118.333336	108.333336	80.333336	66.666664	52.666668	21.333334	
14.333333	19.666666	55.0	90.333336	93.666664	106.666664	112.666664	114.666664	129.33333	136.0	123.0	115.0	115.0	111.666664	107.666664	105.0	104.666664	108.666664	110.333336	116.333336	117.666664	106.333336	95.0	84.333336	71.0	63.333332	71.333336	99.333336	113.0	114.333336	125.0	104.333336	69.0	59.666668	38.333332	13.0	
19.333334	17.666666	38.0	79.666664	93.666664	102.0	112.666664	111.333336	124.666664	138.33333	130.0	127.333336	127.333336	113.666664	100.333336	99.666664	101.333336	102.666664	96.0	96.666664	93.333336	85.0	79.666664	73.333336	64.0	60.0	71.0	99.333336	116.333336	121.666664	128.0	93.0	59.666668	53.333332	23.666666	8.333333	
25.666666	17.333334	22.666666	66.0	92.0	97.666664	108.333336	108.333336	118.0	134.33333	134.0	138.33333	142.0	130.66667	116.666664	115.666664	127.666664	138.33333	136.0	132.0	129.33333	119.0	106.666664	93.333336	78.666664	82.666664	98.666664	116.333336	125.666664	129.66667	120.333336	76.666664	59.333332	44.333332	14.666667	8.666667	
32.666668	24.666666	18.666666	51.333332	90.0	100.0	105.0	106.666664	110.333336	123.666664	131.66667	136.33333	140.66667	137.0	127.0	118.333336	124.0	138.0	146.66667	144.0	136.33333	124.0	108.333336	93.0	84.666664	95.666664	110.0	114.333336	117.0	120.333336	95.333336	60.0	55.666668	28.333334	8.0	8.0	
37.333332	31.333334	18.666666	43.666668	90.0	106.666664	100.0	101.0	107.333336	115.333336	127.666664	131.33333	133.0	132.66667	132.33333	129.0	119.0	117.666664	121.0	119.333336	111.0	103.666664	96.666664	95.666664	104.666664	112.0	111.0	102.666664	101.333336	95.666664	68.666664	53.333332	37.0	12.333333	4.0	4.3333335	
33.0	29.666666	25.0	65.666664	103.0	107.333336	105.666664	98.666664	99.333336	112.0	124.333336	127.0	128.66667	131.0	136.0	138.33333	130.66667	117.0	107.666664	105.333336	105.0	105.0	105.333336	108.666664	112.333336	109.666664	103.0	92.333336	83.666664	71.666664	48.666668	40.0	19.0	5.0	2.6666667	2.6666667	
30.333334	23.333334	36.333332	105.0	127.0	108.666664	111.666664	99.666664	91.666664	106.666664	119.0	123.333336	128.33333	133.66667	140.0	145.0	143.0	136.0	129.0	126.333336	125.666664	128.0	131.66667	127.333336	115.666664	102.666664	96.0	84.333336	69.0	52.333332	35.333332	24.666666	8.0	3.6666667	3.6666667	2.3333333	
23.666666	26.0	69.333336	146.0	152.66667	118.333336	111.0	102.666664	90.0	94.0	110.333336	120.666664	125.0	133.0	143.33333	153.33333	158.0	159.33333	156.66667	151.0	148.33333	147.66667	144.0	134.0	116.666664	102.666664	91.333336	74.0	55.0	34.0	23.666666	16.0	4.3333335	2.3333333	2.3333333	2.0	
20.333334	39.333332	114.333336	175.66667	177.66667	139.33333	114.666664	104.0	97.0	90.333336	99.666664	112.666664	122.0	129.0	138.66667	152.33333	158.66667	159.66667	156.0	153.33333	152.33333	146.66667	141.0	128.33333	112.333336	103.333336	85.666664	57.333332	33.0	19.0	19.666666	13.666667	4.0	1.3333334	1.6666666	2.3333333	
22.0	47.333332	139.66667	192.0	198.66667	176.33333	133.0	116.0	100.666664	96.0	95.333336	103.0	117.666664	127.0	135.66667	147.0	154.66667	154.33333	148.66667	148.66667	147.66667	141.0	134.33333	117.666664	106.666664	97.333336	71.0	39.0	21.333334	15.666667	18.0	12.0	3.6666667	1.0	1.3333334	2.3333333	
24.333334	47.333332	149.33333	202.33333	210.0	208.33333	170.33333	126.333336	113.333336	100.333336	95.666664	100.0	113.0	123.666664	131.33333	137.0	141.66667	141.0	135.0	135.33333	135.66667	128.66667	119.666664	106.0	95.333336	79.0	48.333332	25.666666	17.666666	17.0	14.666667	8.666667	4.0	3.0	2.3333333	2.6666667	
29.333334	46.0	144.0	208.33333	216.33333	217.0	212.0	159.0	124.666664	112.0	99.333336	99.666664	104.666664	114.333336	121.666664	124.0	124.666664	121.666664	116.0	116.666664	118.0	112.333336	105.666664	95.666664	78.666664	54.333332	30.666666	23.666666	20.333334	16.666666	13.333333	8.666667	5.0	4.0	3.6666667	3.3333333	
31.666666	40.666668	125.333336	211.33333	224.33333	224.33333	225.33333	217.0	166.66667	133.33333	117.333336	104.333336	96.0	98.0	105.333336	107.0	106.333336	102.666664	95.666664	94.666664	95.333336	89.666664	82.666664	71.333336	53.666668	37.0	27.666666	24.333334	20.0	18.333334	16.333334	9.666667	4.6666665	4.0	3.6666667	4.3333335	
