3.0	9.666667	21.666666	32.0	56.333332	81.333336	96.0	105.333336	114.333336	128.0	142.33333	155.66667	166.66667	174.33333	179.33333	184.66667	187.33333	189.0	188.33333	181.66667	172.66667	163.66667	156.0	146.66667	140.33333	135.33333	128.0	118.666664	111.333336	106.333336	102.0	91.0	72.666664	39.666668	16.666666	6.0	
5.6666665	18.333334	35.0	53.333332	79.0	95.666664	106.0	110.666664	116.333336	127.666664	144.0	160.33333	173.66667	182.0	189.66667	196.66667	197.66667	198.0	194.0	186.66667	176.66667	167.33333	159.33333	149.33333	141.66667	136.0	126.666664	118.0	110.0	104.0	101.333336	101.0	93.666664	63.333332	32.666668	12.666667	
13.666667	36.0	55.333332	75.0	94.666664	102.666664	111.0	113.0	116.0	125.666664	141.66667	160.33333	178.33333	190.33333	197.33333	204.66667	202.66667	201.33333	198.66667	189.33333	179.0	171.0	160.66667	150.0	141.33333	135.0	124.333336	115.333336	107.0	101.0	98.0	99.0	99.666664	80.333336	50.333332	25.666666	
23.666666	52.0	72.0	89.0	99.0	103.333336	110.0	113.0	115.666664	124.666664	140.0	157.33333	175.66667	190.0	198.66667	208.0	205.66667	202.33333	201.0	194.0	184.33333	174.0	162.33333	150.33333	140.66667	133.66667	124.0	115.666664	107.0	101.0	98.0	95.333336	96.333336	90.333336	72.0	45.333332	
35.666668	66.0	84.666664	96.0	97.666664	103.0	111.0	117.0	121.333336	128.0	139.0	152.0	167.33333	183.66667	197.0	209.0	209.66667	204.66667	202.0	199.66667	190.33333	176.0	163.66667	152.66667	142.33333	134.0	124.0	115.0	107.0	101.666664	98.0	96.0	94.333336	94.0	87.666664	64.0	
51.666668	79.666664	93.0	99.0	102.666664	105.666664	111.0	117.666664	124.0	131.0	139.0	149.66667	162.33333	179.0	194.0	205.66667	209.0	205.33333	202.66667	202.33333	193.66667	180.0	168.0	158.0	149.33333	138.66667	126.0	115.333336	106.333336	102.0	98.0	97.333336	95.666664	93.0	91.0	78.0	
67.0	89.0	97.0	101.0	107.333336	109.666664	112.666664	118.666664	126.0	130.66667	139.33333	149.33333	162.33333	177.0	191.0	202.0	208.33333	208.0	206.0	204.33333	195.66667	184.0	172.33333	161.66667	152.33333	141.66667	128.33333	117.333336	109.0	105.0	99.333336	97.666664	96.333336	93.666664	92.0	86.333336	
77.333336	92.0	100.0	104.0	110.0	111.666664	115.666664	122.666664	127.666664	133.0	143.0	153.0	165.0	179.33333	190.66667	200.33333	207.0	207.66667	206.66667	204.0	197.66667	189.33333	179.0	167.0	156.33333	144.33333	130.33333	119.666664	111.333336	107.0	101.666664	100.0	98.666664	95.0	91.0	85.333336	
81.0	93.666664	101.0	105.333336	110.666664	111.666664	117.666664	125.666664	129.66667	138.0	148.66667	159.0	171.33333	185.33333	194.0	198.66667	203.0	203.66667	199.66667	197.66667	195.66667	192.66667	188.33333	178.0	167.0	154.66667	138.33333	125.666664	117.333336	114.333336	109.0	104.333336	100.666664	94.0	88.0	82.333336	
79.333336	95.0	103.0	106.333336	110.333336	115.333336	123.666664	130.33333	133.33333	140.66667	153.0	165.0	176.0	187.0	193.0	195.33333	195.33333	193.0	191.0	192.0	192.0	190.66667	189.66667	184.66667	175.33333	162.0	143.66667	133.0	126.333336	121.333336	112.0	104.0	99.333336	94.0	85.333336	75.333336	
75.666664	92.333336	101.666664	107.0	107.333336	111.333336	123.0	132.0	139.0	148.0	158.33333	166.33333	171.0	176.33333	179.0	182.0	183.33333	181.33333	181.66667	183.66667	182.33333	179.0	173.66667	166.33333	160.66667	152.66667	140.66667	128.33333	115.666664	102.666664	87.666664	81.333336	86.0	87.0	79.666664	70.666664	
75.666664	88.666664	90.666664	88.666664	82.0	73.0	81.666664	98.333336	117.0	130.66667	142.66667	150.66667	151.33333	152.66667	155.33333	162.33333	165.66667	167.0	169.0	168.0	164.33333	158.66667	153.33333	146.0	137.66667	126.333336	109.666664	91.0	76.333336	71.666664	70.333336	72.333336	77.666664	73.333336	65.0	59.666668	
76.666664	81.333336	70.0	72.666664	81.333336	76.333336	71.333336	72.0	77.0	81.666664	94.0	108.0	116.333336	124.666664	135.66667	147.0	148.66667	153.0	155.0	151.33333	144.33333	136.33333	127.666664	111.0	92.0	82.0	74.333336	73.333336	83.333336	99.666664	108.0	108.333336	100.0	80.333336	57.0	45.0	
72.333336	71.666664	73.333336	93.0	107.333336	112.333336	112.0	110.0	99.666664	84.0	75.0	69.0	69.333336	83.333336	110.0	128.0	135.0	143.66667	147.0	141.66667	133.33333	123.333336	105.0	79.0	69.0	81.666664	94.333336	103.333336	120.0	127.0	115.666664	104.666664	96.333336	85.0	63.666668	44.0	
67.666664	68.0	77.666664	89.666664	95.333336	102.666664	113.666664	125.0	130.33333	126.0	115.666664	99.666664	86.333336	84.333336	101.666664	117.333336	128.0	138.66667	144.33333	138.0	128.66667	118.0	105.666664	93.333336	97.666664	104.666664	107.666664	109.666664	108.0	98.0	84.333336	73.333336	64.0	61.333332	56.333332	46.0	
69.0	69.0	67.333336	67.333336	66.333336	67.0	68.0	74.666664	86.0	109.666664	114.333336	112.0	110.666664	108.666664	111.666664	118.333336	126.333336	138.66667	146.0	137.33333	126.666664	117.666664	109.0	103.666664	108.666664	92.333336	80.333336	72.0	62.666668	50.666668	38.0	34.333332	34.333332	39.666668	40.0	45.333332	
72.666664	73.666664	61.0	48.333332	38.333332	28.666666	30.666666	33.0	36.666668	56.333332	58.666668	74.333336	92.333336	105.0	114.333336	119.333336	128.66667	144.66667	156.33333	146.66667	130.66667	118.666664	108.666664	100.666664	86.0	61.333332	46.666668	53.666668	55.0	54.333332	59.666668	34.666668	20.0	29.333334	39.333332	55.0	
76.333336	81.666664	73.333336	45.0	22.333334	29.333334	73.0	65.333336	63.333332	84.333336	99.333336	109.666664	80.333336	90.333336	115.666664	124.0	132.66667	149.33333	170.33333	162.0	138.33333	121.0	107.0	92.0	63.333332	80.0	94.0	86.333336	74.333336	87.0	139.66667	90.0	22.666666	24.666666	54.666668	73.666664	
78.666664	96.0	97.666664	68.333336	34.333332	47.333332	116.666664	97.0	68.333336	101.0	162.66667	177.33333	131.0	100.0	125.666664	138.0	138.33333	149.66667	179.66667	174.0	144.33333	124.0	112.0	91.333336	86.666664	148.66667	155.66667	100.666664	76.666664	107.0	139.33333	85.666664	32.0	48.0	80.666664	90.666664	
77.0	102.333336	113.333336	107.0	77.333336	43.666668	70.0	85.333336	84.666664	121.333336	158.0	140.33333	128.33333	118.0	140.33333	151.66667	145.33333	151.66667	181.0	178.0	146.66667	131.66667	124.0	104.0	115.0	132.33333	140.0	126.666664	101.666664	107.0	90.0	49.666668	57.666668	100.0	112.333336	101.0	
69.666664	99.0	120.0	129.0	117.666664	89.666664	75.666664	77.333336	91.666664	113.0	117.333336	114.666664	128.0	148.66667	156.0	157.0	149.33333	152.33333	176.0	174.0	144.66667	134.33333	133.33333	137.0	144.33333	127.0	119.0	123.333336	102.0	87.666664	75.666664	75.0	105.333336	131.0	124.0	103.333336	
65.666664	93.666664	117.333336	135.0	138.33333	128.66667	119.333336	116.333336	115.666664	123.666664	129.66667	146.66667	161.66667	167.66667	165.33333	154.33333	144.0	148.33333	168.66667	170.0	143.66667	132.33333	139.0	150.33333	161.33333	153.0	136.66667	130.0	124.333336	118.0	117.666664	122.333336	138.0	139.0	126.333336	103.333336	
63.0	88.333336	113.666664	136.0	147.33333	151.33333	150.33333	152.66667	151.33333	156.66667	165.0	174.0	177.66667	173.0	165.33333	148.66667	136.66667	144.66667	165.33333	168.0	143.33333	131.33333	136.33333	153.33333	164.33333	170.0	164.0	156.66667	150.0	149.33333	150.33333	151.0	152.66667	143.33333	125.666664	99.0	
55.0	82.0	106.0	127.0	144.66667	158.0	162.66667	165.66667	167.0	173.0	176.0	176.33333	175.66667	169.33333	159.33333	144.33333	133.33333	142.0	167.33333	167.66667	138.33333	127.0	132.0	150.66667	166.0	170.0	168.33333	167.66667	163.0	162.0	162.33333	161.0	157.0	140.0	120.666664	94.666664	
47.666668	77.333336	100.666664	120.666664	139.0	153.66667	165.0	170.33333	172.0	175.33333	177.66667	178.66667	177.0	166.33333	152.66667	136.33333	127.666664	137.66667	171.0	170.66667	132.33333	119.333336	127.333336	146.33333	165.66667	172.0	174.0	172.0	166.33333	163.0	161.0	157.66667	150.0	131.66667	115.333336	95.333336	
41.333332	71.333336	98.0	118.666664	134.33333	147.0	157.0	166.0	171.33333	174.66667	176.0	181.33333	180.33333	164.66667	145.66667	128.33333	122.0	138.33333	175.0	169.33333	126.0	111.0	119.666664	139.0	162.33333	175.0	179.33333	175.66667	166.66667	160.0	154.66667	147.33333	140.66667	126.0	113.333336	94.333336	
33.0	61.666668	91.333336	113.333336	127.666664	139.33333	150.66667	159.66667	168.33333	177.33333	181.66667	186.66667	180.0	159.0	135.33333	118.666664	116.0	137.66667	172.33333	165.33333	122.333336	105.0	111.333336	129.33333	153.0	169.0	177.66667	179.66667	170.0	159.0	151.0	142.33333	135.33333	123.333336	108.666664	85.666664	
32.333332	55.666668	79.666664	106.0	119.666664	132.33333	146.33333	156.66667	168.0	183.0	191.33333	192.0	179.33333	153.66667	128.33333	117.666664	115.666664	139.0	171.0	164.0	126.666664	105.0	107.0	118.333336	138.66667	153.33333	164.66667	175.33333	170.33333	159.33333	148.33333	138.66667	127.333336	115.333336	97.333336	68.666664	
31.333334	53.0	65.0	91.333336	111.333336	126.0	141.0	154.0	168.0	186.66667	200.0	194.0	181.33333	155.0	124.0	126.0	127.0	144.0	179.66667	179.66667	138.33333	110.666664	109.333336	114.666664	132.66667	151.66667	157.33333	165.33333	165.33333	157.0	143.33333	131.0	118.666664	106.333336	84.0	51.333332	
27.666666	56.666668	57.0	71.0	101.0	119.0	133.33333	148.33333	164.66667	186.66667	203.0	203.33333	196.33333	167.33333	125.0	132.0	136.66667	144.0	175.33333	185.66667	152.33333	123.333336	114.666664	109.0	125.333336	164.33333	168.0	161.33333	158.33333	149.66667	134.66667	122.0	110.666664	94.0	65.0	41.333332	
21.0	61.333332	61.666668	59.0	84.666664	105.666664	119.666664	135.0	152.66667	179.0	202.0	209.0	200.66667	169.33333	122.0	107.333336	106.333336	123.0	148.0	155.66667	140.0	111.0	92.333336	92.666664	119.333336	164.66667	172.33333	164.0	154.66667	139.66667	124.666664	114.0	103.666664	77.666664	44.666668	36.333332	
18.0	59.0	67.333336	56.0	65.333336	87.0	104.333336	118.333336	136.0	163.66667	188.0	195.33333	188.33333	171.0	147.33333	123.666664	107.333336	103.666664	109.333336	119.0	108.666664	90.0	92.0	110.666664	134.66667	160.33333	168.0	166.33333	151.33333	131.33333	117.666664	107.0	94.666664	59.0	36.0	40.666668	
10.0	48.666668	71.0	63.666668	55.666668	67.666664	88.333336	103.333336	119.333336	142.66667	164.66667	174.0	174.0	170.0	166.0	157.0	149.66667	140.66667	128.66667	123.0	128.33333	137.66667	141.66667	143.33333	146.0	153.66667	160.0	164.33333	147.66667	125.333336	108.333336	97.333336	78.0	44.0	40.0	46.666668	
5.3333335	37.0	75.333336	73.666664	64.666664	61.333332	76.0	92.333336	105.0	124.666664	145.33333	155.66667	160.66667	165.0	168.0	164.33333	164.66667	171.66667	175.0	170.0	171.0	171.0	153.33333	143.0	144.33333	151.33333	155.0	160.0	143.33333	119.0	99.0	85.333336	57.666668	41.0	55.333332	42.333332	
4.0	20.0	71.0	83.666664	72.333336	64.666664	74.666664	89.666664	98.333336	114.333336	134.33333	145.0	149.0	152.66667	155.33333	163.33333	173.0	178.66667	180.33333	175.0	171.66667	163.66667	148.33333	136.66667	140.33333	149.0	151.0	154.0	137.66667	113.0	93.666664	77.333336	51.0	52.666668	63.333332	31.666666	
8.666667	10.0	48.333332	84.333336	79.0	70.0	77.333336	91.333336	96.333336	107.666664	124.666664	138.33333	142.0	143.66667	146.33333	157.66667	166.33333	167.66667	168.66667	166.33333	164.0	156.66667	139.33333	123.333336	120.0	128.33333	140.66667	149.33333	134.0	109.666664	92.0	74.0	56.333332	67.0	54.0	22.666666	
8.666667	6.6666665	24.666666	73.0	88.0	72.333336	72.333336	87.0	99.0	108.0	118.0	125.333336	122.666664	127.666664	126.0	133.33333	146.0	157.0	163.33333	169.0	168.33333	157.0	142.33333	127.666664	110.666664	103.333336	112.333336	134.66667	129.66667	107.333336	88.333336	68.0	60.0	70.0	38.333332	13.666667	
5.0	3.6666667	9.0	45.666668	88.333336	82.0	71.0	81.0	100.333336	111.333336	112.666664	103.333336	91.666664	91.666664	102.333336	119.666664	145.66667	167.0	163.0	163.0	166.33333	152.33333	140.0	135.0	118.666664	95.333336	82.666664	112.0	121.333336	104.666664	80.0	59.333332	65.0	59.0	19.0	6.0	
4.6666665	2.3333333	4.3333335	17.0	64.666664	90.0	77.333336	71.666664	90.0	112.666664	119.0	107.333336	109.0	113.666664	124.666664	135.0	148.0	157.33333	142.66667	131.0	133.33333	131.66667	132.66667	133.66667	122.0	94.666664	98.0	113.666664	115.333336	93.666664	69.0	59.666668	62.0	35.0	12.666667	6.6666665	
6.0	2.6666667	3.3333333	5.3333335	29.0	71.666664	82.666664	69.666664	75.666664	102.666664	123.666664	117.0	108.666664	117.0	133.66667	156.66667	171.66667	176.66667	164.0	150.0	145.66667	154.33333	156.66667	152.66667	133.0	105.666664	102.0	115.666664	112.333336	82.0	61.666668	61.666668	42.333332	19.0	23.666666	12.0	
7.0	4.0	2.6666667	2.6666667	9.0	38.666668	74.0	76.333336	70.333336	87.666664	115.666664	127.0	111.333336	101.666664	105.0	133.33333	163.33333	188.0	201.0	192.66667	191.33333	195.66667	174.0	150.0	107.0	95.333336	111.666664	127.333336	103.333336	70.333336	62.333332	52.0	25.333334	30.333334	36.666668	15.0	
8.0	3.0	1.6666666	1.0	3.3333333	12.333333	46.666668	74.666664	71.0	76.333336	102.666664	123.666664	120.666664	106.666664	92.0	97.666664	123.0	155.66667	179.0	180.0	178.0	177.0	144.33333	104.333336	90.0	108.333336	129.66667	126.333336	91.333336	66.333336	65.0	35.666668	29.0	47.0	44.0	27.666666	
4.3333335	1.3333334	2.3333333	3.6666667	3.6666667	4.0	21.333334	58.333332	72.0	72.333336	89.666664	116.666664	127.333336	125.0	108.666664	91.666664	91.333336	110.333336	131.0	136.33333	137.0	121.666664	94.0	87.666664	109.666664	132.0	132.33333	111.333336	78.0	71.333336	52.333332	28.666666	48.0	59.666668	57.0	38.666668	
2.3333333	2.3333333	6.0	9.0	8.0	4.3333335	11.0	34.333332	61.0	72.333336	82.0	107.0	126.333336	139.66667	139.66667	131.0	117.0	103.666664	96.0	93.333336	88.666664	88.333336	102.333336	125.333336	141.66667	139.33333	120.333336	91.0	74.0	65.0	35.0	44.0	63.333332	69.0	68.333336	49.0	
4.6666665	6.0	6.3333335	7.3333335	6.0	4.0	9.666667	25.666666	43.333332	63.333332	77.666664	98.333336	119.666664	143.33333	156.33333	159.33333	159.66667	158.33333	148.66667	143.0	144.66667	155.0	163.0	159.0	145.0	129.66667	108.0	79.333336	72.0	44.666668	34.333332	62.0	73.0	80.333336	70.333336	56.0	
4.0	6.0	4.3333335	3.6666667	2.6666667	3.0	10.333333	28.0	34.333332	46.333332	63.333332	85.333336	110.0	132.33333	150.33333	164.66667	176.0	186.0	189.33333	191.33333	196.33333	191.33333	177.0	158.0	136.66667	119.0	93.333336	71.666664	51.333332	30.666666	56.333332	73.0	81.333336	83.333336	72.666664	63.666668	
2.6666667	3.3333333	2.3333333	1.6666666	1.3333334	2.0	16.333334	40.0	36.666668	38.0	42.333332	64.333336	94.666664	119.333336	137.0	155.33333	171.0	185.33333	193.33333	197.0	194.33333	180.66667	160.66667	142.66667	123.0	104.333336	80.333336	54.333332	28.333334	46.666668	72.666664	82.0	91.0	83.0	80.0	74.666664	
3.3333333	1.3333334	1.3333334	1.3333334	1.0	2.0	15.0	47.333332	52.0	41.0	37.333332	38.666668	64.0	103.0	123.0	135.33333	151.66667	168.33333	176.66667	180.66667	174.33333	158.0	138.33333	124.0	107.666664	85.333336	51.0	25.0	42.333332	70.666664	81.666664	91.333336	92.0	85.333336	84.666664	79.666664	
2.6666667	2.0	1.3333334	1.0	1.3333334	2.0	12.333333	46.0	63.666668	56.333332	47.666668	38.0	36.666668	64.666664	96.666664	112.666664	127.333336	141.33333	149.0	151.0	146.33333	132.33333	116.666664	102.0	81.333336	42.666668	17.666666	34.0	72.666664	85.333336	95.333336	98.0	92.0	90.333336	89.666664	86.666664	
