23.333334	30.666666	35.0	37.0	42.666668	54.333332	71.0	99.333336	117.0	127.333336	140.33333	144.66667	146.0	148.33333	154.0	158.66667	159.0	164.0	169.33333	171.33333	172.33333	174.0	173.0	171.66667	176.33333	182.0	178.66667	158.33333	116.0	73.333336	44.666668	29.666666	26.666666	30.333334	33.666668	38.0	
25.333334	33.333332	36.333332	36.333332	45.333332	63.0	84.333336	108.333336	121.333336	133.0	142.0	146.33333	149.33333	152.66667	158.33333	162.66667	162.0	165.0	169.0	172.66667	173.66667	175.33333	175.0	174.66667	177.66667	182.0	182.0	172.66667	143.0	96.333336	57.0	36.666668	28.666666	27.0	33.333332	36.666668	
29.0	33.333332	37.333332	39.333332	55.333332	79.333336	97.333336	113.666664	129.66667	141.33333	145.33333	148.66667	151.33333	156.0	161.33333	165.0	166.66667	167.0	167.66667	170.0	177.0	179.33333	177.33333	177.0	179.0	182.0	183.0	179.0	161.66667	127.333336	84.0	51.333332	36.0	29.333334	31.333334	36.666668	
28.666666	32.333332	37.666668	43.333332	66.333336	93.333336	106.666664	119.0	134.66667	142.0	146.33333	151.0	153.66667	157.33333	160.0	162.0	166.66667	168.66667	168.33333	172.66667	178.33333	180.33333	178.0	176.66667	178.33333	179.33333	179.33333	179.0	171.66667	156.0	121.333336	75.333336	43.0	32.666668	31.333334	37.0	
29.0	34.0	43.333332	51.666668	79.0	102.333336	110.666664	121.0	132.0	138.0	142.66667	146.0	149.0	151.33333	154.33333	157.0	165.66667	169.66667	168.33333	173.0	178.0	180.33333	177.66667	177.0	177.66667	176.0	176.33333	173.0	169.0	166.0	152.66667	113.0	63.0	36.666668	31.666666	34.333332	
30.0	38.666668	58.333332	64.666664	91.333336	108.0	116.666664	122.666664	124.666664	129.33333	135.66667	138.0	144.0	148.33333	148.66667	151.66667	162.66667	168.66667	168.33333	173.0	179.66667	180.66667	180.33333	180.66667	178.0	176.66667	174.0	169.66667	165.66667	164.0	161.0	143.0	88.333336	44.0	34.666668	34.333332	
37.0	48.333332	71.0	77.333336	103.333336	115.333336	120.0	121.333336	124.0	127.333336	131.0	134.33333	141.0	147.0	149.66667	155.66667	162.0	170.0	174.66667	177.0	183.66667	182.0	180.0	181.0	178.66667	175.66667	169.0	163.33333	151.0	145.66667	147.33333	148.66667	115.0	59.0	37.666668	35.333332	
47.333332	62.333332	81.0	98.0	112.333336	118.333336	120.333336	120.666664	127.0	131.0	129.66667	132.33333	135.66667	138.33333	138.33333	141.0	148.66667	164.33333	177.0	181.0	187.66667	183.33333	179.0	181.0	180.0	171.66667	157.0	131.33333	102.666664	90.666664	87.666664	100.666664	107.333336	69.666664	41.666668	37.666668	
54.333332	72.666664	94.0	110.666664	116.666664	117.666664	117.666664	118.0	123.0	123.333336	115.0	102.333336	93.0	85.666664	85.0	89.333336	109.0	138.0	159.66667	173.66667	188.33333	185.66667	181.0	182.0	172.33333	150.33333	121.0	87.666664	74.333336	86.333336	102.333336	109.666664	100.666664	72.666664	43.0	36.666668	
62.0	79.0	102.666664	111.666664	114.333336	114.666664	113.333336	112.0	101.0	85.0	68.666664	59.666668	61.666668	67.0	78.333336	82.666664	95.333336	124.333336	148.0	168.66667	186.0	187.66667	183.33333	180.66667	160.33333	132.66667	118.666664	111.333336	125.333336	146.0	158.0	162.33333	148.33333	104.333336	56.333332	40.666668	
67.0	80.666664	102.333336	111.0	111.333336	111.666664	110.0	95.333336	69.0	69.666664	79.333336	95.0	107.0	113.666664	122.666664	123.666664	120.0	130.33333	144.66667	165.66667	182.0	191.33333	188.66667	180.0	156.66667	140.0	138.66667	142.0	151.0	153.66667	163.0	171.0	176.66667	165.66667	126.333336	93.0	
70.666664	81.666664	98.666664	109.333336	110.333336	106.0	92.0	72.333336	82.0	115.0	136.33333	150.0	154.0	151.0	149.0	149.0	145.66667	139.0	142.66667	161.0	178.66667	189.0	188.0	178.0	157.33333	142.0	141.0	147.66667	152.66667	161.0	172.66667	178.0	183.66667	192.0	182.33333	163.0	
72.0	84.333336	97.0	106.666664	106.666664	92.0	77.333336	89.333336	125.666664	143.33333	147.33333	151.0	146.66667	144.0	156.33333	158.66667	159.33333	151.0	145.0	150.66667	169.33333	185.0	183.33333	168.0	148.0	135.33333	143.33333	168.0	171.66667	175.33333	176.33333	177.0	177.0	183.0	184.66667	171.0	
73.333336	88.0	99.0	105.666664	99.666664	76.666664	84.333336	118.333336	136.66667	141.0	146.0	147.0	128.66667	125.0	162.33333	168.33333	173.0	172.0	165.33333	159.33333	165.66667	176.33333	179.0	162.66667	138.0	145.66667	163.33333	168.33333	168.0	169.33333	171.66667	173.33333	173.33333	175.0	179.0	169.0	
75.666664	91.333336	102.666664	104.0	95.0	82.666664	102.0	125.0	132.33333	138.66667	140.33333	140.33333	118.0	104.333336	148.0	154.33333	162.0	169.66667	170.0	167.66667	174.66667	179.33333	176.33333	159.66667	150.0	174.66667	174.66667	160.0	161.0	162.33333	166.33333	172.0	170.33333	168.0	174.0	164.33333	
76.0	92.0	102.666664	104.666664	101.0	97.0	109.333336	127.0	127.666664	127.0	125.0	128.33333	111.666664	92.333336	139.66667	146.66667	149.33333	156.66667	158.0	159.66667	164.33333	163.66667	163.0	133.0	106.333336	126.0	145.33333	147.33333	150.66667	154.66667	160.0	166.33333	166.66667	163.0	170.33333	163.33333	
83.666664	97.333336	106.333336	110.666664	107.333336	96.666664	110.666664	133.0	127.0	110.333336	109.666664	115.666664	108.0	91.333336	137.33333	141.66667	136.0	137.0	139.33333	140.66667	144.66667	148.66667	169.66667	145.33333	110.333336	98.666664	122.0	133.0	141.33333	148.33333	154.0	159.66667	165.66667	168.33333	172.33333	170.0	
91.0	99.0	107.333336	112.0	111.666664	102.333336	112.0	163.0	136.33333	93.333336	92.0	93.0	97.0	87.666664	122.666664	129.33333	128.0	125.666664	122.333336	120.0	125.666664	137.0	165.0	163.33333	119.333336	85.333336	86.0	107.333336	125.0	136.66667	147.66667	158.33333	167.33333	174.0	175.66667	169.0	
85.0	82.333336	77.0	82.666664	98.666664	99.666664	87.0	122.333336	101.333336	58.333332	57.0	64.666664	75.0	78.333336	96.0	103.666664	108.0	106.666664	98.666664	88.333336	87.0	116.333336	153.33333	172.0	145.33333	99.333336	79.333336	88.666664	100.666664	111.0	122.333336	135.33333	145.0	160.0	165.0	163.33333	
50.0	46.666668	53.333332	73.0	86.333336	87.333336	73.333336	68.333336	57.666668	50.666668	55.666668	63.333332	72.0	80.666664	88.0	93.0	95.0	97.666664	97.666664	95.666664	96.333336	115.0	144.33333	170.66667	173.33333	139.66667	110.666664	100.666664	100.333336	105.666664	111.0	120.0	131.66667	149.0	161.33333	167.33333	
76.0	82.666664	89.333336	92.0	94.666664	93.666664	82.666664	65.333336	65.0	68.333336	71.666664	77.333336	84.666664	94.333336	103.0	105.0	104.0	103.0	110.0	112.333336	116.666664	127.0	142.66667	166.33333	185.0	177.0	152.0	143.0	132.66667	124.0	120.0	130.0	144.66667	163.0	178.33333	189.0	
95.333336	102.333336	107.666664	109.0	109.333336	107.333336	104.666664	88.0	82.333336	83.333336	89.0	93.0	99.0	105.0	108.666664	108.333336	111.0	117.333336	132.66667	133.66667	137.0	139.0	142.0	159.33333	179.0	189.66667	184.0	177.0	169.66667	161.0	154.66667	161.0	171.0	185.66667	192.0	199.66667	
91.333336	101.333336	108.333336	112.333336	116.333336	116.0	113.666664	110.666664	107.333336	106.0	110.333336	115.666664	119.666664	123.0	124.333336	124.333336	135.33333	143.66667	154.33333	149.0	142.66667	140.0	139.33333	153.33333	174.66667	180.66667	190.66667	190.66667	187.0	183.33333	179.33333	178.66667	185.0	194.33333	198.33333	203.66667	
86.333336	96.666664	106.0	113.0	118.333336	123.0	125.666664	125.0	126.0	129.0	132.33333	138.33333	144.66667	148.0	149.66667	153.0	160.0	163.0	162.0	150.33333	136.66667	133.66667	136.33333	151.33333	167.66667	178.33333	186.66667	191.33333	189.66667	187.66667	186.66667	187.33333	190.66667	195.66667	204.33333	209.33333	
81.0	91.333336	102.333336	110.333336	118.0	126.333336	132.66667	137.0	141.0	146.33333	151.66667	159.66667	164.66667	166.33333	168.0	171.33333	171.33333	170.66667	165.0	138.66667	121.0	125.0	132.33333	148.33333	167.0	180.66667	189.66667	189.33333	183.66667	188.66667	191.66667	193.0	193.66667	199.0	206.0	210.0	
77.0	88.333336	99.666664	107.333336	115.666664	124.666664	134.33333	141.33333	146.33333	150.0	156.33333	163.33333	168.33333	171.66667	177.66667	180.33333	178.0	172.66667	152.66667	118.0	120.0	129.33333	135.0	146.33333	166.66667	186.0	195.66667	199.33333	186.66667	184.33333	189.66667	192.33333	195.66667	201.66667	208.0	210.66667	
75.666664	88.333336	98.333336	105.666664	112.666664	120.333336	130.66667	138.0	144.33333	148.66667	153.0	159.66667	167.33333	174.0	184.0	185.33333	183.66667	171.66667	127.666664	110.0	132.33333	147.0	147.33333	144.66667	160.0	181.33333	193.66667	195.33333	191.33333	184.0	181.0	191.33333	196.66667	202.33333	207.33333	209.33333	
75.0	88.666664	97.333336	104.0	111.666664	116.666664	124.333336	132.0	138.66667	145.33333	150.66667	157.66667	167.0	175.0	183.0	184.0	183.0	157.0	104.666664	107.666664	136.0	132.33333	115.333336	122.666664	144.0	167.33333	175.66667	140.0	142.33333	174.66667	169.66667	183.0	194.0	200.0	206.0	208.33333	
71.666664	85.666664	94.333336	101.333336	109.0	113.666664	119.0	126.333336	135.0	139.66667	146.0	154.33333	163.66667	172.0	179.33333	182.66667	179.33333	147.0	100.666664	102.666664	118.0	75.0	52.0	73.333336	119.333336	155.66667	148.0	106.666664	129.33333	168.0	166.33333	173.33333	187.33333	196.33333	203.33333	207.33333	
70.333336	83.666664	92.0	98.666664	107.333336	112.666664	116.0	122.666664	130.33333	134.66667	141.33333	150.66667	159.66667	168.66667	176.66667	182.33333	179.66667	156.0	128.0	114.333336	121.666664	107.666664	94.666664	86.666664	110.333336	145.33333	154.66667	154.33333	166.33333	179.66667	173.33333	165.33333	178.66667	192.66667	200.0	205.0	
70.666664	83.333336	91.666664	98.0	104.666664	111.666664	116.666664	120.0	124.333336	129.0	136.66667	146.0	155.33333	165.66667	174.33333	179.33333	176.33333	163.0	152.0	141.0	138.0	138.33333	139.33333	137.0	140.66667	151.66667	167.0	174.66667	181.0	189.0	184.66667	172.33333	172.66667	187.66667	198.66667	204.66667	
71.333336	83.333336	90.333336	99.0	104.666664	112.0	117.333336	118.666664	119.666664	124.666664	131.66667	140.66667	151.33333	162.33333	172.33333	177.0	169.33333	161.0	154.33333	149.0	146.0	146.33333	148.0	156.0	166.66667	167.0	169.33333	179.66667	185.33333	190.0	191.0	183.0	176.66667	184.66667	198.66667	204.66667	
74.0	86.0	90.666664	98.0	106.666664	114.333336	119.333336	118.0	120.666664	124.666664	129.33333	138.33333	148.33333	158.0	170.33333	172.0	160.0	153.33333	146.66667	143.66667	148.66667	148.66667	148.0	152.33333	162.66667	165.33333	168.0	179.0	186.33333	190.0	189.33333	185.33333	180.33333	184.0	196.0	202.66667	
76.0	87.666664	94.333336	101.0	108.666664	116.333336	119.0	118.333336	120.333336	124.0	129.33333	137.66667	146.33333	155.66667	166.0	161.0	146.33333	142.33333	137.33333	140.0	144.0	142.33333	139.33333	139.33333	145.33333	151.33333	161.0	171.33333	181.0	186.33333	186.0	182.33333	177.66667	180.33333	193.66667	203.66667	
81.0	89.0	97.0	103.666664	110.333336	116.0	118.666664	119.333336	121.666664	125.333336	130.33333	137.33333	144.33333	153.0	160.33333	149.66667	131.66667	130.66667	128.33333	129.33333	128.66667	121.666664	119.333336	123.0	130.0	136.33333	149.0	160.66667	164.0	160.66667	170.66667	175.33333	171.66667	178.33333	191.66667	200.0	
85.333336	89.333336	95.333336	102.666664	110.666664	116.0	118.666664	121.666664	125.0	127.333336	132.0	138.66667	143.0	151.33333	159.66667	145.33333	124.0	122.666664	115.333336	104.333336	98.666664	99.333336	101.333336	107.666664	120.0	126.666664	136.33333	146.66667	150.66667	142.66667	137.33333	155.66667	162.33333	176.33333	190.66667	198.33333	
87.666664	89.333336	95.0	102.666664	108.666664	116.666664	119.0	123.333336	127.0	129.33333	133.33333	139.0	143.0	149.66667	159.33333	147.0	124.0	113.333336	89.0	78.333336	88.666664	96.333336	95.333336	105.333336	123.0	129.0	137.0	151.0	161.0	160.0	152.0	157.33333	160.0	175.33333	191.33333	201.33333	
92.0	92.0	96.666664	101.333336	105.666664	113.666664	117.333336	123.0	127.666664	130.66667	133.66667	138.33333	143.33333	148.33333	156.66667	151.33333	131.33333	109.333336	88.0	85.666664	99.333336	105.0	110.0	118.333336	136.33333	145.33333	152.0	167.33333	178.66667	182.33333	185.66667	185.33333	176.0	181.33333	192.33333	199.0	
94.666664	94.333336	96.666664	100.0	103.333336	110.333336	116.333336	123.0	128.66667	133.33333	134.33333	135.33333	140.0	145.0	154.33333	154.66667	141.66667	128.33333	121.666664	119.0	120.333336	119.0	121.333336	125.666664	139.0	150.33333	159.33333	167.33333	180.0	190.33333	193.33333	193.66667	186.66667	186.0	190.66667	196.33333	
93.666664	94.333336	95.666664	99.0	101.0	105.666664	113.0	120.0	126.333336	132.33333	132.66667	131.66667	133.66667	139.33333	148.33333	149.33333	134.33333	130.33333	135.0	135.0	134.66667	137.0	136.66667	138.0	152.66667	160.66667	166.0	171.66667	183.66667	194.0	195.0	194.0	191.33333	186.66667	191.0	196.66667	
91.0	91.0	92.666664	95.666664	97.666664	100.333336	107.0	114.666664	120.333336	127.333336	130.33333	131.33333	132.66667	133.0	138.33333	140.33333	127.333336	126.0	132.33333	135.0	137.66667	140.0	130.0	127.666664	158.33333	172.0	172.0	176.33333	186.66667	195.0	195.33333	196.33333	197.0	188.0	186.33333	186.33333	
86.666664	86.0	87.0	91.0	94.333336	94.666664	98.666664	108.666664	115.0	121.0	127.0	131.0	130.66667	128.0	132.0	137.33333	132.0	127.333336	129.33333	132.33333	137.0	138.0	122.333336	122.0	158.33333	177.66667	182.0	183.66667	190.66667	197.0	198.66667	201.33333	201.33333	190.66667	186.66667	181.0	
82.0	82.0	83.333336	87.333336	90.333336	91.666664	93.666664	100.666664	107.0	112.666664	120.333336	125.333336	125.0	123.333336	125.666664	129.66667	129.66667	128.0	129.66667	131.0	135.33333	142.33333	145.33333	149.0	165.66667	179.33333	187.33333	190.0	196.33333	202.66667	203.66667	202.0	199.0	194.33333	204.0	192.33333	
75.0	78.333336	78.0	81.0	85.333336	88.666664	90.666664	94.0	98.0	104.333336	112.333336	118.333336	119.333336	116.0	116.333336	121.333336	125.666664	127.666664	128.33333	130.0	134.66667	142.33333	151.33333	161.66667	171.66667	181.33333	188.66667	192.33333	198.33333	203.0	203.0	201.0	198.66667	205.66667	229.66667	225.33333	
62.666668	69.666664	71.666664	72.666664	75.333336	80.0	86.0	88.0	89.666664	95.666664	104.666664	113.333336	114.333336	111.333336	109.666664	113.0	119.333336	122.666664	124.333336	125.0	130.0	137.66667	149.0	161.0	170.66667	179.33333	188.0	190.0	194.33333	199.33333	199.0	199.0	207.66667	232.0	245.33333	239.0	
50.333332	58.666668	66.333336	68.0	68.0	70.0	76.333336	79.666664	81.333336	86.333336	96.0	106.0	111.0	110.0	104.333336	101.0	106.0	111.666664	114.333336	117.0	122.333336	130.33333	140.66667	152.66667	163.66667	173.0	179.66667	184.66667	188.33333	193.66667	196.0	200.0	227.0	247.66667	246.0	246.0	
40.333332	44.333332	55.666668	64.0	63.333332	62.0	62.666668	66.0	68.333336	71.0	78.0	87.0	94.666664	99.666664	98.333336	90.333336	88.0	92.333336	97.666664	102.666664	109.666664	117.333336	126.333336	137.0	150.66667	160.66667	170.0	179.0	182.33333	187.0	190.66667	206.0	234.33333	246.66667	246.33333	243.33333	
42.666668	38.666668	39.333332	48.0	57.333332	62.666668	59.0	55.666668	55.0	56.0	58.666668	63.0	71.0	78.0	80.666664	77.0	71.666664	70.0	72.666664	77.333336	86.333336	98.0	108.0	119.333336	134.66667	144.66667	157.66667	169.0	171.0	169.0	165.66667	208.66667	230.66667	236.0	236.33333	231.66667	
48.0	46.333332	42.666668	38.666668	41.666668	50.666668	59.0	61.666668	57.333332	53.333332	52.333332	52.666668	53.333332	56.666668	61.0	62.0	61.0	60.333332	59.666668	60.333332	66.333336	75.0	84.666664	96.0	108.666664	117.0	126.666664	146.33333	149.33333	100.333336	64.0	129.66667	216.33333	227.66667	227.0	230.0	
