44.666668	58.666668	53.333332	55.333332	69.666664	87.0	100.666664	114.0	134.0	134.66667	122.333336	121.333336	129.66667	134.33333	139.66667	142.66667	145.33333	150.0	154.66667	153.66667	151.33333	152.66667	153.66667	153.66667	148.66667	139.66667	134.0	128.0	118.333336	101.666664	85.666664	77.666664	78.666664	68.0	64.333336	45.333332	
43.333332	42.0	39.666668	55.333332	77.666664	101.666664	114.666664	123.333336	133.33333	130.33333	121.0	122.666664	128.0	130.66667	136.0	141.0	144.0	147.0	154.0	158.0	158.0	159.66667	160.66667	158.33333	151.33333	142.0	132.66667	128.0	123.0	113.666664	101.333336	93.0	94.333336	86.666664	77.666664	56.0	
32.333332	28.333334	35.666668	58.333332	84.0	100.0	107.666664	117.333336	129.33333	125.333336	118.0	122.333336	127.333336	130.0	134.0	139.33333	145.66667	151.33333	160.0	168.0	170.0	167.0	169.33333	164.66667	157.66667	150.33333	138.33333	131.0	127.333336	122.0	113.0	105.0	100.0	93.666664	85.666664	67.0	
26.666666	28.333334	42.333332	64.333336	86.333336	99.0	106.333336	115.0	125.333336	122.666664	117.0	118.666664	122.333336	125.666664	131.66667	137.33333	145.0	154.66667	164.66667	169.0	170.33333	170.66667	170.33333	165.33333	161.66667	153.33333	139.0	130.66667	127.333336	124.333336	118.333336	110.666664	105.0	95.333336	87.666664	75.0	
25.333334	30.333334	46.333332	64.0	79.666664	94.666664	107.333336	114.0	120.666664	121.0	116.0	113.666664	118.0	122.333336	130.0	135.66667	143.66667	154.0	165.0	168.66667	171.0	177.66667	175.66667	171.0	167.0	153.33333	140.33333	131.66667	130.33333	128.33333	123.666664	116.666664	109.333336	98.333336	90.666664	79.666664	
26.666666	31.0	44.666668	62.666668	80.0	92.333336	104.333336	112.666664	116.0	116.666664	114.0	110.666664	115.333336	120.333336	128.0	134.33333	142.66667	152.33333	160.33333	166.66667	174.66667	180.33333	179.33333	174.0	166.0	156.33333	148.33333	140.0	138.33333	132.66667	128.33333	121.333336	114.666664	100.333336	92.333336	84.0	
25.666666	32.666668	44.666668	62.333332	78.333336	86.333336	97.333336	109.0	113.666664	113.666664	114.666664	112.666664	116.333336	121.333336	126.666664	135.66667	144.33333	150.33333	154.66667	162.66667	174.33333	178.33333	180.33333	173.33333	162.0	156.0	146.66667	140.33333	139.66667	131.66667	128.0	126.0	119.666664	102.666664	95.666664	86.666664	
27.333334	35.666668	46.333332	55.666668	68.666664	84.0	102.0	111.666664	112.0	113.0	114.333336	113.333336	115.0	120.666664	128.0	138.66667	148.33333	152.0	154.0	161.66667	170.0	173.66667	175.66667	173.0	162.0	153.66667	142.66667	138.66667	140.0	131.33333	127.333336	126.666664	117.333336	105.666664	98.333336	85.666664	
31.666666	43.0	51.666668	59.333332	72.666664	89.0	104.666664	113.666664	115.666664	115.666664	113.666664	115.666664	116.666664	121.666664	130.66667	144.0	155.0	156.0	156.66667	160.66667	163.0	163.33333	164.33333	163.0	155.0	146.66667	140.33333	139.0	142.0	134.33333	126.333336	124.333336	115.666664	106.0	98.0	86.0	
34.666668	49.666668	58.0	69.666664	85.333336	100.666664	111.666664	117.666664	118.666664	115.0	112.333336	116.666664	118.666664	122.333336	129.66667	142.0	156.33333	161.0	163.0	167.0	167.0	165.33333	162.0	157.33333	150.0	143.33333	141.0	140.33333	141.0	134.0	126.333336	123.666664	116.333336	108.0	99.333336	88.333336	
37.0	47.666668	62.666668	84.333336	103.666664	115.333336	117.0	119.333336	119.333336	114.666664	111.0	115.666664	117.333336	122.0	131.0	142.0	157.66667	169.33333	171.0	170.66667	169.0	170.33333	166.33333	158.33333	151.66667	146.33333	143.33333	141.33333	139.33333	136.33333	133.0	127.666664	118.0	110.333336	100.333336	89.666664	
40.333332	41.333332	59.333332	89.666664	111.0	118.333336	115.666664	117.666664	118.333336	115.0	111.0	115.333336	117.333336	124.666664	133.66667	141.66667	151.33333	165.66667	178.33333	186.0	187.33333	182.33333	172.0	161.66667	159.33333	155.33333	149.33333	145.0	142.66667	144.33333	142.33333	135.33333	129.33333	119.333336	110.666664	102.0	
31.666666	35.0	49.0	82.333336	107.333336	115.0	116.333336	117.0	119.0	116.666664	112.333336	113.333336	113.666664	118.333336	125.0	129.66667	132.33333	135.0	137.33333	144.33333	158.0	172.66667	175.0	168.66667	169.66667	166.0	155.33333	150.0	153.33333	158.0	154.0	148.66667	147.33333	137.33333	133.33333	121.666664	
25.333334	26.333334	34.333332	67.0	100.0	113.0	116.666664	117.333336	117.666664	119.666664	119.333336	109.333336	105.666664	111.666664	119.666664	124.666664	119.666664	111.666664	95.333336	86.0	93.0	111.333336	135.66667	157.33333	171.33333	170.33333	159.66667	153.33333	158.0	163.0	161.0	160.33333	157.66667	149.0	133.0	114.666664	
25.0	22.666666	23.333334	33.0	56.0	85.666664	107.666664	119.0	125.666664	123.666664	119.666664	110.666664	117.666664	127.0	134.33333	142.33333	140.66667	140.66667	131.0	112.0	90.666664	78.666664	87.0	113.666664	144.33333	165.33333	163.33333	152.0	154.33333	161.0	163.33333	156.0	141.0	118.0	94.666664	82.0	
34.666668	32.333332	29.0	26.333334	24.666666	29.666666	49.333332	75.666664	107.333336	122.333336	127.666664	126.666664	132.66667	137.66667	140.0	145.0	142.33333	141.33333	146.66667	144.0	130.33333	111.0	107.666664	118.0	132.0	155.0	158.66667	153.0	155.66667	155.66667	146.66667	119.666664	93.0	76.0	67.0	61.0	
44.666668	61.0	65.333336	56.666668	44.333332	33.0	30.666666	31.666666	40.666668	62.0	91.666664	110.666664	115.0	117.333336	118.666664	118.333336	121.666664	121.333336	124.0	133.33333	138.0	127.666664	123.0	130.0	141.33333	156.0	159.0	159.0	153.66667	142.33333	116.666664	89.333336	82.666664	88.0	88.0	78.0	
53.0	76.666664	99.0	104.333336	89.666664	64.333336	54.333332	61.333332	64.666664	43.666668	38.333332	60.0	67.0	51.333332	49.666668	63.666668	81.333336	79.333336	76.0	81.333336	95.0	100.666664	102.333336	112.333336	137.33333	161.66667	165.33333	160.0	142.0	110.333336	82.333336	83.333336	93.666664	98.666664	95.333336	84.666664	
66.666664	84.333336	106.666664	118.333336	121.666664	108.0	78.333336	74.0	111.666664	121.333336	91.333336	59.666668	55.0	31.0	52.666668	82.0	89.0	83.333336	77.666664	93.666664	98.0	86.666664	78.0	78.333336	110.0	152.33333	173.0	159.66667	110.333336	72.0	69.0	69.333336	69.666664	69.333336	65.666664	63.333332	
72.0	85.333336	106.666664	119.333336	130.33333	136.33333	118.666664	82.666664	84.666664	135.66667	149.0	106.0	45.333332	58.333332	146.0	153.0	133.33333	124.333336	103.0	126.666664	123.0	123.666664	126.333336	109.666664	85.666664	107.0	144.33333	127.666664	74.0	48.666668	53.0	43.333332	45.0	61.333332	45.666668	44.333332	
79.666664	89.333336	107.333336	119.666664	129.66667	135.66667	138.33333	121.333336	82.333336	98.666664	133.33333	118.0	54.0	82.0	157.0	138.66667	123.666664	139.33333	104.666664	115.0	115.333336	124.666664	138.33333	124.666664	87.333336	49.0	54.0	49.666668	30.666666	59.666668	113.0	83.666664	82.0	104.0	69.666664	62.0	
90.666664	99.666664	110.333336	119.666664	126.0	132.33333	143.0	146.66667	121.333336	75.0	74.0	73.333336	50.333332	77.333336	120.0	138.33333	138.66667	138.66667	130.33333	122.333336	115.666664	113.333336	129.33333	131.33333	97.333336	48.0	54.0	50.666668	30.666666	105.666664	170.0	108.0	91.0	107.666664	88.666664	84.666664	
97.333336	106.666664	115.0	120.666664	125.666664	130.0	137.66667	148.33333	154.66667	120.333336	67.666664	54.333332	53.0	95.333336	144.33333	153.66667	152.33333	151.66667	152.33333	151.33333	147.33333	154.0	169.66667	154.33333	89.0	93.333336	146.33333	128.0	60.666668	81.666664	126.0	105.666664	95.666664	83.666664	77.0	102.333336	
93.0	108.666664	119.333336	123.666664	127.333336	132.0	136.33333	146.66667	155.33333	164.0	130.66667	79.0	62.333332	104.666664	151.0	157.66667	159.0	159.0	155.33333	150.33333	157.0	178.66667	175.0	123.333336	88.0	136.66667	172.0	149.66667	80.666664	91.666664	129.33333	130.33333	123.333336	99.0	78.0	101.333336	
93.0	108.333336	119.333336	123.666664	128.66667	133.33333	137.66667	143.33333	149.66667	161.33333	168.66667	126.666664	105.333336	104.333336	125.333336	146.66667	149.66667	148.0	145.33333	156.0	176.66667	181.66667	142.0	95.0	128.0	158.0	170.66667	157.0	92.333336	95.666664	133.66667	130.33333	122.333336	104.0	80.666664	103.333336	
96.666664	106.666664	118.333336	124.0	128.66667	133.66667	138.33333	143.33333	148.66667	155.33333	164.0	139.66667	131.33333	140.66667	129.33333	128.0	127.333336	128.66667	136.66667	145.0	143.33333	119.666664	103.0	124.333336	158.33333	159.33333	172.0	168.66667	111.333336	79.666664	122.333336	126.0	117.0	98.0	87.666664	109.666664	
101.0	107.666664	119.333336	122.666664	126.333336	130.66667	139.66667	143.66667	148.0	153.66667	158.0	144.66667	120.0	135.0	146.0	145.0	140.66667	130.66667	116.0	98.333336	86.0	90.666664	128.66667	156.66667	159.33333	158.66667	171.66667	179.33333	133.66667	90.333336	93.666664	108.666664	106.333336	92.666664	91.333336	113.333336	
102.0	107.333336	116.666664	121.333336	124.666664	128.33333	139.33333	145.66667	146.66667	150.0	154.0	153.0	130.0	110.0	112.0	117.0	120.666664	121.666664	118.333336	118.666664	130.0	141.66667	152.66667	156.66667	155.66667	156.33333	165.0	181.33333	144.33333	105.333336	92.666664	93.333336	85.0	71.0	74.666664	104.0	
101.333336	106.0	114.666664	119.333336	123.666664	128.33333	136.66667	143.0	143.66667	147.0	151.33333	152.66667	155.33333	151.0	153.0	156.66667	162.66667	169.33333	171.0	168.66667	167.33333	154.33333	149.0	163.0	160.66667	153.0	159.33333	179.0	149.0	130.66667	113.333336	96.666664	86.666664	75.333336	84.666664	129.66667	
100.666664	106.0	115.666664	119.0	123.0	128.0	132.33333	136.66667	139.0	143.66667	147.66667	148.66667	154.33333	159.33333	166.66667	172.66667	175.66667	178.66667	178.33333	173.66667	169.0	151.66667	151.66667	171.0	168.66667	152.33333	160.0	183.33333	156.66667	138.0	150.66667	125.666664	93.0	73.0	94.666664	141.0	
100.666664	105.666664	115.333336	120.333336	124.333336	126.333336	127.666664	132.33333	135.66667	137.66667	142.0	144.33333	149.66667	157.0	163.33333	169.33333	168.0	171.66667	173.66667	173.33333	179.66667	153.33333	138.66667	138.33333	150.66667	153.33333	162.0	178.66667	159.0	136.33333	153.33333	139.33333	112.0	83.333336	112.666664	142.33333	
102.666664	103.666664	112.0	121.333336	126.0	126.0	126.333336	131.66667	134.33333	134.66667	137.33333	142.0	147.66667	156.0	163.0	169.66667	169.33333	171.66667	172.33333	176.66667	189.33333	162.0	124.0	89.0	82.0	105.666664	132.66667	146.33333	137.33333	135.66667	152.0	132.33333	110.666664	94.333336	125.333336	140.33333	
104.333336	104.666664	112.0	122.333336	127.0	126.333336	126.666664	129.66667	132.33333	133.33333	131.66667	134.66667	143.66667	155.0	162.0	168.0	170.33333	173.66667	176.33333	184.0	191.33333	179.0	157.66667	131.0	88.333336	70.0	79.0	79.333336	80.333336	123.333336	150.33333	129.33333	106.0	99.0	126.0	135.66667	
104.0	105.333336	112.333336	121.666664	125.0	125.0	125.0	127.0	132.0	136.0	135.33333	136.66667	140.0	148.33333	159.0	166.66667	172.66667	176.33333	182.0	188.0	186.33333	170.0	155.66667	134.66667	113.666664	90.333336	59.0	42.333332	50.666668	121.0	147.66667	124.0	97.666664	98.333336	126.666664	133.66667	
103.666664	102.666664	108.0	118.666664	126.0	127.0	125.666664	126.333336	131.66667	136.0	136.33333	136.66667	138.33333	137.33333	143.33333	163.33333	177.0	179.33333	181.0	183.33333	174.66667	160.66667	143.0	119.0	115.666664	105.0	84.333336	68.666664	64.0	122.333336	142.66667	116.666664	90.333336	99.666664	124.0	132.0	
102.666664	102.0	105.333336	115.333336	124.666664	128.0	129.0	128.66667	130.66667	132.66667	132.66667	134.33333	137.0	137.33333	143.0	162.0	173.66667	177.0	174.0	171.0	163.33333	152.0	132.33333	123.0	117.333336	102.333336	102.0	97.666664	84.0	118.0	133.0	107.333336	88.666664	99.0	116.333336	128.33333	
101.666664	102.0	104.666664	111.333336	119.666664	124.333336	127.0	129.66667	131.66667	133.66667	135.33333	135.66667	137.33333	145.66667	155.33333	161.66667	164.0	166.0	163.33333	158.33333	150.0	138.0	126.333336	130.66667	133.33333	120.333336	120.0	111.0	92.0	111.0	118.666664	95.333336	88.666664	95.333336	111.666664	127.333336	
99.666664	99.333336	102.0	108.0	115.333336	120.666664	125.0	129.0	132.33333	136.66667	137.66667	137.0	140.33333	150.0	156.0	155.33333	152.66667	156.0	154.66667	154.66667	147.0	136.0	134.0	140.0	141.66667	139.66667	130.66667	113.0	99.333336	104.666664	100.666664	85.333336	89.0	91.0	108.666664	125.666664	
100.333336	99.0	100.333336	106.666664	114.666664	119.666664	123.666664	128.66667	133.66667	137.33333	137.66667	140.0	145.0	154.33333	155.0	150.0	144.33333	146.33333	143.0	149.66667	146.0	134.66667	125.333336	116.666664	109.0	106.0	95.0	87.0	89.666664	95.333336	83.333336	78.333336	89.0	89.0	104.0	124.333336	
102.333336	99.666664	100.333336	105.333336	113.0	119.666664	125.333336	128.0	131.66667	136.33333	137.0	138.66667	143.0	152.33333	154.66667	152.33333	144.0	141.66667	135.0	133.66667	126.0	116.333336	108.0	101.666664	91.0	85.333336	87.333336	72.666664	76.666664	87.666664	75.333336	78.333336	91.666664	87.0	99.333336	122.333336	
101.666664	100.333336	98.666664	102.0	108.666664	116.666664	124.666664	127.0	128.0	132.0	133.66667	134.66667	137.0	145.66667	148.66667	147.0	138.66667	137.0	133.33333	135.66667	135.0	135.66667	139.33333	138.33333	136.0	132.0	126.0	102.0	88.666664	85.333336	75.0	79.0	92.666664	84.333336	95.333336	119.666664	
100.333336	98.666664	96.0	99.666664	105.333336	112.333336	120.333336	124.333336	124.666664	126.666664	128.66667	131.66667	133.66667	139.33333	136.0	134.0	135.66667	139.66667	148.66667	144.0	134.66667	132.33333	134.66667	129.66667	127.333336	124.666664	120.333336	112.0	98.333336	81.0	77.333336	82.333336	91.333336	81.0	89.666664	114.666664	
99.0	95.0	92.666664	97.333336	103.333336	109.333336	114.666664	118.666664	120.333336	123.666664	127.0	126.333336	124.333336	131.33333	127.0	129.33333	137.0	141.33333	148.0	149.33333	139.66667	122.666664	122.0	113.333336	92.666664	93.0	104.333336	105.666664	90.0	76.333336	78.666664	86.666664	91.666664	77.666664	85.333336	111.0	
102.333336	91.333336	87.0	88.0	92.333336	103.333336	110.333336	114.333336	119.0	125.0	129.33333	117.666664	115.333336	116.0	115.0	118.0	125.0	129.33333	132.66667	138.33333	145.33333	126.0	100.666664	75.333336	63.333332	64.333336	67.333336	79.333336	79.0	82.0	80.333336	87.333336	92.333336	76.333336	81.0	109.666664	
109.666664	92.666664	82.333336	77.666664	79.333336	91.666664	104.666664	112.333336	120.333336	125.666664	126.666664	112.0	109.666664	100.0	96.333336	99.0	105.0	114.0	120.333336	125.0	138.0	128.33333	92.0	64.333336	65.666664	63.666668	66.0	74.333336	85.666664	111.0	88.333336	83.333336	90.0	75.0	74.666664	106.666664	
117.0	100.333336	83.0	75.0	73.666664	79.666664	93.666664	106.333336	115.333336	120.0	116.0	112.333336	104.666664	96.0	90.333336	91.333336	95.0	102.333336	111.0	117.333336	128.33333	131.0	111.333336	95.0	91.666664	85.0	82.333336	71.333336	99.0	129.66667	102.333336	84.333336	89.666664	75.333336	71.333336	102.0	
117.0	104.0	86.666664	76.0	71.333336	72.0	79.666664	93.333336	103.0	111.333336	107.333336	104.333336	93.333336	88.666664	92.333336	98.0	101.666664	102.0	107.0	119.0	138.33333	138.0	127.333336	120.333336	111.666664	95.0	80.666664	72.333336	115.333336	135.0	120.333336	97.0	90.0	73.666664	66.0	96.666664	
114.0	106.0	92.666664	81.0	72.666664	68.666664	68.0	78.0	89.333336	97.333336	94.333336	92.0	82.333336	82.666664	92.0	98.333336	107.666664	107.333336	112.333336	124.666664	136.66667	132.0	123.0	119.0	106.666664	89.0	72.0	73.333336	117.333336	137.0	130.66667	113.0	95.333336	70.0	60.333332	92.666664	
113.0	109.333336	100.666664	89.333336	77.0	69.333336	63.333332	67.666664	75.333336	82.666664	83.333336	84.666664	77.666664	80.666664	89.666664	96.666664	109.333336	108.333336	110.0	112.666664	119.333336	124.0	118.333336	116.0	102.333336	81.0	61.0	69.333336	103.666664	132.0	134.0	124.0	112.0	77.0	57.666668	88.666664	
