108.666664	159.66667	198.0	206.33333	201.66667	193.66667	192.66667	188.0	177.33333	128.33333	89.666664	81.666664	75.333336	67.666664	75.333336	88.333336	89.333336	65.333336	72.0	87.666664	91.666664	91.0	98.666664	104.0	107.0	111.0	116.666664	125.0	134.0	139.66667	141.0	142.0	134.66667	106.666664	57.333332	28.333334	
110.333336	162.66667	197.66667	204.33333	201.66667	199.0	199.0	198.33333	187.66667	159.0	136.33333	119.333336	105.333336	90.333336	94.333336	100.666664	93.0	76.0	75.333336	95.666664	108.666664	107.666664	111.0	115.333336	116.333336	118.666664	123.666664	130.66667	135.66667	138.66667	141.0	142.0	135.0	108.333336	58.0	25.0	
119.0	166.66667	194.33333	202.0	202.0	198.66667	196.0	200.33333	194.66667	185.0	174.33333	155.33333	142.0	134.0	127.666664	117.666664	108.0	100.333336	93.666664	106.666664	118.666664	119.0	119.0	122.0	124.0	124.333336	127.333336	133.0	135.0	138.0	139.0	138.66667	133.33333	112.0	64.0	26.0	
127.333336	169.0	192.66667	198.33333	198.66667	197.33333	196.33333	198.33333	193.0	184.66667	176.0	164.0	155.0	145.66667	139.33333	131.66667	125.666664	121.333336	118.333336	117.666664	118.666664	119.666664	121.666664	122.666664	124.666664	128.0	129.66667	130.66667	131.0	134.33333	135.66667	136.66667	132.66667	113.333336	72.666664	34.0	
129.66667	165.0	188.66667	193.33333	198.66667	198.33333	193.33333	188.66667	181.33333	173.33333	165.33333	158.0	151.0	145.0	137.66667	128.0	123.333336	123.666664	122.333336	117.666664	114.666664	115.666664	118.0	117.333336	117.666664	123.666664	125.333336	126.333336	127.0	128.66667	129.66667	131.66667	131.66667	119.0	83.333336	46.666668	
135.66667	164.66667	187.66667	192.66667	193.66667	194.33333	189.66667	186.33333	175.33333	162.66667	154.66667	153.0	151.0	142.66667	133.0	125.0	123.666664	126.333336	122.333336	119.333336	116.666664	114.0	112.666664	113.666664	117.0	123.666664	125.333336	128.0	132.0	132.66667	130.33333	128.33333	130.33333	126.0	99.666664	67.333336	
159.66667	179.33333	193.33333	193.66667	193.66667	193.0	190.66667	191.0	183.66667	172.66667	162.66667	158.33333	154.66667	145.33333	138.0	131.33333	128.66667	127.333336	123.333336	122.333336	118.0	115.666664	116.666664	122.666664	125.666664	124.666664	121.333336	122.0	127.333336	132.33333	133.33333	132.33333	129.0	128.0	117.333336	94.333336	
182.0	190.33333	196.0	194.33333	192.33333	190.33333	190.33333	191.66667	190.0	185.66667	173.33333	163.66667	158.66667	149.66667	144.33333	139.33333	137.33333	134.66667	132.0	129.33333	119.666664	119.666664	123.333336	126.0	124.333336	122.333336	122.0	123.0	128.0	126.666664	127.666664	130.0	127.0	125.333336	121.0	114.0	
191.0	193.0	196.0	196.0	195.66667	191.66667	191.66667	198.33333	200.0	193.33333	184.33333	177.33333	169.66667	157.66667	150.0	143.0	141.66667	136.66667	133.66667	132.66667	126.0	128.66667	133.0	138.0	140.33333	142.0	141.0	141.0	139.0	137.33333	139.0	133.66667	125.0	121.333336	119.0	115.0	
190.33333	191.0	192.66667	197.33333	201.66667	205.66667	207.0	208.0	208.33333	203.33333	191.66667	186.0	173.66667	160.33333	151.33333	146.0	140.66667	133.66667	132.0	134.0	133.66667	139.0	140.66667	143.66667	145.66667	143.0	135.66667	133.0	133.33333	135.0	138.66667	138.33333	127.666664	115.666664	113.0	110.0	
186.33333	185.33333	185.66667	199.33333	208.0	207.66667	206.66667	202.33333	193.0	186.33333	183.33333	181.66667	167.33333	152.66667	149.33333	147.0	136.33333	130.33333	134.0	134.66667	134.33333	136.66667	135.0	133.33333	131.33333	128.33333	126.333336	123.0	116.0	113.333336	116.666664	129.0	127.666664	116.333336	104.333336	96.666664	
181.33333	181.66667	184.33333	200.66667	202.66667	198.0	195.33333	188.33333	173.66667	161.33333	158.66667	158.66667	153.33333	142.0	142.33333	142.0	125.333336	121.666664	129.0	128.66667	127.333336	128.33333	122.0	116.666664	112.333336	104.666664	97.0	94.0	95.666664	97.0	101.0	116.666664	123.0	124.0	123.333336	122.333336	
168.0	175.0	185.0	194.33333	189.66667	167.0	147.66667	142.0	138.33333	133.66667	135.33333	134.0	129.33333	127.333336	132.0	133.0	118.333336	113.666664	122.666664	120.666664	118.666664	113.0	105.0	92.0	81.333336	88.666664	118.666664	156.0	179.0	175.33333	165.66667	165.0	166.33333	169.66667	178.33333	176.33333	
171.33333	176.33333	179.33333	185.33333	191.66667	180.0	157.33333	132.0	107.0	101.0	107.0	112.333336	115.333336	119.666664	125.333336	125.0	113.333336	109.666664	117.333336	114.666664	110.0	97.666664	79.666664	78.666664	120.333336	169.33333	188.66667	178.66667	150.33333	129.33333	118.666664	103.666664	107.333336	130.0	151.0	137.0	
209.33333	207.0	203.0	203.66667	208.0	208.33333	207.33333	200.33333	175.66667	142.66667	108.0	88.333336	95.333336	107.0	116.0	114.333336	101.666664	100.333336	110.333336	98.666664	91.333336	90.666664	121.0	152.66667	149.33333	120.0	83.666664	52.666668	36.333332	35.666668	36.0	29.666666	37.0	80.666664	107.666664	95.333336	
184.0	159.33333	123.0	104.666664	97.666664	95.333336	108.333336	121.0	134.33333	151.0	155.0	141.33333	123.0	107.666664	102.666664	95.666664	88.666664	88.666664	94.666664	101.666664	118.333336	134.0	125.333336	85.0	44.0	26.333334	23.333334	20.666666	22.333334	21.333334	21.666666	26.0	40.0	80.666664	98.333336	90.666664	
128.33333	99.666664	45.0	42.666668	40.666668	34.333332	37.0	33.0	33.333332	39.333332	57.666668	85.0	121.0	142.0	121.666664	76.333336	67.333336	69.666664	67.333336	105.333336	119.0	71.666664	37.333332	25.0	15.0	15.333333	19.333334	18.0	20.0	19.666666	23.0	30.666666	47.666668	89.0	96.666664	95.333336	
121.0	100.666664	50.0	44.333332	44.0	37.0	35.666668	29.0	24.333334	23.0	47.0	60.333332	58.333332	53.333332	56.0	39.0	44.333332	44.0	35.333332	38.0	38.333332	29.666666	27.0	22.333334	19.333334	23.333334	26.333334	25.666666	21.666666	21.0	24.333334	34.666668	80.666664	103.666664	100.0	97.666664	
144.0	124.333336	71.666664	45.666668	31.666666	33.0	34.333332	28.333334	26.333334	29.333334	60.666668	68.666664	54.0	34.333332	26.0	22.666666	38.0	48.333332	35.0	28.333334	23.666666	28.0	26.666666	24.0	23.333334	22.333334	25.0	29.666666	27.0	25.333334	35.0	75.666664	124.666664	110.0	103.333336	95.333336	
151.0	149.33333	124.666664	80.333336	45.666668	38.0	37.666668	34.333332	34.0	37.0	37.666668	32.0	30.666666	29.333334	27.0	30.666666	68.666664	90.666664	66.333336	31.0	25.666666	25.333334	24.666666	27.0	26.333334	24.0	25.0	29.0	29.0	27.0	48.666668	97.0	109.666664	105.333336	101.0	94.333336	
144.33333	163.0	156.0	136.33333	97.666664	56.333332	41.333332	37.0	34.666668	32.666668	28.666666	30.0	27.0	26.333334	25.0	50.0	107.333336	121.666664	105.0	54.0	27.333334	34.333332	27.666666	22.666666	23.666666	23.333334	26.0	26.666666	27.333334	37.333332	57.666668	80.666664	99.666664	106.0	99.0	94.0	
126.666664	158.66667	159.33333	137.0	103.666664	59.666668	37.666668	32.333332	33.0	27.333334	27.666666	24.666666	33.666668	49.666668	32.333332	76.333336	133.0	135.0	126.333336	85.666664	45.0	50.0	43.0	29.333334	27.0	29.0	34.666668	40.0	49.666668	62.0	77.666664	91.666664	101.666664	101.0	97.333336	96.666664	
107.333336	148.66667	160.66667	150.33333	114.0	75.333336	57.333332	50.666668	50.666668	46.666668	46.0	53.0	79.666664	80.0	50.333332	97.666664	142.66667	141.33333	128.33333	101.666664	68.333336	53.666668	50.666668	47.333332	46.333332	48.0	50.666668	58.333332	69.666664	81.333336	89.333336	95.0	98.333336	100.666664	100.666664	99.0	
82.666664	134.0	148.66667	149.33333	143.33333	119.0	86.333336	68.333336	65.333336	65.0	63.666668	67.666664	68.666664	60.666668	67.333336	114.333336	145.0	140.33333	127.666664	112.666664	89.666664	72.666664	64.0	58.0	58.333332	61.0	64.333336	72.333336	83.0	91.333336	94.666664	92.666664	96.333336	101.666664	103.666664	98.666664	
60.666668	116.0	137.0	138.33333	135.66667	128.66667	116.666664	102.333336	89.666664	79.0	71.666664	67.333336	65.666664	71.333336	97.0	141.0	154.66667	146.66667	133.33333	126.0	111.666664	92.333336	82.333336	75.333336	69.0	68.0	71.333336	78.0	82.333336	86.333336	91.0	93.666664	98.666664	104.333336	105.666664	96.0	
47.0	101.333336	129.33333	130.0	127.333336	128.33333	129.33333	118.666664	109.666664	100.0	89.333336	81.333336	84.666664	89.666664	118.333336	165.66667	172.66667	159.66667	142.33333	135.66667	124.666664	104.0	90.333336	79.666664	73.0	71.333336	75.0	81.333336	84.333336	86.666664	92.333336	98.333336	102.333336	106.0	105.666664	94.0	
34.0	88.333336	122.333336	125.666664	125.666664	126.666664	125.0	115.333336	106.333336	98.0	89.333336	82.0	85.333336	100.333336	136.66667	175.0	179.33333	163.0	143.0	133.66667	127.666664	112.0	99.333336	79.333336	74.0	72.666664	73.666664	80.666664	85.666664	89.666664	95.666664	102.0	104.333336	107.666664	106.0	95.666664	
25.333334	77.333336	112.333336	126.666664	122.0	119.666664	117.333336	107.0	99.0	90.666664	82.666664	77.333336	78.333336	110.333336	153.66667	180.0	178.33333	153.0	130.66667	122.0	120.0	114.666664	103.0	79.333336	74.666664	76.666664	76.666664	79.333336	83.0	89.333336	97.0	103.0	105.333336	107.666664	105.666664	96.666664	
19.0	65.0	107.0	124.333336	121.0	116.0	116.333336	103.666664	96.333336	86.666664	77.666664	78.666664	82.666664	118.666664	163.33333	177.0	162.33333	137.0	120.666664	110.333336	108.333336	111.666664	99.333336	82.333336	79.0	76.0	76.666664	80.333336	82.666664	89.0	97.666664	102.333336	105.0	108.0	104.666664	96.666664	
25.0	53.0	101.333336	120.666664	124.333336	118.0	118.0	106.333336	96.0	86.333336	79.666664	87.0	96.333336	121.333336	152.66667	152.0	127.333336	109.0	101.333336	101.333336	107.0	100.666664	83.333336	82.0	84.666664	77.0	79.0	85.333336	84.333336	87.0	96.0	102.0	104.333336	106.666664	104.0	98.333336	
31.666666	47.666668	100.0	115.333336	128.0	124.666664	123.0	114.0	97.0	86.666664	88.666664	98.333336	107.666664	111.333336	120.0	113.333336	95.0	84.666664	80.333336	88.666664	88.0	67.333336	59.0	67.666664	73.0	72.666664	80.333336	86.666664	86.666664	84.666664	94.333336	100.666664	102.333336	105.0	104.333336	100.333336	
123.333336	118.0	133.33333	117.0	129.0	126.666664	125.333336	115.666664	95.333336	89.666664	96.0	103.333336	99.666664	90.666664	84.0	79.333336	71.666664	67.0	66.333336	63.333332	49.0	43.0	43.666668	52.333332	58.333332	64.333336	77.666664	84.333336	91.666664	87.0	95.0	102.0	101.0	104.0	105.666664	101.666664	
239.66667	232.66667	188.33333	127.0	126.333336	126.333336	120.0	111.0	93.333336	98.666664	105.333336	98.666664	88.0	79.0	71.333336	66.666664	53.666668	40.333332	37.666668	38.0	32.333332	39.0	44.666668	50.0	53.666668	56.333332	66.666664	74.666664	91.0	92.666664	98.0	102.0	98.333336	104.0	104.0	104.333336	
248.0	240.66667	190.66667	135.66667	124.333336	129.66667	120.0	112.0	98.333336	111.0	115.666664	96.333336	85.666664	79.333336	70.333336	61.333332	47.333332	34.333332	31.333334	37.0	40.666668	49.333332	56.0	58.666668	55.666668	49.333332	53.666668	64.666664	86.0	96.666664	100.333336	100.0	97.333336	104.666664	104.333336	103.333336	
249.33333	230.66667	174.0	145.33333	126.666664	127.666664	119.666664	113.0	107.0	118.666664	109.333336	81.666664	71.666664	74.666664	67.333336	57.333332	50.333332	48.666668	48.0	48.666668	50.333332	52.666668	56.0	57.333332	55.666668	47.666668	47.666668	59.0	79.666664	95.666664	102.0	99.333336	99.0	104.333336	104.0	96.333336	
246.33333	213.66667	163.66667	153.0	137.0	125.666664	118.666664	114.0	116.333336	118.333336	96.0	63.0	53.666668	55.333332	51.333332	47.0	49.666668	55.333332	59.0	59.666668	61.666668	64.666664	70.666664	74.666664	76.666664	69.666664	62.333332	64.0	77.333336	94.333336	102.333336	98.666664	100.0	103.666664	101.333336	85.0	
245.0	199.66667	154.0	152.33333	145.0	130.66667	120.0	115.666664	125.0	124.666664	99.666664	60.666668	52.333332	67.0	81.0	92.666664	97.0	92.333336	84.0	82.666664	83.333336	87.333336	93.666664	94.333336	95.0	92.666664	83.333336	74.666664	81.333336	94.0	102.0	100.0	100.333336	103.0	93.333336	68.0	
236.33333	192.66667	154.33333	150.0	152.33333	162.66667	127.0	117.666664	125.333336	124.0	97.666664	71.0	77.333336	94.0	103.333336	102.0	87.0	72.666664	64.333336	63.333332	64.666664	71.666664	82.0	88.666664	92.0	92.333336	85.333336	78.666664	82.666664	91.333336	98.0	98.333336	99.666664	96.666664	76.666664	57.0	
226.0	182.66667	149.0	144.66667	154.0	185.0	142.33333	117.333336	121.666664	121.333336	98.333336	79.666664	86.0	97.0	95.666664	81.333336	62.333332	55.0	56.333332	56.333332	58.333332	64.666664	74.666664	82.0	82.666664	81.666664	79.0	79.333336	84.0	90.333336	93.666664	95.666664	98.0	84.333336	59.333332	50.0	
227.66667	177.0	143.66667	143.33333	149.33333	177.66667	151.33333	120.333336	115.666664	115.0	100.666664	80.333336	77.0	82.333336	83.0	75.666664	66.666664	61.666668	59.0	63.0	67.666664	71.666664	76.333336	80.666664	82.333336	80.666664	79.666664	83.333336	90.0	95.0	94.0	93.666664	87.0	65.0	50.0	45.666668	
224.33333	165.66667	134.66667	138.66667	141.66667	160.33333	150.33333	123.333336	113.0	113.0	107.0	87.0	76.333336	76.666664	78.0	80.333336	82.666664	84.333336	81.333336	82.0	85.333336	89.666664	92.333336	96.0	95.666664	90.0	83.666664	83.0	90.666664	93.333336	89.666664	85.333336	65.666664	51.333332	47.0	41.0	
191.66667	143.66667	128.66667	130.0	135.0	153.66667	146.66667	119.666664	112.666664	111.0	115.0	105.0	87.0	88.0	94.666664	103.666664	105.0	109.0	104.0	98.0	94.0	96.666664	101.666664	106.333336	102.0	90.0	82.0	77.666664	82.333336	85.333336	82.0	69.0	52.333332	46.666668	45.666668	44.333332	
187.33333	143.66667	127.333336	128.66667	141.66667	155.33333	144.66667	120.333336	114.666664	109.666664	112.333336	114.0	92.0	96.666664	107.0	114.333336	113.666664	116.666664	104.0	96.0	91.333336	89.666664	94.0	98.333336	96.333336	83.0	70.333336	62.333332	71.0	79.666664	66.333336	54.0	49.666668	46.666668	48.333332	76.333336	
194.33333	167.0	134.33333	133.0	149.33333	156.66667	146.0	114.666664	120.333336	111.0	102.0	102.666664	81.333336	91.0	104.333336	109.666664	111.666664	109.666664	96.0	86.666664	84.0	78.666664	77.0	81.0	80.0	65.333336	54.666668	55.333332	68.0	64.0	52.333332	50.666668	48.333332	53.666668	82.333336	113.333336	
197.33333	186.0	151.66667	145.0	155.33333	159.33333	153.33333	116.333336	117.0	115.0	98.666664	91.666664	80.0	77.333336	90.0	99.333336	105.666664	103.333336	86.666664	78.666664	79.666664	75.333336	73.666664	76.0	71.0	56.666668	55.333332	61.0	59.0	49.333332	47.0	47.0	58.666668	90.333336	114.666664	132.33333	
219.0	193.66667	165.0	154.0	152.33333	162.66667	165.0	137.0	117.333336	116.666664	100.0	91.666664	85.666664	72.666664	74.333336	82.0	94.333336	101.333336	88.0	79.333336	76.0	72.0	73.666664	69.0	60.0	51.666668	50.333332	52.333332	47.0	47.333332	48.0	64.0	98.0	123.666664	131.0	155.33333	
241.0	207.66667	175.66667	159.66667	151.66667	161.66667	167.0	162.0	142.0	118.0	99.333336	89.666664	88.0	83.666664	75.333336	65.333336	71.0	81.666664	80.666664	74.0	67.0	64.666664	65.0	59.333332	49.0	45.666668	42.666668	44.0	46.333332	52.666668	73.666664	106.0	121.0	131.33333	145.33333	182.0	
249.33333	233.33333	194.33333	172.66667	165.66667	168.66667	167.0	170.0	169.0	146.0	110.0	90.0	85.0	87.333336	82.0	66.666664	60.666668	65.0	68.333336	70.666664	68.666664	65.333336	60.666668	54.666668	47.333332	44.333332	43.666668	49.333332	59.666668	87.0	119.0	126.0	126.333336	138.66667	166.33333	198.66667	
251.33333	247.66667	222.33333	188.33333	180.0	174.66667	166.33333	166.33333	172.0	181.0	169.0	132.33333	101.0	83.666664	81.0	79.0	76.666664	76.333336	78.0	82.333336	82.333336	74.0	62.333332	50.333332	46.0	50.666668	61.666668	81.0	113.0	132.0	128.0	129.0	135.33333	150.66667	184.33333	211.0	
