212.66667	214.33333	215.33333	215.33333	220.0	222.33333	222.33333	222.33333	221.66667	221.66667	222.33333	221.33333	223.0	223.66667	223.0	220.0	218.33333	214.33333	212.66667	206.33333	202.66667	199.66667	197.33333	194.33333	191.33333	186.66667	182.66667	177.0	171.33333	164.66667	154.33333	147.33333	138.0	133.0	134.33333	141.0	
213.0	216.33333	218.0	218.66667	222.0	223.66667	224.0	224.0	224.0	225.0	224.33333	223.0	224.0	223.0	223.33333	222.66667	219.0	214.33333	215.66667	212.0	205.66667	202.66667	199.33333	197.33333	193.66667	187.33333	182.66667	179.0	173.66667	167.33333	159.66667	149.66667	141.66667	136.33333	134.66667	137.33333	
212.0	215.33333	217.33333	220.0	222.33333	223.0	224.0	224.0	224.0	224.0	223.66667	224.66667	224.0	222.0	223.0	221.0	216.33333	211.33333	215.0	213.66667	206.33333	202.33333	200.33333	199.66667	196.0	189.0	183.66667	182.33333	176.66667	169.0	161.33333	153.33333	147.33333	142.33333	137.33333	136.0	
213.33333	214.0	215.33333	220.0	222.33333	222.0	222.33333	223.0	222.0	220.33333	222.0	224.0	223.0	221.33333	221.33333	219.0	213.66667	209.0	212.33333	211.66667	204.66667	202.33333	200.66667	199.66667	196.33333	190.33333	184.33333	181.66667	178.0	171.0	163.66667	159.0	153.66667	145.66667	140.33333	136.66667	
214.33333	215.0	217.33333	220.66667	221.66667	221.0	221.66667	221.33333	221.66667	221.33333	222.0	221.33333	220.66667	221.0	218.33333	216.33333	212.0	209.66667	211.66667	210.66667	205.0	201.66667	199.66667	198.66667	195.66667	191.33333	184.66667	181.66667	178.33333	172.0	167.33333	163.0	157.33333	149.66667	143.0	137.33333	
212.33333	215.33333	219.0	220.33333	219.66667	219.66667	220.33333	219.66667	221.33333	222.0	221.33333	218.0	218.33333	220.33333	217.66667	215.66667	211.66667	209.33333	209.0	209.33333	205.0	201.66667	201.66667	201.66667	198.33333	193.0	186.0	182.66667	178.66667	173.66667	169.66667	166.33333	160.33333	152.33333	145.33333	137.66667	
211.0	215.0	218.0	219.33333	218.33333	219.33333	218.33333	218.66667	220.0	220.33333	219.33333	218.66667	218.33333	218.33333	216.0	215.0	212.33333	210.0	208.33333	209.66667	207.33333	205.66667	204.0	202.66667	199.33333	194.0	186.0	182.0	177.0	172.66667	171.66667	170.0	163.0	154.33333	147.0	139.33333	
210.0	213.33333	215.0	217.66667	218.66667	219.0	218.66667	219.33333	220.33333	219.66667	217.33333	218.0	218.0	216.66667	215.0	213.0	210.66667	209.0	207.66667	209.0	209.66667	208.66667	205.66667	204.0	202.66667	197.66667	188.66667	183.0	176.0	172.0	171.33333	172.33333	163.33333	153.0	146.66667	141.33333	
207.66667	210.66667	213.0	216.0	218.66667	218.66667	217.66667	218.33333	219.0	219.33333	219.0	219.0	217.66667	215.0	213.33333	211.66667	209.0	208.66667	207.66667	208.66667	208.66667	208.0	207.66667	206.33333	203.33333	199.33333	191.0	182.66667	176.66667	173.66667	171.66667	169.0	158.66667	151.66667	146.66667	142.66667	
203.66667	207.33333	211.0	215.33333	218.0	218.0	219.0	219.33333	219.33333	219.0	219.33333	219.0	217.66667	213.66667	211.66667	209.33333	208.0	207.33333	206.66667	208.33333	208.0	208.33333	210.66667	208.66667	203.0	199.33333	190.66667	180.0	175.66667	175.66667	177.33333	171.33333	161.33333	150.0	144.0	142.66667	
200.0	203.33333	207.66667	213.0	215.66667	217.33333	219.0	220.0	220.0	218.0	218.0	218.66667	216.66667	213.66667	210.33333	208.0	205.33333	205.0	205.66667	206.33333	204.0	205.0	210.33333	207.0	199.0	193.66667	185.66667	179.0	178.66667	180.66667	177.33333	167.0	161.66667	149.0	143.66667	143.0	
200.66667	203.33333	206.66667	211.0	214.33333	217.66667	219.33333	220.0	220.0	218.0	218.33333	217.33333	214.0	211.0	208.66667	205.0	201.0	201.33333	203.66667	203.0	199.33333	200.66667	205.33333	199.0	188.33333	182.66667	178.0	172.0	165.66667	158.33333	150.33333	145.33333	146.66667	145.66667	139.66667	138.66667	
201.33333	206.0	208.33333	210.0	216.0	220.0	220.0	219.66667	220.0	219.33333	218.0	214.33333	208.33333	205.66667	204.0	201.33333	198.66667	200.0	200.0	200.33333	193.33333	193.33333	195.66667	185.66667	171.0	162.33333	154.66667	147.0	136.33333	132.0	133.33333	135.0	135.66667	135.33333	134.66667	138.66667	
201.33333	205.66667	206.0	209.66667	216.0	212.0	201.33333	197.33333	199.66667	201.66667	200.66667	196.66667	192.33333	191.66667	192.0	192.66667	194.33333	194.66667	196.66667	195.66667	186.33333	183.33333	182.33333	168.33333	148.33333	134.66667	135.0	137.0	132.66667	134.0	136.66667	139.0	134.33333	125.0	124.666664	132.0	
203.33333	205.33333	205.33333	208.33333	205.0	190.33333	173.66667	167.66667	168.33333	165.66667	159.0	151.66667	150.33333	154.0	161.0	169.33333	180.33333	184.33333	189.0	189.0	180.66667	170.33333	159.0	143.33333	131.0	129.33333	136.33333	139.66667	136.33333	130.66667	133.33333	139.0	145.0	145.66667	144.0	136.0	
205.0	205.0	206.33333	204.33333	188.66667	181.0	175.0	168.66667	165.0	157.0	143.0	134.66667	130.33333	123.666664	122.666664	129.0	144.0	164.66667	187.33333	191.66667	181.66667	161.33333	138.0	123.0	122.0	126.0	140.33333	154.0	129.33333	89.666664	90.333336	104.0	127.333336	147.0	153.66667	151.66667	
221.0	206.0	199.0	193.66667	181.66667	175.0	177.33333	178.0	174.33333	164.66667	150.33333	131.66667	124.666664	120.666664	114.0	115.0	126.666664	147.66667	180.33333	193.66667	176.33333	151.66667	126.0	111.0	116.333336	124.333336	150.33333	167.0	141.66667	117.333336	122.666664	129.66667	137.0	149.66667	160.0	156.0	
228.0	222.0	196.0	190.33333	183.0	171.0	171.0	160.0	155.0	157.33333	146.33333	102.333336	85.333336	94.666664	108.333336	124.333336	139.66667	138.0	155.0	185.0	176.0	150.0	119.333336	114.666664	130.33333	140.0	158.0	165.33333	163.0	161.0	162.0	165.33333	163.33333	165.33333	166.66667	158.33333	
215.0	215.0	183.0	173.0	177.0	161.33333	145.0	138.33333	162.0	183.0	167.0	122.0	113.333336	118.666664	133.0	152.33333	161.33333	151.0	158.66667	198.66667	196.33333	169.66667	140.0	137.66667	151.33333	155.0	166.33333	176.33333	177.33333	171.33333	169.0	171.0	172.33333	176.66667	171.66667	161.66667	
211.0	211.33333	194.66667	176.33333	161.0	161.0	158.33333	173.33333	185.0	189.0	182.0	160.33333	156.0	146.0	148.66667	164.0	163.0	154.33333	171.33333	210.0	206.66667	180.66667	151.66667	139.66667	152.66667	155.0	154.66667	159.33333	159.33333	162.0	168.0	176.0	181.66667	182.33333	174.0	163.66667	
209.33333	212.33333	212.66667	202.33333	179.66667	192.66667	197.0	194.33333	191.0	189.66667	185.0	175.33333	162.0	148.66667	153.0	168.0	168.33333	153.0	177.66667	213.0	211.66667	184.66667	153.66667	135.0	146.0	157.33333	159.33333	160.66667	164.66667	175.33333	184.66667	189.0	188.66667	182.66667	174.0	160.33333	
207.66667	211.0	212.0	209.33333	189.0	202.33333	201.0	192.0	187.66667	183.66667	175.0	164.0	152.66667	154.33333	173.0	189.66667	186.33333	161.33333	185.0	208.66667	211.66667	187.66667	156.0	135.33333	139.0	158.33333	173.66667	179.33333	184.66667	190.66667	193.33333	194.33333	190.66667	183.66667	170.66667	151.66667	
201.66667	204.66667	208.33333	211.33333	190.0	195.66667	203.33333	195.66667	190.33333	183.0	176.0	172.0	177.0	187.0	194.66667	196.0	178.33333	167.66667	189.66667	200.66667	209.0	192.33333	160.66667	137.0	135.66667	142.66667	167.0	183.0	188.66667	192.0	193.33333	193.66667	185.33333	178.33333	163.66667	147.0	
194.33333	205.66667	208.66667	207.66667	194.0	190.0	203.33333	206.33333	205.33333	202.0	198.0	200.0	204.33333	200.66667	197.33333	186.66667	165.33333	181.0	195.66667	199.66667	208.0	198.0	166.33333	143.33333	139.66667	129.66667	136.66667	152.0	164.66667	167.0	167.33333	165.66667	161.33333	160.66667	155.0	150.33333	
194.0	202.33333	202.33333	203.66667	203.0	190.0	190.66667	198.0	202.0	203.0	203.0	202.66667	204.66667	195.66667	183.33333	171.33333	175.33333	195.0	197.0	199.66667	206.33333	203.33333	176.0	150.0	139.66667	129.33333	129.0	133.33333	140.0	144.0	152.33333	160.33333	161.66667	162.33333	158.0	155.66667	
193.33333	195.66667	196.0	205.33333	210.0	203.33333	190.66667	181.0	181.0	184.33333	182.0	178.0	181.0	176.66667	164.66667	167.33333	183.33333	197.33333	201.66667	200.33333	205.33333	208.33333	185.66667	156.66667	144.66667	144.33333	143.33333	137.0	140.33333	144.0	152.33333	161.0	161.66667	161.66667	155.33333	150.0	
190.33333	191.0	195.33333	203.0	205.33333	205.66667	205.66667	195.66667	182.33333	173.66667	166.0	161.33333	165.66667	163.66667	158.33333	166.33333	186.0	199.33333	201.66667	200.0	206.66667	212.33333	193.33333	163.66667	150.66667	156.0	154.33333	141.0	147.0	145.0	139.33333	142.0	151.0	156.0	150.0	145.0	
188.66667	189.33333	193.0	197.66667	200.33333	202.66667	205.33333	202.33333	200.0	194.33333	182.33333	177.0	167.33333	159.0	162.0	174.0	193.66667	201.0	202.66667	203.0	208.33333	212.66667	197.0	171.33333	155.33333	157.33333	151.0	139.66667	144.66667	145.0	139.0	132.0	135.0	142.66667	144.66667	142.0	
191.66667	190.0	191.0	191.66667	196.0	196.66667	197.0	195.33333	194.0	190.0	181.33333	171.0	153.33333	160.66667	176.66667	184.33333	198.66667	201.0	204.0	206.0	208.0	211.66667	199.0	178.66667	163.33333	150.66667	134.0	131.0	140.66667	140.33333	137.0	128.33333	120.333336	124.333336	136.0	141.33333	
190.0	189.0	189.33333	187.33333	188.33333	187.33333	186.33333	185.66667	182.0	176.33333	166.33333	150.33333	151.0	172.66667	183.33333	181.33333	183.33333	181.0	186.33333	195.33333	200.33333	204.0	195.33333	180.66667	160.0	134.33333	125.333336	134.0	143.0	140.33333	136.0	133.66667	128.66667	127.333336	139.33333	145.66667	
184.66667	188.33333	186.66667	183.66667	182.33333	178.0	177.0	176.33333	169.66667	158.0	142.33333	140.66667	164.0	183.66667	187.33333	179.66667	164.0	142.0	141.0	153.66667	166.0	171.33333	167.33333	159.33333	138.0	121.0	130.33333	138.33333	144.0	139.0	129.0	130.66667	134.0	140.66667	153.33333	153.0	
175.33333	187.33333	186.66667	182.33333	176.66667	168.33333	165.0	161.33333	149.0	135.33333	133.66667	146.66667	164.66667	180.0	186.33333	184.33333	175.66667	164.0	156.66667	152.33333	151.33333	143.66667	132.33333	126.666664	124.666664	127.666664	136.66667	139.66667	137.66667	122.333336	103.0	118.666664	140.66667	157.66667	167.66667	160.33333	
168.0	185.0	188.0	183.33333	175.66667	166.33333	159.33333	148.66667	133.66667	136.33333	148.33333	158.66667	172.0	181.33333	188.66667	194.0	195.33333	190.66667	184.33333	176.33333	167.0	149.0	140.33333	137.66667	139.33333	137.66667	137.0	126.666664	96.0	79.333336	95.0	135.66667	158.0	172.0	173.33333	158.0	
154.66667	175.66667	186.0	184.66667	179.33333	170.33333	160.66667	145.0	140.0	149.66667	155.33333	163.33333	171.66667	181.0	185.0	190.33333	196.33333	193.33333	187.0	182.66667	172.66667	159.33333	158.33333	153.33333	141.66667	139.33333	137.0	101.333336	63.333332	87.0	130.0	153.66667	165.66667	176.0	167.66667	146.66667	
140.33333	165.33333	180.33333	187.0	181.33333	175.0	165.0	152.33333	156.66667	156.33333	148.0	148.33333	150.66667	153.66667	160.66667	170.0	176.33333	175.66667	173.33333	172.66667	166.66667	159.66667	155.33333	148.0	140.33333	149.0	139.0	88.333336	78.0	116.0	149.0	159.0	165.0	171.66667	157.33333	138.66667	
134.66667	154.33333	177.0	187.0	177.33333	174.33333	171.33333	167.0	172.0	167.66667	155.33333	148.0	135.33333	117.666664	119.666664	139.0	146.33333	151.33333	154.33333	159.33333	172.33333	167.0	156.0	166.33333	154.0	138.66667	117.0	98.333336	113.333336	137.66667	154.0	161.0	162.66667	166.66667	152.66667	137.33333	
127.666664	136.0	169.66667	182.66667	175.33333	170.66667	170.66667	174.66667	180.0	179.0	173.66667	169.66667	170.0	154.0	128.0	135.33333	148.0	159.66667	170.0	181.33333	193.0	180.66667	165.33333	159.33333	136.0	125.666664	121.0	119.666664	133.0	150.33333	159.33333	161.33333	162.33333	164.0	149.33333	137.33333	
76.666664	86.666664	148.66667	174.0	174.0	167.66667	166.0	172.0	180.66667	184.0	182.66667	181.33333	185.66667	188.0	175.0	159.66667	157.66667	165.0	174.33333	174.33333	174.66667	168.0	160.0	157.33333	147.33333	143.0	138.66667	139.0	144.66667	157.0	163.0	161.66667	165.0	164.66667	145.66667	138.0	
54.666668	67.0	152.0	175.33333	166.33333	168.0	164.66667	166.0	176.66667	182.0	181.66667	180.66667	184.33333	189.0	192.0	187.0	176.0	171.0	177.33333	183.66667	190.33333	190.33333	178.33333	170.66667	163.66667	158.0	150.33333	147.33333	148.33333	158.33333	163.33333	164.33333	167.0	158.66667	141.66667	140.33333	
56.333332	75.333336	180.66667	193.33333	162.0	169.0	167.33333	164.33333	167.66667	175.66667	179.66667	180.33333	185.33333	190.66667	195.33333	194.33333	189.33333	184.66667	185.0	190.66667	194.66667	190.0	182.0	171.66667	161.33333	157.66667	151.33333	149.66667	150.66667	158.66667	162.66667	167.33333	166.33333	152.0	140.0	143.33333	
62.333332	84.666664	195.0	217.33333	168.33333	164.66667	170.0	168.0	165.0	170.0	176.0	179.66667	182.66667	188.33333	193.0	195.33333	193.66667	188.33333	181.66667	178.66667	178.33333	176.0	168.66667	160.66667	156.33333	155.33333	152.66667	155.0	157.66667	160.33333	161.0	167.66667	164.0	145.0	139.33333	143.33333	
67.333336	90.0	207.66667	238.0	194.66667	166.33333	166.66667	168.33333	169.0	168.33333	172.0	176.66667	181.0	187.66667	191.0	193.33333	192.66667	188.33333	180.0	173.66667	170.66667	169.33333	166.33333	160.0	158.66667	159.66667	158.66667	161.66667	163.33333	163.66667	160.66667	165.33333	155.33333	137.66667	135.33333	145.0	
66.666664	97.333336	216.33333	248.33333	225.33333	187.33333	167.33333	168.33333	172.0	171.33333	171.0	175.66667	181.33333	186.0	189.0	191.0	191.33333	190.0	184.66667	180.33333	176.0	170.66667	164.66667	162.33333	165.0	166.66667	166.66667	166.0	167.0	166.33333	160.0	157.66667	144.33333	131.0	131.66667	159.66667	
65.0	101.666664	219.66667	250.33333	243.0	211.66667	177.66667	167.66667	171.0	174.0	174.33333	176.0	181.0	186.33333	191.0	194.0	194.33333	192.0	186.33333	184.0	182.33333	176.66667	174.0	177.33333	179.33333	175.66667	170.33333	165.33333	166.33333	168.0	160.0	147.0	132.0	126.333336	144.66667	175.33333	
62.666668	100.0	218.33333	250.0	250.66667	234.66667	198.66667	173.66667	167.33333	171.66667	176.0	176.66667	179.0	185.33333	192.33333	197.0	199.0	197.33333	192.0	191.0	192.0	192.0	190.33333	190.33333	185.33333	176.33333	166.66667	162.33333	165.33333	164.0	151.33333	134.0	121.0	135.0	172.33333	175.0	
60.333332	94.333336	217.0	250.66667	252.33333	248.0	220.66667	187.66667	173.66667	171.66667	175.0	175.66667	177.66667	183.66667	190.66667	194.66667	198.0	199.0	199.0	197.33333	196.66667	199.33333	197.33333	193.66667	185.66667	175.66667	170.33333	167.66667	164.66667	156.66667	140.0	121.333336	125.333336	168.66667	194.66667	143.33333	
59.333332	89.333336	213.33333	250.0	251.66667	253.0	237.66667	204.66667	183.66667	172.33333	170.66667	170.66667	173.0	177.0	184.0	191.33333	195.66667	201.0	202.33333	198.66667	196.33333	198.33333	195.0	187.33333	178.0	171.0	170.33333	168.33333	161.0	147.66667	125.666664	120.0	162.66667	202.33333	189.66667	91.666664	
58.333332	84.333336	206.33333	249.33333	252.66667	253.33333	248.33333	222.66667	195.33333	178.66667	173.66667	170.33333	168.0	171.0	174.33333	180.66667	190.0	197.33333	200.33333	194.66667	190.33333	185.33333	178.66667	174.0	169.66667	164.33333	158.66667	155.0	146.66667	129.33333	123.0	159.66667	205.33333	210.0	150.33333	44.666668	
57.333332	79.333336	199.66667	250.0	252.33333	252.33333	252.0	240.33333	214.0	190.33333	177.33333	170.33333	168.66667	169.33333	168.0	169.66667	176.0	181.66667	185.66667	184.33333	180.66667	174.0	165.33333	158.33333	153.66667	150.0	142.0	134.33333	122.0	121.666664	159.66667	211.33333	223.33333	185.0	83.0	24.333334	
