28.666666	32.666668	41.333332	68.0	111.0	159.0	188.0	204.66667	211.0	210.33333	208.0	205.33333	204.66667	203.66667	202.66667	197.33333	193.66667	192.66667	188.66667	190.66667	195.66667	196.66667	202.0	202.0	194.0	176.66667	154.33333	144.0	133.0	115.0	113.333336	118.333336	104.0	78.666664	41.666668	17.666666	
23.0	33.0	51.333332	97.333336	144.0	181.0	205.0	211.66667	211.0	207.33333	206.66667	205.66667	204.33333	206.0	204.66667	201.0	197.66667	195.33333	194.33333	195.33333	198.33333	198.66667	201.66667	204.0	199.0	188.66667	169.33333	157.66667	143.33333	121.666664	120.333336	127.0	109.666664	87.333336	55.666668	25.666666	
24.0	32.333332	66.0	123.666664	167.33333	190.33333	202.66667	201.33333	202.66667	201.66667	201.0	198.33333	199.0	199.66667	198.66667	199.33333	196.33333	193.0	194.66667	195.0	194.33333	196.33333	198.66667	201.66667	200.0	192.66667	179.33333	170.66667	158.0	136.33333	130.0	129.0	116.0	90.0	59.666668	34.666668	
27.666666	34.666668	77.333336	139.33333	177.0	187.33333	193.66667	190.33333	192.66667	193.0	192.66667	192.0	194.33333	192.66667	192.0	194.33333	193.33333	190.66667	191.66667	191.66667	192.33333	192.66667	192.33333	192.33333	192.33333	188.0	183.0	179.0	167.33333	150.66667	135.66667	128.66667	121.0	96.333336	63.333332	38.0	
38.0	36.666668	91.666664	159.0	179.66667	178.33333	180.33333	180.66667	180.66667	181.0	182.66667	183.66667	184.0	184.66667	186.0	186.0	186.0	185.33333	185.33333	184.66667	185.66667	185.0	184.0	184.0	184.0	182.33333	181.66667	178.0	169.66667	161.0	147.33333	133.66667	126.0	101.666664	64.0	41.333332	
39.666668	49.0	118.0	171.0	175.33333	173.66667	171.66667	172.0	170.33333	171.33333	176.33333	178.66667	177.33333	179.66667	181.0	178.66667	179.66667	182.0	181.33333	181.66667	181.66667	182.0	182.33333	182.0	181.33333	181.0	180.33333	177.0	172.66667	168.0	158.66667	145.33333	130.33333	113.333336	83.333336	45.333332	
36.0	62.666668	140.66667	167.66667	172.33333	171.33333	168.66667	170.0	171.33333	172.66667	174.33333	176.66667	173.66667	176.0	178.33333	177.66667	179.0	182.0	182.0	182.66667	183.33333	184.33333	186.0	186.0	184.0	183.66667	181.0	177.33333	176.0	173.0	161.0	151.33333	134.0	108.666664	85.0	55.666668	
40.0	79.0	148.33333	163.66667	169.66667	171.0	171.0	174.33333	177.66667	179.0	177.0	176.33333	173.66667	177.0	180.33333	181.66667	183.0	184.66667	186.0	186.0	186.66667	187.66667	188.33333	188.33333	186.0	186.66667	183.66667	180.0	178.33333	177.33333	165.33333	151.33333	137.0	109.0	76.0	56.333332	
41.333332	94.666664	150.66667	164.33333	168.66667	171.33333	175.66667	177.33333	179.0	180.33333	178.0	175.0	176.0	178.66667	180.33333	182.0	184.0	185.0	187.66667	188.66667	187.33333	187.66667	187.33333	185.66667	189.0	186.0	182.66667	181.0	178.66667	175.0	166.0	148.33333	137.33333	114.333336	84.0	60.333332	
48.0	97.666664	151.33333	166.66667	172.0	174.66667	177.33333	176.33333	175.66667	175.33333	173.33333	174.33333	176.0	174.33333	173.33333	174.66667	176.66667	177.66667	180.66667	184.0	180.66667	180.33333	183.33333	184.66667	186.66667	185.0	186.33333	187.33333	182.66667	176.66667	166.33333	152.0	141.0	124.0	96.0	65.333336	
50.666668	95.666664	149.66667	166.0	178.66667	179.0	177.66667	175.33333	172.33333	169.33333	168.0	172.33333	172.66667	168.33333	164.66667	164.0	167.0	170.0	173.33333	176.33333	173.0	174.0	181.33333	186.33333	187.0	188.33333	190.66667	192.0	186.33333	179.66667	169.0	157.66667	146.33333	138.66667	117.333336	77.333336	
47.333332	93.666664	148.66667	170.66667	184.33333	184.33333	182.0	177.33333	170.0	163.66667	163.33333	164.66667	164.0	161.66667	159.33333	158.66667	162.0	165.66667	168.33333	171.66667	173.0	180.0	178.66667	177.0	172.66667	173.33333	170.33333	167.0	174.33333	176.66667	172.33333	159.33333	148.0	148.33333	138.0	93.333336	
42.333332	97.666664	150.0	175.33333	180.33333	167.33333	160.33333	158.66667	158.33333	159.0	159.66667	158.66667	156.66667	155.0	155.0	156.0	155.0	155.33333	155.33333	153.0	151.0	142.33333	128.66667	121.333336	110.666664	111.333336	119.666664	122.666664	136.66667	143.66667	155.66667	159.66667	155.0	153.33333	149.33333	113.333336	
38.666668	103.666664	157.66667	157.0	120.0	95.333336	88.666664	98.333336	113.666664	125.333336	132.66667	142.33333	147.0	147.66667	147.66667	148.66667	145.66667	141.33333	129.33333	105.666664	86.0	73.333336	72.333336	74.333336	91.333336	112.0	133.0	140.66667	143.66667	148.0	154.33333	159.0	159.33333	155.66667	152.33333	124.0	
37.0	104.666664	151.0	124.333336	111.666664	100.0	80.666664	66.333336	64.666664	69.333336	77.666664	96.0	122.0	138.33333	142.66667	143.0	136.33333	122.0	100.333336	77.333336	63.0	54.0	58.0	68.666664	86.333336	98.666664	114.0	126.666664	134.33333	139.33333	149.66667	160.0	163.66667	162.33333	159.66667	141.33333	
33.666668	101.666664	150.33333	135.66667	131.66667	116.0	93.333336	73.333336	62.0	57.666668	68.333336	80.333336	102.666664	126.666664	139.66667	143.33333	131.33333	111.666664	93.333336	82.333336	74.333336	64.666664	55.666668	52.333332	56.666668	61.666668	75.666664	89.666664	103.666664	117.333336	133.0	149.33333	160.0	162.0	162.0	149.33333	
52.0	96.333336	147.33333	125.666664	104.333336	78.666664	64.0	64.0	65.666664	64.666664	70.0	78.666664	93.0	114.666664	137.66667	149.66667	138.66667	120.666664	101.666664	88.333336	82.333336	71.666664	58.666668	47.333332	47.666668	42.0	53.0	64.333336	79.0	93.666664	120.0	140.33333	154.33333	164.0	167.0	156.0	
83.666664	94.0	144.0	107.333336	69.666664	44.333332	35.0	41.333332	47.0	63.0	78.666664	85.333336	95.333336	117.0	141.66667	158.66667	154.0	138.0	115.666664	102.666664	90.0	70.0	84.333336	60.333332	40.333332	36.333332	60.666668	80.0	72.333336	93.0	122.666664	142.33333	156.66667	166.66667	170.0	162.0	
104.666664	103.0	146.0	93.666664	51.666668	47.333332	35.333332	34.0	40.333332	69.0	81.333336	83.333336	104.333336	124.666664	145.33333	167.33333	170.0	158.0	139.33333	133.0	111.0	84.333336	98.0	84.333336	63.666668	62.333332	84.666664	95.666664	111.666664	136.33333	150.33333	159.66667	169.66667	173.0	171.66667	164.33333	
111.666664	119.666664	153.0	110.666664	84.333336	81.333336	62.666668	48.666668	52.333332	84.666664	90.666664	93.0	118.0	131.33333	146.66667	171.66667	175.33333	166.0	154.66667	145.33333	131.66667	118.0	108.333336	102.0	97.0	96.0	104.666664	114.0	136.33333	154.66667	162.0	171.33333	178.66667	180.0	174.66667	162.0	
124.666664	141.33333	174.33333	153.66667	132.0	104.0	89.666664	86.333336	84.333336	91.333336	105.666664	120.0	131.33333	136.66667	155.66667	184.66667	186.33333	173.33333	163.0	159.33333	147.66667	129.66667	120.333336	113.333336	108.666664	110.0	118.666664	135.66667	150.33333	160.33333	169.0	178.66667	182.66667	180.66667	174.0	162.33333	
137.0	156.0	186.0	171.0	149.66667	128.66667	110.0	102.666664	100.666664	104.666664	114.666664	127.0	137.0	144.0	175.0	200.0	191.33333	174.66667	165.0	167.0	162.66667	150.33333	139.0	137.66667	142.66667	149.33333	150.33333	156.33333	163.66667	170.66667	178.33333	181.66667	181.33333	177.0	168.66667	159.66667	
127.0	148.0	187.0	177.33333	158.33333	142.0	131.33333	127.0	126.0	129.33333	134.0	139.66667	139.66667	147.0	181.66667	203.33333	190.66667	172.66667	166.33333	168.33333	168.33333	164.33333	159.0	155.33333	155.66667	161.66667	165.33333	169.0	176.33333	177.33333	180.33333	180.0	176.0	170.66667	164.66667	157.33333	
112.333336	137.0	183.66667	181.33333	170.66667	159.66667	153.66667	148.33333	143.33333	143.0	148.33333	144.33333	140.0	156.66667	186.33333	204.66667	188.0	170.33333	167.66667	168.66667	169.33333	171.33333	169.0	165.0	163.0	165.33333	169.66667	172.0	176.33333	175.0	175.33333	173.66667	167.33333	164.0	161.0	157.33333	
113.0	132.66667	177.33333	178.0	171.0	163.33333	157.0	153.0	153.0	153.33333	153.33333	147.0	147.0	169.33333	194.66667	207.33333	191.66667	175.0	170.66667	167.0	165.66667	170.33333	170.66667	170.33333	170.33333	170.33333	170.0	171.33333	170.33333	168.33333	167.0	162.33333	159.0	158.0	157.33333	155.33333	
128.0	132.33333	167.66667	169.66667	165.33333	159.33333	158.66667	158.0	160.0	159.0	154.33333	146.33333	151.33333	181.33333	206.0	209.0	193.33333	179.0	173.33333	167.66667	162.66667	164.0	167.66667	169.33333	171.33333	170.66667	169.33333	168.66667	165.33333	164.66667	161.66667	155.0	154.0	155.33333	157.0	158.66667	
153.33333	162.0	163.0	157.0	157.0	156.0	157.0	159.33333	160.66667	157.66667	152.33333	148.0	163.66667	193.0	205.0	201.33333	192.66667	185.33333	182.0	174.0	162.66667	159.33333	163.66667	167.66667	167.33333	168.33333	167.0	165.33333	162.33333	161.33333	158.33333	154.33333	153.0	155.0	159.0	159.33333	
168.33333	167.33333	160.0	153.66667	150.66667	151.66667	152.0	155.0	157.0	155.66667	151.0	147.66667	168.66667	173.33333	172.0	172.0	168.66667	163.33333	165.0	168.33333	162.0	150.0	150.0	158.66667	161.66667	163.0	162.33333	160.66667	156.66667	154.66667	154.0	153.33333	152.33333	155.66667	159.0	157.33333	
176.0	167.33333	158.33333	153.66667	149.0	148.33333	148.33333	150.0	152.0	150.0	141.66667	142.33333	154.0	138.66667	140.33333	138.0	138.0	123.333336	110.333336	135.33333	148.66667	146.33333	136.33333	144.33333	155.0	156.66667	155.0	152.66667	149.66667	149.0	150.33333	151.0	151.0	155.0	158.33333	158.0	
151.0	174.33333	164.0	153.66667	144.66667	143.66667	145.33333	145.0	146.0	144.66667	135.66667	136.66667	133.33333	105.666664	120.0	125.333336	124.333336	103.333336	87.666664	115.0	143.33333	151.0	142.0	135.33333	145.0	149.33333	148.66667	146.33333	145.66667	147.0	149.0	150.66667	151.33333	155.0	158.0	157.0	
95.666664	143.0	154.0	151.33333	143.66667	140.0	139.66667	140.0	140.33333	136.0	133.0	137.66667	136.0	125.0	122.333336	118.0	114.666664	127.333336	140.33333	144.33333	153.33333	158.66667	152.66667	140.33333	138.0	142.66667	143.0	142.33333	145.0	146.33333	148.33333	150.66667	153.0	154.33333	156.33333	156.66667	
65.0	78.666664	96.333336	137.66667	147.0	139.0	137.66667	138.66667	137.66667	134.0	135.33333	141.0	142.66667	142.0	136.0	124.666664	118.0	133.33333	150.0	153.0	158.0	160.0	160.66667	152.66667	140.33333	140.66667	141.66667	142.33333	144.0	144.66667	147.0	151.33333	153.66667	155.0	155.66667	155.66667	
59.333332	51.0	48.0	116.0	148.66667	140.33333	136.66667	137.66667	136.66667	136.0	141.66667	144.33333	145.66667	148.0	151.66667	155.66667	149.0	147.66667	154.33333	156.33333	159.0	163.66667	166.0	159.0	146.0	141.66667	143.66667	146.33333	145.33333	147.66667	149.66667	153.0	155.33333	155.66667	155.0	154.33333	
55.333332	49.666668	41.0	95.0	148.0	144.66667	142.66667	141.33333	139.33333	139.0	144.66667	146.0	148.66667	144.66667	142.66667	150.0	149.66667	139.66667	137.0	142.33333	149.0	163.66667	166.0	157.33333	150.66667	144.66667	148.66667	150.66667	150.33333	152.0	153.66667	156.33333	157.0	157.0	155.66667	152.0	
53.666668	47.0	44.0	77.0	141.33333	148.66667	145.66667	144.33333	142.66667	140.0	140.66667	144.66667	133.33333	119.666664	110.666664	107.0	107.0	98.0	98.0	104.666664	105.666664	121.333336	145.0	148.33333	149.0	148.33333	150.66667	154.0	155.0	157.33333	159.0	156.66667	155.0	156.66667	154.33333	145.33333	
45.0	44.333332	48.666668	57.666668	125.333336	152.66667	149.0	147.0	145.33333	143.66667	140.33333	134.0	110.666664	96.0	94.0	92.333336	88.333336	82.666664	86.0	81.0	76.0	77.0	104.666664	128.66667	145.33333	152.33333	155.0	157.0	156.33333	158.33333	160.0	158.0	156.33333	153.66667	149.33333	137.66667	
45.333332	45.0	45.0	38.333332	87.666664	147.0	152.0	150.33333	148.33333	146.66667	141.33333	127.666664	93.0	64.666664	76.0	100.666664	106.0	102.333336	96.0	70.666664	49.0	39.666668	55.0	106.333336	143.66667	152.66667	158.33333	158.0	156.0	157.66667	160.0	158.0	155.0	149.33333	144.66667	126.333336	
48.333332	46.0	40.666668	29.333334	53.666668	130.33333	152.33333	152.0	148.66667	148.33333	144.0	122.333336	69.0	30.666666	34.333332	56.0	58.333332	49.666668	47.0	44.0	39.333332	35.666668	59.666668	120.0	147.0	153.0	159.0	157.0	156.0	159.33333	160.0	156.33333	154.0	148.66667	138.33333	109.0	
47.666668	46.666668	48.333332	38.333332	36.666668	98.666664	150.66667	153.0	150.0	147.66667	144.0	133.0	101.0	56.0	30.666666	40.0	46.666668	41.333332	49.666668	57.0	55.0	73.0	116.666664	149.0	153.33333	154.66667	158.0	157.0	157.66667	160.66667	159.0	156.0	153.33333	146.66667	132.0	97.333336	
47.333332	47.333332	51.0	47.0	34.666668	60.333332	138.66667	155.33333	152.33333	150.33333	144.0	142.33333	132.0	107.0	81.333336	74.0	70.333336	56.666668	70.0	88.0	101.0	125.666664	147.33333	156.66667	156.66667	154.66667	155.33333	155.0	157.66667	161.0	159.0	156.0	150.0	140.66667	128.33333	96.0	
49.333332	49.0	49.666668	51.666668	42.0	37.333332	103.666664	156.0	154.33333	149.0	146.66667	144.33333	140.0	127.0	121.333336	126.666664	120.0	105.333336	109.0	122.333336	128.66667	134.66667	153.66667	155.33333	154.33333	153.66667	151.66667	152.0	155.33333	157.66667	156.0	151.66667	143.66667	135.33333	126.0	94.0	
53.333332	52.666668	48.333332	54.0	52.666668	38.666668	62.0	143.0	156.66667	150.0	149.0	146.33333	146.33333	136.66667	116.333336	121.666664	123.333336	117.0	114.0	116.333336	120.666664	140.66667	151.0	155.33333	156.33333	153.33333	149.66667	149.66667	152.33333	153.66667	151.0	145.0	134.66667	132.0	125.333336	91.0	
56.333332	56.333332	53.666668	55.333332	66.0	61.666668	42.0	97.666664	150.66667	149.0	147.33333	147.66667	149.33333	148.0	131.0	116.333336	109.666664	106.0	105.333336	115.333336	130.0	143.33333	151.0	157.0	158.66667	155.0	151.33333	148.66667	148.66667	149.66667	145.0	133.66667	127.0	130.33333	126.333336	92.0	
59.333332	58.666668	61.333332	64.333336	76.0	81.0	52.0	54.333332	129.0	146.0	146.66667	149.0	150.0	147.33333	142.33333	132.33333	123.0	117.0	115.333336	124.666664	138.0	146.66667	154.0	160.66667	163.0	159.33333	153.66667	148.66667	146.33333	142.33333	133.0	124.666664	127.333336	133.66667	125.0	97.333336	
65.0	62.666668	63.333332	67.666664	78.0	88.0	60.666668	52.666668	111.666664	140.0	145.66667	150.33333	152.66667	150.0	148.0	145.66667	143.0	139.66667	143.0	149.0	155.66667	157.66667	161.0	164.66667	165.0	160.66667	152.66667	146.33333	138.66667	129.0	121.333336	130.0	135.66667	136.66667	130.33333	113.0	
67.333336	67.333336	64.666664	66.0	81.0	92.666664	64.666664	62.333332	102.666664	119.0	139.66667	149.0	152.66667	156.0	155.66667	157.0	161.33333	163.0	163.66667	166.33333	167.33333	168.66667	168.0	165.66667	162.66667	157.33333	147.0	139.0	127.333336	120.333336	127.0	136.66667	142.0	142.33333	138.33333	128.66667	
67.333336	68.0	68.0	69.333336	80.0	90.666664	74.333336	53.0	78.0	78.0	105.666664	143.0	151.33333	157.0	163.0	164.33333	163.66667	163.33333	164.0	165.33333	166.33333	167.0	165.0	160.0	153.66667	147.33333	136.0	124.666664	120.0	124.666664	133.66667	139.33333	143.33333	146.66667	145.0	140.33333	
73.0	71.666664	70.0	72.333336	74.333336	73.666664	59.0	39.666668	44.0	40.0	44.0	97.333336	140.66667	151.0	154.33333	154.66667	155.0	154.66667	155.0	155.0	157.66667	158.66667	155.33333	149.33333	140.0	128.33333	119.0	117.333336	124.666664	132.33333	138.66667	140.33333	141.33333	145.0	146.0	142.0	
79.333336	71.666664	64.333336	59.0	51.333332	43.666668	38.333332	39.666668	41.0	34.333332	26.666666	34.333332	85.0	137.33333	144.0	147.66667	147.33333	143.66667	142.33333	141.66667	140.33333	139.0	135.33333	127.333336	116.333336	108.666664	109.666664	118.666664	127.333336	133.0	137.33333	137.33333	137.66667	143.33333	145.66667	139.66667	
