32.333332	32.333332	29.0	22.333334	19.0	23.0	29.0	33.0	40.0	42.0	43.666668	43.0	51.0	56.666668	59.666668	72.333336	85.666664	98.666664	126.666664	157.33333	179.0	193.66667	198.33333	203.0	210.33333	218.0	222.33333	225.0	228.33333	229.33333	231.0	231.66667	232.0	228.66667	221.33333	202.66667	
30.0	27.666666	24.666666	22.333334	19.666666	20.666666	24.666666	27.666666	33.666668	36.333332	39.0	42.0	52.0	59.666668	64.666664	78.333336	95.333336	114.333336	147.0	172.66667	185.66667	195.33333	200.0	205.66667	213.0	220.0	223.66667	225.0	227.66667	229.33333	231.0	232.0	233.33333	232.33333	229.0	206.66667	
22.0	22.666666	26.666666	24.666666	20.333334	19.333334	21.0	26.0	32.666668	35.333332	40.333332	50.0	61.0	76.0	91.333336	103.0	119.0	135.33333	158.0	177.66667	189.66667	197.0	202.66667	208.33333	213.33333	220.33333	225.0	225.33333	225.33333	227.33333	229.33333	231.0	234.66667	235.33333	234.33333	211.33333	
22.666666	23.0	24.666666	24.0	23.666666	28.0	32.0	34.0	36.0	36.0	38.333332	48.333332	68.0	101.333336	119.333336	123.333336	134.66667	145.66667	162.33333	180.33333	191.66667	199.66667	205.33333	209.66667	212.33333	218.66667	223.0	223.66667	224.33333	226.0	228.33333	231.33333	235.33333	235.0	233.66667	210.33333	
32.333332	32.0	30.0	30.333334	37.0	41.0	39.333332	36.666668	36.0	34.666668	40.333332	63.0	96.0	125.666664	135.66667	140.33333	152.0	158.0	165.0	181.0	193.66667	203.0	208.66667	213.33333	217.0	221.33333	223.66667	224.0	223.33333	224.66667	226.66667	229.33333	234.66667	235.0	232.33333	210.0	
55.666668	59.0	53.333332	56.0	63.0	57.666668	50.0	47.0	44.666668	44.333332	62.0	99.666664	140.0	164.66667	170.33333	173.66667	178.0	181.0	184.33333	197.66667	203.66667	210.0	213.33333	217.66667	223.0	226.33333	225.66667	224.0	222.0	222.66667	224.33333	226.33333	233.0	236.0	233.0	206.33333	
86.666664	101.0	102.0	104.666664	97.666664	84.333336	74.666664	72.0	73.333336	93.0	125.0	158.66667	181.0	193.0	199.33333	199.66667	198.66667	201.66667	206.0	210.33333	211.33333	216.0	221.0	223.33333	227.33333	229.66667	229.33333	228.0	225.66667	224.66667	227.0	228.0	231.33333	234.0	230.66667	197.33333	
108.666664	128.33333	142.0	146.66667	139.66667	129.66667	122.333336	122.0	137.33333	155.0	169.0	183.66667	196.66667	206.33333	212.33333	211.33333	210.0	211.0	214.66667	214.33333	215.0	221.0	224.33333	225.33333	228.33333	232.33333	232.66667	232.0	231.0	231.66667	233.0	232.33333	232.0	231.66667	227.66667	193.0	
121.333336	141.0	156.66667	163.66667	168.0	164.33333	160.0	160.66667	169.33333	176.66667	183.33333	191.66667	201.66667	213.0	219.0	218.66667	217.66667	216.0	217.0	217.0	218.0	221.66667	224.0	223.0	226.33333	231.33333	233.0	234.0	236.0	237.33333	236.33333	236.33333	235.0	232.66667	226.66667	197.0	
125.0	143.66667	159.33333	172.0	180.66667	180.33333	178.33333	180.0	180.33333	187.0	190.66667	193.33333	200.0	208.33333	214.0	217.66667	220.33333	219.0	219.33333	218.33333	215.66667	217.33333	219.66667	220.33333	225.66667	229.33333	230.66667	232.66667	236.33333	237.33333	236.66667	235.66667	235.33333	236.0	225.66667	194.66667	
126.0	146.66667	164.33333	182.0	191.0	192.0	192.0	191.0	190.33333	193.0	192.66667	195.33333	199.0	199.33333	198.66667	202.66667	211.33333	212.33333	211.66667	210.0	205.33333	209.33333	216.33333	221.66667	223.66667	221.66667	219.33333	220.33333	223.0	223.66667	221.0	220.0	222.33333	230.0	226.66667	198.0	
125.333336	152.0	171.0	187.0	194.0	199.66667	201.33333	197.66667	191.66667	188.0	182.0	184.33333	190.33333	191.66667	192.0	190.66667	197.66667	197.66667	191.0	189.33333	189.33333	195.33333	199.66667	202.0	200.33333	188.66667	171.33333	165.66667	169.0	170.33333	172.0	179.0	186.0	202.0	217.0	204.66667	
115.333336	153.0	173.0	182.66667	182.0	185.0	181.33333	174.33333	163.0	148.33333	141.66667	150.0	157.0	166.0	179.0	178.33333	187.33333	186.0	171.33333	161.33333	160.0	164.0	158.0	153.0	146.66667	130.33333	109.0	102.0	109.0	122.333336	145.33333	160.33333	164.0	171.33333	192.66667	200.0	
109.333336	153.66667	167.33333	157.66667	151.0	150.0	141.0	134.0	119.333336	96.666664	83.333336	88.0	98.333336	110.333336	123.333336	131.66667	152.0	161.0	153.66667	141.33333	132.33333	128.33333	120.0	117.0	114.0	108.333336	101.333336	103.666664	122.666664	138.0	153.66667	157.33333	153.66667	155.0	173.33333	189.33333	
109.666664	156.0	151.66667	120.666664	115.666664	115.333336	113.333336	107.666664	92.666664	76.666664	58.333332	50.0	51.0	59.333332	69.333336	77.666664	107.666664	142.33333	156.0	145.66667	124.333336	113.666664	105.666664	113.333336	119.666664	116.666664	112.666664	123.0	152.33333	173.66667	182.0	184.66667	171.33333	151.0	158.0	174.66667	
98.0	140.66667	140.33333	112.0	96.666664	102.333336	121.333336	133.0	134.66667	125.0	100.333336	73.0	54.666668	52.0	56.0	62.0	80.333336	125.666664	167.33333	161.66667	135.0	119.0	107.333336	115.666664	113.333336	102.666664	88.666664	101.333336	127.0	150.33333	163.66667	164.33333	176.0	157.0	146.66667	150.66667	
111.666664	113.0	111.333336	104.666664	92.666664	115.0	119.666664	121.333336	113.666664	101.0	91.333336	71.666664	52.333332	42.666668	44.0	54.666668	67.666664	107.0	162.66667	165.66667	154.0	142.33333	125.333336	105.333336	81.333336	69.666664	55.0	53.0	68.666664	98.0	117.666664	133.0	147.66667	151.0	150.0	160.33333	
129.66667	132.0	110.333336	101.333336	107.0	100.0	73.0	64.0	55.0	48.333332	58.333332	57.0	43.666668	41.666668	44.333332	55.0	69.666664	92.333336	151.66667	183.0	175.0	143.66667	133.0	111.666664	87.666664	69.666664	74.0	73.666664	74.0	96.333336	118.666664	128.33333	146.33333	161.0	174.66667	174.66667	
140.33333	141.66667	113.0	104.0	96.333336	75.0	69.666664	74.333336	75.666664	77.333336	92.0	91.666664	80.333336	84.333336	97.0	92.0	83.0	110.333336	181.33333	214.33333	202.66667	152.0	134.33333	134.66667	115.333336	104.0	114.0	128.0	134.0	143.66667	164.33333	175.33333	177.33333	179.0	191.66667	180.66667	
151.66667	143.0	117.333336	107.333336	89.666664	98.666664	123.666664	123.333336	119.333336	121.666664	127.0	116.0	100.666664	107.0	123.0	104.666664	85.0	133.0	203.0	223.66667	218.33333	176.0	140.33333	143.33333	130.66667	113.666664	109.0	117.0	130.66667	144.33333	164.33333	182.66667	197.66667	195.0	198.33333	192.0	
164.33333	152.66667	123.666664	123.333336	115.0	125.0	132.0	119.666664	106.0	102.333336	98.333336	90.666664	90.0	110.333336	114.333336	101.666664	103.333336	150.0	202.0	224.0	224.0	192.66667	154.0	159.66667	161.0	148.66667	131.66667	123.0	127.333336	142.0	167.0	192.33333	200.33333	203.0	206.0	196.66667	
168.66667	163.33333	140.66667	145.33333	134.66667	137.33333	135.0	114.666664	98.666664	91.333336	91.0	103.0	116.333336	129.33333	125.0	112.0	131.33333	161.0	195.33333	221.66667	223.66667	203.66667	163.33333	162.66667	173.33333	177.0	171.0	165.33333	165.0	172.66667	184.66667	200.66667	206.66667	209.0	210.66667	204.66667	
166.66667	166.33333	155.33333	157.0	145.33333	142.66667	140.66667	136.0	130.0	123.0	126.333336	134.66667	142.0	148.0	146.33333	137.33333	157.33333	173.66667	199.66667	219.33333	221.0	215.66667	196.33333	178.33333	177.66667	177.0	184.66667	193.0	194.0	196.33333	199.66667	205.66667	210.66667	212.0	214.66667	201.66667	
160.33333	166.66667	167.33333	164.0	164.66667	156.33333	150.33333	156.66667	159.33333	153.33333	151.33333	155.33333	163.0	159.66667	144.0	148.0	160.0	177.0	204.0	220.0	221.0	220.0	216.66667	201.0	180.0	183.33333	175.0	185.0	194.66667	202.0	204.0	211.33333	218.0	218.0	215.0	203.33333	
155.33333	165.0	166.66667	165.66667	168.33333	170.0	170.0	173.33333	175.0	174.66667	177.33333	176.0	165.33333	134.66667	137.0	153.66667	163.0	181.66667	202.66667	217.33333	218.0	220.0	220.0	207.0	177.66667	169.66667	168.66667	177.0	187.33333	196.66667	203.66667	214.66667	224.33333	222.33333	215.0	215.0	
154.66667	166.33333	162.66667	168.33333	170.33333	166.33333	162.66667	164.66667	165.33333	170.0	163.33333	146.66667	118.0	119.333336	161.33333	172.33333	174.33333	183.33333	199.0	212.33333	211.66667	221.33333	220.0	210.66667	199.0	158.0	144.33333	164.0	176.66667	186.33333	195.0	205.33333	215.66667	221.33333	224.66667	223.0	
151.0	164.66667	162.0	167.33333	172.33333	159.33333	148.33333	138.33333	126.333336	113.0	94.333336	77.0	66.0	113.0	169.66667	179.0	175.33333	176.66667	184.33333	190.33333	191.0	205.0	213.66667	217.0	217.0	170.33333	123.0	122.666664	147.66667	169.66667	184.0	199.33333	218.33333	228.0	229.66667	224.0	
143.66667	157.33333	160.33333	167.0	170.0	161.33333	154.33333	144.33333	125.333336	97.333336	65.666664	59.333332	83.666664	114.333336	134.0	142.0	140.0	144.0	150.0	152.0	163.33333	179.66667	184.66667	189.66667	194.66667	183.66667	148.33333	107.666664	93.0	139.0	176.33333	199.0	214.66667	226.0	231.33333	226.66667	
140.33333	151.33333	155.66667	164.66667	167.66667	155.66667	142.0	125.333336	95.333336	58.666668	54.333332	90.333336	122.333336	118.0	82.333336	61.666668	64.0	80.666664	93.0	102.666664	136.0	158.33333	151.33333	142.33333	165.0	181.0	172.33333	142.66667	89.666664	78.333336	124.0	174.33333	201.0	220.0	222.0	222.66667	
146.66667	145.66667	151.66667	158.0	155.66667	140.33333	119.666664	92.333336	58.666668	47.666668	81.666664	118.0	130.0	132.66667	98.333336	57.333332	39.333332	43.666668	58.666668	71.666664	114.333336	145.66667	149.0	159.0	178.66667	183.0	178.33333	169.33333	142.66667	93.0	80.333336	130.0	177.33333	206.0	210.33333	212.33333	
152.66667	143.33333	146.0	143.33333	137.0	119.333336	95.333336	63.0	42.666668	72.333336	109.0	125.666664	131.66667	134.66667	124.333336	101.0	72.333336	52.333332	57.0	71.0	94.333336	121.333336	150.66667	176.0	183.33333	185.33333	184.0	179.66667	172.66667	145.66667	91.0	85.666664	144.0	192.0	201.66667	199.33333	
152.0	143.0	134.33333	126.666664	119.666664	97.0	69.333336	45.0	57.666668	105.0	123.333336	127.0	132.66667	136.33333	134.0	123.666664	104.666664	87.0	86.0	82.0	81.666664	107.666664	147.66667	179.33333	186.66667	190.0	190.0	183.33333	170.66667	166.33333	133.66667	75.333336	116.666664	181.33333	194.33333	189.33333	
186.33333	153.0	127.333336	116.666664	110.0	83.666664	50.333332	40.666668	74.333336	104.666664	109.0	121.333336	131.66667	139.0	141.0	135.66667	128.0	122.666664	120.333336	115.666664	112.666664	128.33333	156.66667	184.33333	195.33333	200.0	197.33333	184.33333	160.66667	147.33333	144.33333	91.666664	95.333336	171.33333	195.0	188.0	
201.66667	158.66667	124.333336	110.0	107.666664	83.666664	50.0	44.333332	73.0	84.333336	89.666664	110.333336	130.66667	140.66667	143.66667	146.33333	148.0	151.66667	153.66667	154.33333	152.66667	161.0	176.66667	193.0	204.33333	202.33333	193.66667	176.33333	150.66667	133.66667	137.66667	112.666664	96.333336	170.33333	192.33333	184.33333	
203.0	162.66667	123.666664	106.333336	106.333336	92.333336	66.666664	58.666668	75.666664	72.666664	68.333336	84.666664	96.0	104.0	106.333336	111.333336	115.666664	121.333336	128.0	137.33333	143.66667	143.66667	154.66667	166.33333	171.33333	159.0	131.66667	109.666664	122.666664	143.0	146.66667	129.66667	123.666664	174.66667	187.66667	184.33333	
207.0	167.33333	124.333336	105.333336	104.666664	102.0	95.0	87.666664	90.666664	82.0	61.333332	42.0	45.333332	61.666668	71.333336	78.666664	86.0	94.0	98.0	104.333336	117.666664	122.666664	136.66667	151.0	157.66667	126.0	69.666664	92.666664	155.0	171.66667	159.0	149.66667	156.0	182.33333	185.0	188.66667	
208.0	172.66667	124.666664	102.333336	97.333336	103.666664	115.333336	113.666664	107.666664	101.0	96.0	66.0	43.0	59.666668	80.0	78.666664	79.333336	91.333336	111.333336	111.0	119.0	146.66667	156.66667	167.33333	171.33333	140.0	126.0	169.66667	193.33333	187.0	170.33333	164.0	171.66667	184.66667	184.0	190.0	
207.33333	172.0	125.666664	107.333336	95.333336	98.333336	116.666664	125.0	120.0	114.0	118.333336	119.333336	99.0	88.666664	97.666664	94.0	104.666664	131.0	163.66667	150.0	144.0	169.66667	173.0	179.33333	184.33333	183.33333	194.66667	206.0	200.0	192.0	179.33333	173.0	179.0	183.66667	185.33333	191.33333	
184.0	124.333336	119.666664	111.0	101.333336	95.333336	110.333336	126.333336	128.66667	123.0	121.0	128.0	132.33333	128.66667	119.333336	113.666664	130.0	154.33333	170.33333	162.33333	155.33333	165.33333	179.0	189.33333	199.66667	208.66667	210.66667	205.33333	196.66667	195.0	190.33333	182.66667	180.0	182.33333	184.0	188.66667	
119.666664	58.333332	107.666664	111.666664	106.0	99.0	101.666664	116.0	130.33333	129.0	129.0	128.33333	133.33333	138.33333	138.0	132.33333	127.0	138.33333	148.66667	152.33333	154.33333	160.33333	176.33333	196.0	206.66667	206.33333	203.33333	199.33333	194.33333	196.66667	196.33333	190.66667	181.66667	182.0	182.33333	190.0	
58.333332	30.666666	96.333336	102.333336	101.333336	104.0	97.666664	101.0	125.0	135.33333	139.0	132.0	133.66667	131.66667	132.33333	132.0	126.666664	124.333336	126.333336	134.0	142.66667	149.66667	158.66667	176.0	188.0	191.66667	196.66667	196.66667	194.33333	201.33333	204.0	194.0	184.33333	181.33333	182.33333	192.0	
29.0	60.666668	114.666664	102.0	95.333336	101.666664	101.666664	93.666664	118.333336	142.0	152.66667	144.0	132.66667	122.0	112.0	103.666664	103.0	105.666664	109.666664	118.666664	133.66667	139.33333	140.0	154.33333	171.33333	183.33333	191.66667	194.66667	203.0	210.0	208.0	194.0	187.33333	183.66667	174.0	164.66667	
26.333334	90.333336	120.666664	106.666664	86.333336	92.333336	103.666664	99.666664	110.0	135.33333	160.0	160.33333	146.0	130.33333	114.333336	96.666664	88.333336	97.0	107.666664	115.0	129.66667	144.66667	147.66667	162.66667	179.0	187.33333	191.66667	198.0	210.33333	214.0	207.33333	196.33333	188.66667	180.66667	132.66667	77.0	
28.666666	107.0	119.333336	127.666664	92.666664	81.0	95.333336	106.666664	108.0	124.0	151.66667	171.0	174.33333	161.33333	140.33333	126.333336	120.0	123.333336	139.0	150.66667	160.0	172.66667	187.33333	200.33333	204.66667	202.33333	203.0	211.0	218.66667	216.33333	204.33333	195.66667	183.33333	139.33333	67.666664	39.0	
28.333334	112.333336	137.33333	148.0	118.333336	78.666664	76.666664	101.333336	110.666664	115.666664	134.33333	163.66667	183.66667	190.66667	174.66667	166.0	170.33333	175.66667	181.66667	185.0	188.66667	191.66667	201.0	211.66667	214.66667	216.0	218.66667	220.33333	217.33333	209.66667	197.33333	187.33333	146.0	74.333336	36.0	33.333332	
26.0	96.666664	167.0	158.0	133.66667	93.333336	70.666664	79.666664	99.333336	107.333336	117.0	145.66667	168.0	187.33333	194.0	187.66667	185.0	191.0	195.0	194.0	193.33333	192.0	194.66667	200.0	210.33333	216.66667	219.33333	217.66667	207.33333	193.33333	183.0	168.33333	94.666664	45.666668	34.333332	32.0	
22.666666	57.0	167.33333	174.0	144.33333	116.666664	83.666664	63.0	71.0	84.333336	91.0	114.0	135.33333	158.66667	179.33333	189.66667	183.0	179.33333	182.33333	182.66667	185.66667	189.0	191.66667	197.0	205.33333	209.33333	208.33333	203.33333	192.33333	171.0	149.0	170.33333	96.666664	49.0	42.333332	35.0	
22.333334	27.333334	103.333336	185.66667	161.66667	130.66667	103.666664	72.0	56.333332	59.0	64.333336	80.666664	101.0	120.333336	139.66667	154.33333	157.66667	158.66667	158.66667	161.0	167.33333	172.0	181.66667	187.33333	188.66667	188.0	185.0	178.66667	168.66667	134.0	84.333336	157.0	99.0	54.0	52.0	42.333332	
26.0	24.0	38.0	121.666664	177.0	155.0	121.666664	89.0	65.0	52.333332	48.333332	53.333332	60.666668	72.0	88.333336	99.333336	106.666664	117.666664	126.333336	134.66667	143.66667	145.66667	152.0	158.0	161.0	161.33333	155.66667	159.66667	169.66667	103.333336	50.666668	149.0	81.333336	52.0	54.0	51.333332	
