52.666668	29.333334	16.666666	40.666668	87.0	130.0	154.33333	168.0	176.0	184.33333	187.66667	191.0	196.33333	202.0	204.33333	204.33333	203.66667	201.66667	199.33333	197.33333	193.66667	184.33333	176.66667	172.33333	164.33333	157.33333	149.66667	139.66667	133.33333	133.0	128.66667	129.66667	123.333336	96.0	57.333332	29.0	
44.333332	28.333334	27.0	70.0	114.333336	141.0	161.0	173.0	181.33333	190.33333	193.33333	197.33333	202.66667	206.66667	207.66667	206.33333	205.33333	204.0	203.33333	202.0	197.33333	184.66667	173.66667	168.0	159.0	151.66667	145.66667	140.66667	133.66667	129.0	125.0	132.0	136.33333	120.666664	82.666664	44.333332	
31.333334	27.0	49.0	99.666664	134.66667	153.66667	173.33333	185.0	191.0	197.33333	199.33333	201.33333	204.0	206.33333	206.0	203.33333	201.66667	201.33333	200.66667	200.33333	196.0	182.66667	168.33333	160.33333	151.0	143.66667	140.33333	138.0	128.66667	122.0	124.666664	133.66667	142.66667	137.0	105.333336	63.0	
24.333334	27.0	70.333336	117.0	143.0	166.0	184.33333	193.33333	195.0	199.33333	201.0	201.66667	203.0	204.66667	204.0	202.0	200.66667	200.0	198.0	196.0	192.33333	181.0	164.0	151.66667	142.33333	138.33333	139.0	138.33333	126.666664	119.333336	122.333336	129.0	138.33333	141.33333	116.333336	75.333336	
14.333333	28.666666	89.333336	124.0	142.0	165.66667	183.0	191.33333	193.33333	197.33333	200.33333	200.66667	203.66667	205.33333	204.33333	200.66667	199.66667	198.33333	194.0	190.33333	187.0	178.0	162.0	150.66667	143.66667	142.33333	143.66667	139.0	127.666664	118.0	115.666664	120.0	129.66667	130.66667	113.666664	81.666664	
12.0	38.333332	104.666664	126.0	142.0	161.0	177.33333	188.33333	189.66667	193.66667	197.33333	198.0	200.33333	202.0	200.33333	197.33333	197.0	196.66667	193.33333	187.66667	182.0	172.66667	159.0	152.33333	147.66667	145.33333	146.66667	139.33333	126.333336	119.0	116.333336	118.0	126.666664	120.0	104.333336	81.0	
15.666667	49.333332	109.333336	126.666664	142.33333	158.66667	171.66667	182.66667	185.0	188.66667	190.66667	195.0	200.0	200.66667	200.33333	200.66667	199.0	196.0	195.33333	194.33333	188.66667	175.0	154.33333	148.33333	146.66667	145.66667	145.33333	135.0	124.333336	120.666664	121.0	120.0	124.666664	112.666664	95.0	75.0	
21.666666	63.0	107.666664	125.333336	141.66667	157.33333	171.0	183.0	189.0	192.66667	191.33333	194.66667	199.66667	200.66667	202.0	202.0	199.33333	196.0	196.0	196.33333	189.0	175.0	159.33333	154.33333	153.33333	148.0	141.66667	132.0	125.0	123.666664	123.666664	121.666664	122.0	110.666664	94.0	73.666664	
28.333334	74.0	107.666664	120.0	139.33333	160.66667	176.0	189.33333	197.0	198.66667	196.66667	193.66667	195.66667	198.66667	201.66667	201.33333	200.33333	198.0	195.66667	187.66667	171.0	162.0	161.33333	162.0	161.0	156.66667	147.33333	135.66667	128.66667	123.666664	120.0	117.0	112.333336	104.333336	93.0	70.333336	
32.666668	76.333336	107.0	121.333336	138.33333	163.66667	181.66667	192.0	197.66667	197.0	197.66667	197.0	195.0	198.0	200.66667	199.33333	197.33333	193.66667	186.0	172.33333	154.0	152.0	159.0	162.0	165.0	165.0	159.33333	148.33333	135.66667	122.333336	117.666664	112.666664	106.333336	101.666664	94.333336	73.333336	
35.333332	78.666664	108.0	127.333336	140.33333	159.66667	178.0	187.33333	193.66667	193.0	195.33333	196.33333	188.0	191.0	195.0	189.66667	185.0	181.0	176.33333	170.0	165.0	167.0	165.33333	162.66667	162.33333	160.66667	158.0	154.33333	143.0	126.666664	118.333336	118.333336	116.333336	111.666664	101.666664	79.666664	
38.0	81.333336	110.333336	131.66667	143.33333	152.0	168.0	177.33333	185.0	182.33333	182.66667	184.0	172.33333	176.66667	177.33333	165.33333	160.33333	166.0	168.33333	165.66667	162.66667	150.66667	133.33333	128.66667	125.0	123.666664	129.0	138.0	139.0	128.66667	122.0	122.666664	122.333336	116.666664	105.333336	83.0	
38.666668	82.666664	116.333336	132.66667	142.33333	149.33333	160.0	164.33333	164.33333	154.33333	150.33333	163.0	158.33333	159.0	151.66667	131.33333	125.666664	132.33333	127.0	113.333336	104.333336	94.0	89.0	93.0	89.0	83.0	86.0	100.666664	114.666664	119.666664	119.0	121.0	125.0	122.666664	112.0	89.666664	
38.666668	83.333336	124.666664	131.66667	134.33333	144.0	149.33333	145.66667	135.0	114.0	116.666664	145.0	149.33333	146.33333	129.33333	100.333336	83.666664	80.666664	71.0	57.666668	55.333332	58.666668	64.333336	74.333336	75.0	65.333336	58.0	64.333336	82.666664	102.333336	113.666664	121.333336	128.33333	130.0	121.333336	96.666664	
36.666668	83.333336	115.333336	116.0	109.666664	111.0	104.666664	97.333336	88.333336	76.0	100.0	127.0	129.66667	127.333336	107.666664	79.333336	59.333332	47.0	40.666668	41.0	45.0	54.666668	65.0	73.666664	76.0	72.666664	64.333336	57.0	66.333336	90.0	110.666664	123.666664	130.66667	134.66667	128.33333	104.0	
44.333332	82.0	82.666664	77.333336	78.0	79.0	64.0	53.0	47.0	45.0	68.0	92.666664	111.0	119.666664	101.666664	71.0	50.0	36.666668	37.666668	40.666668	42.666668	58.0	70.0	76.333336	82.666664	88.0	79.0	66.0	66.333336	82.0	102.333336	122.333336	134.33333	139.66667	134.66667	111.333336	
55.0	69.0	63.333332	69.0	67.333336	59.0	44.666668	33.333332	30.666666	34.0	48.0	96.666664	152.0	163.33333	137.66667	91.333336	60.0	47.666668	44.0	45.0	51.333332	53.333332	47.666668	46.0	55.0	63.333332	67.333336	68.0	70.666664	76.666664	89.0	112.333336	129.66667	134.66667	132.33333	117.333336	
43.333332	53.666668	58.333332	77.0	76.333336	62.333332	44.666668	33.333332	30.0	35.666668	53.0	120.666664	180.0	180.0	153.33333	108.666664	78.666664	73.666664	71.666664	74.0	91.333336	78.666664	59.333332	57.333332	58.666668	48.0	45.333332	58.333332	74.666664	82.666664	93.333336	110.666664	125.0	131.66667	132.0	121.333336	
31.0	55.666668	67.666664	84.0	71.333336	46.666668	36.666668	56.0	64.333336	55.333332	77.0	147.33333	183.33333	180.33333	157.33333	120.666664	97.0	103.666664	116.0	118.666664	124.666664	116.0	109.666664	110.666664	106.0	89.0	76.666664	80.333336	89.0	96.333336	111.333336	125.333336	133.0	135.33333	131.0	120.666664	
41.0	71.0	73.666664	62.333332	35.0	30.666666	45.0	83.333336	103.0	89.0	110.666664	171.66667	189.0	180.0	157.0	131.0	115.333336	121.0	136.33333	140.66667	141.66667	140.0	135.66667	131.66667	127.666664	128.33333	133.0	133.0	121.666664	121.666664	135.66667	143.33333	142.0	137.33333	127.333336	119.0	
55.666668	84.333336	69.666664	43.0	36.666668	67.333336	90.333336	114.666664	121.666664	118.666664	136.33333	177.33333	188.0	172.33333	147.33333	139.0	128.33333	127.333336	145.0	155.0	155.33333	157.0	157.66667	155.0	152.33333	152.0	151.0	147.66667	144.33333	150.66667	159.0	155.33333	144.33333	132.0	120.333336	113.333336	
72.666664	95.666664	75.0	54.333332	73.0	107.0	130.66667	142.0	139.33333	140.0	151.33333	179.33333	182.0	163.0	144.0	136.66667	128.33333	131.66667	149.0	165.0	167.0	160.33333	160.66667	158.33333	152.33333	147.66667	147.0	152.0	159.33333	165.0	163.33333	154.66667	144.66667	130.33333	118.0	109.0	
90.333336	110.333336	95.666664	91.333336	113.333336	128.0	141.0	143.66667	145.0	146.66667	159.66667	183.66667	177.66667	157.33333	141.66667	131.0	128.0	134.0	152.33333	176.66667	183.33333	172.33333	161.33333	154.0	151.33333	154.0	164.0	174.0	176.0	172.0	163.66667	151.66667	139.33333	127.666664	117.666664	105.666664	
99.0	121.333336	116.0	113.666664	126.666664	135.66667	140.33333	144.0	155.33333	146.66667	163.33333	190.33333	180.66667	151.66667	132.66667	118.333336	108.666664	108.0	140.33333	183.0	197.33333	191.66667	182.33333	178.66667	176.0	174.0	176.33333	174.66667	170.66667	166.0	158.66667	146.0	130.66667	122.333336	115.666664	100.666664	
103.666664	125.333336	128.33333	129.33333	129.0	141.66667	153.0	165.33333	164.0	143.66667	170.33333	196.66667	184.0	149.0	131.0	132.33333	124.333336	106.333336	120.0	165.66667	195.0	198.66667	197.0	191.66667	181.33333	173.66667	167.0	161.33333	157.33333	150.66667	144.66667	134.0	122.0	114.0	107.333336	97.0	
103.0	122.666664	131.66667	143.33333	144.66667	155.33333	170.33333	177.33333	155.66667	133.33333	163.33333	181.0	168.66667	147.33333	135.66667	145.0	151.33333	139.66667	119.666664	135.33333	176.33333	196.66667	199.33333	195.66667	187.33333	179.0	170.0	161.66667	151.33333	143.33333	136.33333	127.666664	116.666664	104.333336	95.666664	93.333336	
105.666664	121.666664	129.66667	136.33333	146.66667	162.0	175.33333	169.0	135.33333	124.333336	142.66667	147.0	134.66667	122.0	114.0	121.0	123.666664	129.33333	118.333336	108.333336	141.33333	181.33333	196.0	195.66667	188.33333	180.66667	175.33333	166.66667	150.66667	140.66667	131.66667	122.666664	110.666664	98.666664	91.333336	90.666664	
111.333336	121.333336	128.66667	133.0	148.66667	166.0	169.33333	145.66667	108.333336	99.0	102.666664	102.666664	90.666664	80.0	62.0	54.0	54.333332	67.666664	80.333336	89.333336	115.333336	152.0	177.66667	184.66667	181.0	172.66667	166.33333	158.33333	147.0	138.66667	131.0	122.666664	110.333336	97.666664	91.333336	92.666664	
112.0	117.666664	125.666664	135.0	150.0	160.33333	152.33333	115.0	80.0	66.333336	58.0	58.0	55.333332	45.666668	27.666666	22.0	29.0	36.0	55.666668	93.666664	114.333336	124.333336	148.0	164.66667	170.66667	167.0	156.66667	146.33333	139.33333	135.0	130.0	123.666664	112.0	98.333336	91.666664	93.333336	
114.333336	116.666664	124.0	135.33333	149.0	149.0	128.0	85.0	76.0	81.0	63.333332	49.666668	37.666668	29.666666	28.333334	42.666668	63.0	76.333336	91.0	117.333336	127.333336	122.333336	126.666664	139.33333	151.0	154.66667	149.66667	138.66667	130.0	128.0	127.666664	124.666664	115.333336	102.333336	95.0	93.666664	
117.0	115.333336	119.333336	130.0	142.66667	135.66667	102.0	64.333336	85.0	105.666664	89.333336	77.666664	59.333332	47.333332	55.333332	78.0	94.0	109.666664	118.666664	118.666664	128.33333	135.33333	118.666664	118.333336	133.0	137.66667	136.33333	130.0	123.666664	124.0	125.333336	123.666664	115.666664	104.333336	97.333336	95.666664	
117.333336	113.0	112.333336	123.333336	132.33333	120.666664	83.0	65.0	96.666664	112.0	98.666664	99.333336	91.333336	82.333336	89.0	107.0	114.666664	119.0	125.0	126.666664	132.0	136.33333	122.0	109.333336	118.0	128.0	123.666664	116.0	120.0	124.333336	124.666664	124.333336	118.666664	109.333336	102.666664	97.666664	
117.0	110.0	105.333336	113.666664	120.0	104.333336	69.333336	74.666664	109.333336	117.666664	115.666664	118.333336	115.333336	108.333336	113.333336	122.666664	130.33333	130.66667	132.66667	133.66667	130.66667	128.33333	125.0	113.333336	105.0	114.666664	117.0	111.666664	119.0	122.333336	124.666664	127.0	124.333336	117.333336	108.333336	98.333336	
116.666664	109.0	101.666664	107.333336	110.666664	92.333336	63.333332	82.333336	111.0	117.0	126.0	139.0	145.0	141.33333	138.33333	139.0	142.0	138.33333	136.66667	131.0	121.0	117.0	118.666664	116.666664	102.666664	101.333336	114.666664	113.666664	117.333336	118.666664	122.333336	127.666664	128.33333	120.666664	108.333336	96.333336	
119.333336	111.666664	101.333336	103.666664	104.0	85.0	66.666664	90.666664	113.0	118.333336	124.666664	129.33333	138.66667	146.0	138.0	127.0	126.666664	125.666664	120.0	112.333336	100.0	97.0	99.0	106.0	102.666664	96.666664	115.333336	119.0	114.333336	112.333336	116.666664	125.0	127.0	118.333336	104.333336	89.333336	
121.333336	115.0	103.0	98.666664	98.0	82.0	70.0	96.666664	109.333336	105.333336	93.333336	74.333336	75.0	82.333336	75.333336	67.666664	70.0	72.0	73.666664	75.0	70.333336	69.666664	71.666664	80.666664	92.333336	102.0	126.0	129.66667	116.333336	108.666664	113.333336	123.0	124.0	113.333336	98.666664	83.666664	
121.333336	117.333336	105.666664	98.0	98.666664	88.333336	79.666664	98.666664	95.0	75.333336	47.333332	28.0	30.333334	32.333332	25.0	23.333334	21.666666	20.333334	24.666666	31.333334	33.333332	34.666668	38.0	54.333332	76.333336	107.0	137.66667	136.66667	117.666664	108.333336	114.666664	123.0	119.666664	107.333336	91.333336	75.666664	
119.0	116.666664	107.0	97.333336	99.0	103.333336	98.666664	99.333336	76.0	46.0	22.0	14.0	15.0	14.333333	13.0	13.666667	15.333333	18.666666	20.333334	18.666666	24.666666	22.333334	27.0	46.0	73.666664	110.0	136.33333	134.0	116.333336	104.0	111.333336	120.0	109.0	95.0	81.0	66.0	
116.333336	115.0	107.666664	97.0	96.666664	112.333336	111.666664	94.333336	59.666668	35.333332	16.666666	15.333333	28.666666	44.0	54.0	60.0	64.0	71.333336	75.0	63.333332	64.666664	62.0	72.0	92.0	106.0	121.0	133.33333	128.66667	109.0	97.666664	106.333336	112.666664	95.333336	80.0	72.333336	61.333332	
118.333336	114.666664	106.0	96.666664	95.0	112.333336	115.333336	89.666664	60.666668	54.666668	40.666668	40.333332	78.0	106.333336	112.666664	116.333336	117.666664	117.333336	117.0	103.333336	104.0	111.333336	124.0	137.66667	137.0	134.33333	132.66667	119.666664	97.666664	90.333336	103.666664	105.666664	86.333336	71.0	65.666664	56.333332	
120.333336	116.666664	109.0	98.333336	96.333336	107.666664	112.666664	90.666664	80.0	92.0	84.333336	73.0	99.666664	117.333336	124.0	128.33333	126.333336	123.333336	125.0	119.666664	125.0	134.66667	142.66667	148.0	144.33333	140.0	131.33333	111.333336	90.0	86.666664	100.333336	96.333336	79.333336	64.666664	56.0	47.333332	
120.666664	118.666664	114.666664	104.333336	102.0	104.0	103.333336	95.333336	102.333336	117.0	108.0	96.666664	108.333336	120.0	124.666664	127.333336	127.0	124.0	121.666664	121.0	127.666664	139.33333	145.33333	146.33333	145.66667	146.0	134.33333	104.333336	81.666664	82.333336	93.666664	87.0	71.333336	58.333332	49.333332	44.666668	
121.666664	118.333336	115.666664	108.0	106.333336	103.0	101.0	106.0	116.333336	122.333336	109.666664	100.333336	104.666664	108.666664	108.333336	112.0	116.0	116.666664	118.333336	124.0	132.66667	140.66667	147.66667	149.66667	152.33333	153.66667	134.33333	97.666664	75.0	79.333336	90.666664	83.666664	66.666664	52.333332	45.333332	47.333332	
120.0	113.333336	109.0	105.0	106.0	104.666664	105.666664	117.333336	124.333336	123.333336	115.0	102.666664	103.0	108.333336	115.333336	121.333336	124.666664	130.66667	137.66667	143.66667	147.33333	150.66667	157.66667	155.0	155.66667	149.66667	120.666664	91.0	80.0	82.333336	86.0	76.666664	60.333332	46.333332	44.666668	54.333332	
115.0	106.0	101.666664	100.0	104.666664	105.333336	105.666664	118.333336	125.666664	124.0	119.666664	117.333336	122.666664	130.0	136.0	141.0	146.66667	151.0	158.33333	162.33333	162.66667	164.33333	162.0	153.66667	135.66667	102.666664	69.333336	59.333332	63.666668	74.0	77.0	62.666668	50.666668	42.333332	47.0	63.0	
110.333336	99.666664	91.0	84.0	80.0	86.666664	95.666664	110.333336	122.0	124.666664	127.666664	130.0	131.66667	137.66667	146.0	155.33333	160.0	161.0	165.0	167.33333	171.0	169.33333	154.0	120.0	72.666664	36.666668	20.333334	21.666666	26.333334	39.333332	54.0	50.333332	44.666668	42.666668	48.333332	62.0	
74.333336	62.0	50.666668	41.666668	33.0	47.333332	76.333336	95.666664	108.666664	122.0	133.66667	132.0	130.0	138.0	148.66667	157.0	158.0	157.33333	156.66667	159.66667	158.66667	151.66667	129.33333	71.0	24.0	14.0	13.666667	15.0	11.333333	14.666667	28.666666	40.0	43.0	44.666668	46.333332	50.333332	
31.0	26.333334	21.666666	17.666666	12.333333	19.333334	49.666668	76.0	92.666664	113.666664	130.33333	123.0	124.0	132.0	139.33333	139.66667	133.0	130.66667	133.0	135.66667	131.66667	120.333336	85.666664	35.666668	12.666667	11.0	12.0	13.0	12.666667	13.333333	17.333334	35.0	43.666668	46.666668	43.0	40.333332	
16.0	15.0	12.333333	9.333333	6.0	7.3333335	22.333334	46.333332	68.0	97.0	116.333336	112.333336	111.333336	112.666664	113.0	109.0	100.666664	99.333336	103.0	101.333336	100.0	92.333336	52.333332	17.0	10.333333	7.3333335	9.0	10.0	10.333333	11.333333	11.666667	28.333334	42.333332	51.0	44.666668	53.333332	
