52.0	58.666668	58.333332	49.0	41.333332	39.0	54.666668	83.0	104.0	112.0	116.333336	124.333336	132.66667	134.66667	138.33333	140.33333	139.66667	140.66667	142.33333	141.66667	142.0	143.0	137.66667	135.33333	137.0	133.0	126.0	117.333336	111.666664	107.0	98.0	88.0	85.333336	81.666664	68.333336	43.333332	
57.333332	56.0	47.666668	40.333332	44.333332	63.666668	91.333336	107.333336	112.666664	116.666664	123.666664	132.66667	136.66667	141.33333	148.33333	151.33333	149.66667	149.66667	153.66667	152.0	146.33333	146.0	142.0	141.33333	142.33333	139.0	131.66667	124.333336	116.666664	109.333336	101.0	92.666664	88.666664	84.666664	79.333336	56.333332	
53.0	47.666668	43.0	53.333332	75.0	93.666664	105.666664	115.0	118.333336	120.333336	128.66667	135.66667	140.66667	147.33333	152.0	153.0	153.33333	155.0	160.33333	159.0	154.33333	151.66667	148.66667	146.33333	146.66667	144.0	136.66667	128.0	120.0	110.333336	101.333336	97.333336	94.666664	88.0	81.0	64.0	
46.333332	49.333332	67.666664	84.333336	96.333336	106.0	111.666664	117.333336	119.333336	123.666664	130.0	134.33333	139.66667	144.33333	145.66667	148.33333	150.66667	153.0	157.33333	159.0	161.0	158.66667	153.66667	150.66667	151.33333	148.33333	140.33333	129.66667	120.333336	111.333336	102.666664	100.666664	96.333336	90.0	81.333336	66.666664	
66.333336	73.666664	93.666664	103.0	111.666664	116.333336	116.333336	120.666664	121.0	125.333336	129.0	131.33333	137.66667	140.66667	140.33333	140.33333	140.66667	144.66667	151.33333	158.33333	161.0	158.66667	152.66667	146.0	143.0	145.0	140.0	131.66667	123.333336	114.666664	105.666664	102.666664	99.666664	96.333336	86.333336	73.0	
78.333336	90.333336	110.0	118.0	118.333336	116.666664	117.666664	120.0	122.0	125.666664	128.0	133.66667	142.0	142.66667	141.66667	137.66667	134.33333	138.0	143.33333	151.66667	152.66667	151.0	142.0	140.0	141.66667	145.33333	143.0	136.0	127.0	117.333336	105.666664	101.333336	99.666664	96.333336	89.666664	82.0	
79.0	103.0	118.666664	123.0	121.666664	117.333336	114.666664	115.333336	120.666664	124.333336	128.66667	138.33333	145.33333	151.66667	156.0	153.66667	148.33333	148.33333	149.0	149.66667	148.66667	147.33333	142.33333	145.66667	150.66667	153.0	150.33333	144.33333	133.66667	121.0	107.666664	99.0	95.666664	95.333336	91.333336	93.666664	
97.0	122.0	123.333336	126.0	121.666664	115.0	106.666664	102.666664	110.0	117.0	124.0	138.33333	152.0	163.0	168.66667	173.0	173.0	170.66667	166.33333	159.0	157.66667	159.33333	164.66667	168.66667	168.0	166.33333	160.66667	152.33333	142.33333	125.0	111.666664	97.666664	87.333336	91.0	93.666664	102.666664	
128.0	137.33333	127.666664	124.333336	120.333336	96.0	77.333336	80.333336	96.666664	98.666664	99.0	112.666664	133.33333	149.66667	162.66667	172.33333	183.0	189.33333	191.0	184.66667	183.66667	186.33333	185.33333	180.33333	175.0	169.0	159.66667	147.33333	132.0	120.0	112.0	100.666664	83.333336	81.666664	97.333336	108.0	
137.66667	136.33333	126.333336	122.0	102.666664	83.666664	92.333336	93.666664	80.666664	63.0	58.333332	63.666668	82.333336	104.0	130.66667	158.0	177.33333	192.0	194.0	189.66667	189.66667	193.0	186.0	175.66667	156.33333	134.33333	111.0	94.0	79.333336	76.0	82.0	88.0	86.666664	78.333336	89.333336	107.333336	
130.33333	131.33333	126.333336	116.0	89.666664	84.666664	102.333336	116.333336	116.666664	107.0	96.333336	88.666664	90.333336	98.333336	120.0	147.33333	166.0	181.66667	186.33333	183.66667	181.66667	182.0	179.0	163.66667	134.33333	106.333336	83.0	68.0	65.333336	69.333336	79.0	92.666664	95.0	87.333336	86.666664	100.0	
125.666664	128.66667	128.66667	110.333336	97.666664	117.666664	138.0	147.0	160.0	166.33333	165.0	153.66667	141.33333	131.66667	135.0	143.0	157.0	172.66667	180.33333	182.0	178.0	171.66667	164.33333	150.0	132.66667	121.0	119.0	124.333336	137.33333	146.66667	145.33333	140.0	137.33333	119.333336	97.333336	94.0	
127.666664	129.66667	126.666664	112.0	122.666664	147.0	162.33333	166.33333	168.0	164.33333	161.66667	154.66667	144.0	136.0	135.33333	134.66667	142.33333	162.0	176.33333	177.66667	170.0	161.33333	154.33333	141.0	130.66667	129.33333	133.0	142.33333	151.0	158.0	161.0	161.33333	160.66667	147.0	124.666664	102.333336	
129.66667	132.0	128.33333	124.333336	141.33333	154.33333	154.66667	146.33333	136.33333	120.0	113.0	118.0	128.33333	139.66667	145.0	141.0	134.33333	142.33333	161.33333	165.0	156.0	147.33333	138.33333	130.33333	134.0	130.66667	117.666664	102.666664	100.0	110.0	125.333336	135.66667	141.66667	154.66667	147.0	124.0	
133.0	133.66667	133.0	136.66667	149.66667	150.33333	128.66667	105.0	84.333336	58.0	60.0	76.0	122.0	134.66667	152.33333	156.66667	138.66667	130.0	143.0	144.33333	135.66667	130.33333	122.666664	133.0	149.33333	137.0	101.666664	66.0	65.666664	67.0	91.666664	95.333336	110.666664	136.66667	148.66667	138.33333	
131.33333	130.33333	132.33333	144.66667	147.0	139.0	105.333336	85.333336	100.0	65.666664	64.666664	94.666664	156.33333	153.66667	140.33333	156.66667	145.66667	126.0	128.33333	125.0	117.666664	114.0	114.666664	138.33333	144.33333	135.66667	124.666664	82.0	74.333336	88.333336	125.0	89.333336	82.0	118.666664	143.66667	145.66667	
128.0	126.333336	131.66667	144.33333	142.66667	137.0	116.0	104.666664	119.666664	99.666664	103.666664	121.0	141.0	141.0	145.0	149.66667	138.0	118.666664	116.333336	114.666664	110.0	106.666664	102.333336	122.0	139.0	140.66667	133.0	128.33333	118.666664	113.333336	119.666664	109.0	105.333336	121.0	136.0	143.0	
125.666664	119.666664	125.666664	138.0	139.0	142.0	137.66667	126.666664	124.666664	128.66667	132.66667	135.33333	137.33333	135.33333	132.0	127.666664	118.333336	108.666664	108.666664	113.333336	111.333336	108.0	98.666664	102.0	115.0	125.0	128.66667	133.33333	136.0	132.33333	130.33333	125.666664	129.0	133.66667	136.0	138.33333	
121.333336	116.0	121.333336	132.33333	133.66667	136.66667	137.66667	134.33333	126.0	127.333336	129.33333	127.666664	130.66667	129.66667	127.666664	120.333336	108.666664	103.666664	105.666664	117.0	117.333336	111.333336	98.0	92.333336	103.333336	120.666664	129.0	130.0	132.0	136.0	137.33333	137.0	134.66667	133.66667	131.33333	127.333336	
122.333336	116.333336	119.333336	122.333336	122.333336	128.0	131.33333	129.66667	121.666664	121.0	125.333336	130.0	133.0	129.0	127.0	119.333336	104.666664	97.666664	103.333336	114.333336	117.666664	114.0	101.0	92.333336	97.666664	118.333336	139.0	141.33333	138.33333	133.0	125.333336	126.666664	126.0	126.666664	124.333336	116.333336	
121.0	115.666664	116.666664	116.666664	117.666664	122.666664	126.666664	127.0	122.0	126.0	130.0	132.33333	133.0	127.666664	124.666664	113.333336	99.666664	98.0	104.333336	115.666664	121.0	117.0	102.666664	94.666664	93.333336	109.0	136.0	143.66667	140.66667	134.0	125.0	118.333336	116.0	119.666664	117.333336	111.0	
120.666664	115.333336	114.0	118.666664	123.0	128.0	131.0	130.66667	129.33333	133.0	133.33333	132.0	131.33333	130.33333	129.0	117.333336	104.333336	103.666664	107.333336	117.333336	123.666664	123.0	107.666664	97.0	95.0	109.333336	130.0	138.0	139.0	138.0	133.0	123.666664	113.666664	114.333336	114.666664	112.0	
118.333336	117.666664	114.666664	118.666664	126.666664	131.66667	131.66667	131.66667	134.66667	135.66667	140.0	141.33333	140.33333	145.0	143.33333	117.0	93.333336	95.333336	108.666664	122.666664	133.66667	141.33333	125.333336	101.666664	88.0	109.333336	138.0	144.0	141.33333	139.0	135.66667	131.33333	122.333336	118.666664	117.666664	115.666664	
109.666664	117.666664	117.666664	121.666664	128.33333	129.33333	131.33333	134.33333	138.66667	140.33333	144.0	150.0	152.33333	154.33333	140.33333	99.0	88.0	100.666664	118.666664	135.66667	153.33333	159.33333	138.66667	113.666664	97.0	104.333336	142.66667	151.66667	148.66667	145.33333	141.33333	136.66667	131.33333	122.666664	119.0	116.0	
96.666664	116.333336	119.666664	124.666664	128.33333	129.0	135.66667	141.66667	146.0	149.66667	154.0	156.33333	157.66667	152.33333	124.0	99.0	103.333336	116.0	128.0	141.33333	162.33333	165.0	144.0	122.333336	111.333336	103.666664	132.33333	154.66667	156.66667	147.66667	144.66667	141.66667	137.0	129.66667	122.333336	119.333336	
82.0	109.666664	119.333336	125.0	127.666664	129.66667	138.0	145.33333	150.33333	153.0	156.66667	160.0	156.0	146.33333	120.0	107.333336	117.0	119.333336	115.666664	130.33333	143.66667	144.66667	127.0	110.666664	112.333336	110.333336	127.333336	151.0	159.33333	154.33333	146.33333	141.0	139.0	132.0	126.333336	122.666664	
82.666664	103.333336	116.666664	123.333336	126.0	130.33333	136.33333	142.0	145.33333	147.33333	154.66667	155.0	146.33333	139.33333	127.0	113.666664	106.666664	103.666664	106.333336	113.333336	114.666664	117.333336	109.0	96.333336	105.0	112.0	123.333336	138.0	151.66667	156.33333	147.66667	138.0	137.33333	135.0	128.0	123.333336	
89.0	97.0	114.333336	120.333336	124.0	129.0	134.0	136.66667	138.66667	146.0	154.66667	148.0	135.33333	129.66667	128.33333	122.333336	120.0	120.0	126.0	128.66667	124.333336	121.333336	119.666664	114.333336	118.666664	122.333336	122.666664	126.0	137.0	149.66667	150.0	139.33333	129.66667	129.33333	125.666664	119.666664	
96.666664	96.333336	111.666664	121.0	122.333336	125.333336	132.0	133.0	136.66667	147.0	149.33333	141.33333	134.0	131.66667	130.0	128.0	127.666664	126.0	135.66667	140.66667	147.66667	143.33333	130.33333	123.0	123.0	125.0	121.666664	121.0	129.33333	138.0	144.0	138.0	126.333336	123.666664	121.0	115.666664	
105.0	97.666664	108.666664	121.0	123.333336	122.0	126.0	128.66667	136.33333	146.33333	143.66667	136.0	129.33333	126.333336	126.333336	126.0	126.333336	130.0	140.33333	148.33333	154.33333	153.33333	141.66667	127.666664	120.0	118.333336	115.666664	114.333336	122.333336	124.0	134.0	135.66667	125.333336	121.0	119.666664	116.333336	
111.333336	98.0	105.333336	119.0	124.0	120.666664	122.666664	127.0	135.66667	138.33333	129.33333	127.333336	122.666664	123.333336	127.333336	129.33333	135.33333	135.66667	140.66667	149.0	150.66667	149.66667	145.0	136.0	125.666664	118.333336	113.0	110.333336	113.0	114.0	125.666664	134.66667	125.0	122.333336	125.333336	115.0	
113.666664	92.333336	102.333336	117.333336	125.666664	120.666664	120.666664	125.333336	133.0	126.666664	118.0	121.0	118.666664	122.0	125.333336	128.0	130.33333	132.33333	138.33333	142.33333	143.0	140.66667	138.0	129.33333	124.666664	123.0	117.333336	111.333336	113.666664	110.0	112.666664	132.33333	127.333336	121.666664	130.66667	116.333336	
110.333336	88.0	100.666664	114.0	125.666664	124.0	124.0	128.33333	131.66667	123.0	118.333336	116.0	112.0	115.666664	112.0	111.333336	112.666664	117.666664	120.0	123.0	124.333336	120.0	115.666664	109.0	109.666664	110.0	104.666664	97.0	102.333336	113.666664	115.0	132.66667	133.66667	125.0	133.0	117.0	
107.0	88.0	96.0	111.666664	124.666664	125.0	122.333336	126.666664	132.66667	128.0	116.666664	95.333336	86.0	95.333336	108.666664	120.666664	140.66667	155.33333	161.33333	162.66667	156.0	156.33333	145.0	137.33333	127.0	109.0	83.666664	68.0	82.666664	110.333336	125.333336	142.33333	135.66667	129.66667	133.0	114.666664	
106.0	85.666664	88.0	101.333336	118.333336	124.666664	122.0	127.333336	138.33333	130.66667	116.666664	98.666664	90.0	90.0	101.333336	107.0	135.33333	163.66667	187.0	197.33333	191.66667	191.33333	177.0	157.0	123.0	94.333336	74.666664	82.0	103.0	120.333336	140.33333	151.66667	128.66667	127.666664	129.0	106.333336	
108.333336	84.333336	85.0	93.666664	116.666664	126.666664	121.0	124.0	142.33333	142.0	130.66667	112.333336	104.666664	93.666664	94.0	101.0	107.333336	114.333336	138.33333	144.33333	144.33333	141.66667	127.333336	114.666664	100.333336	90.666664	90.666664	106.666664	122.0	134.66667	150.0	149.66667	123.666664	130.66667	126.0	95.333336	
122.666664	89.666664	83.333336	87.666664	109.333336	129.66667	121.0	119.666664	136.33333	145.0	140.0	130.66667	120.666664	112.666664	107.0	112.0	119.0	121.333336	128.0	123.0	119.0	119.666664	120.333336	120.666664	114.333336	109.0	113.666664	122.0	129.33333	137.33333	149.66667	138.0	122.666664	133.66667	114.333336	88.666664	
143.33333	102.0	86.333336	82.333336	91.666664	125.0	127.333336	115.666664	131.33333	140.66667	140.66667	136.66667	135.33333	131.33333	126.333336	126.333336	129.0	129.0	130.33333	130.66667	127.666664	126.333336	127.333336	129.0	128.33333	127.666664	130.0	132.33333	133.66667	142.33333	150.0	126.333336	131.33333	134.0	97.333336	91.333336	
156.33333	97.666664	83.0	82.0	83.666664	105.666664	131.33333	117.333336	123.666664	141.33333	137.66667	133.33333	133.33333	134.66667	134.33333	139.0	143.66667	142.66667	142.33333	138.66667	136.66667	137.0	138.66667	140.33333	141.66667	137.66667	135.66667	134.0	132.0	145.33333	145.66667	124.333336	137.33333	119.666664	87.0	93.666664	
161.0	80.333336	62.333332	84.0	83.666664	89.666664	126.0	129.0	115.333336	139.66667	139.66667	126.333336	126.0	130.33333	135.0	142.33333	146.66667	149.0	149.66667	141.0	138.33333	139.66667	145.0	146.0	143.66667	140.33333	137.33333	132.33333	129.33333	144.0	134.0	130.66667	138.33333	102.333336	86.0	68.333336	
166.33333	86.666664	45.333332	72.333336	86.0	87.333336	106.333336	129.66667	115.666664	120.0	136.66667	127.0	116.666664	123.666664	133.66667	142.33333	146.33333	149.66667	147.66667	138.33333	135.33333	137.0	141.33333	144.33333	144.33333	142.33333	137.66667	129.0	129.0	133.0	124.0	138.0	120.666664	91.333336	73.333336	50.0	
171.33333	111.333336	53.333332	51.333332	79.333336	91.0	92.333336	111.666664	125.666664	113.0	116.333336	123.333336	115.0	123.666664	131.66667	134.33333	140.33333	141.0	136.33333	134.33333	134.66667	133.0	129.33333	133.0	138.33333	139.0	132.66667	122.333336	124.666664	118.0	123.0	138.33333	104.0	84.333336	50.333332	64.666664	
174.0	125.666664	63.666668	41.333332	54.333332	82.333336	99.333336	103.333336	130.0	122.333336	99.666664	105.0	107.666664	115.666664	121.333336	124.0	132.66667	130.66667	129.66667	140.33333	141.33333	133.66667	128.0	129.0	133.33333	132.66667	127.0	119.666664	117.333336	105.0	125.0	125.333336	101.666664	67.333336	39.666668	91.0	
173.66667	120.0	58.0	42.0	39.666668	49.666668	83.333336	102.333336	113.333336	121.0	102.0	94.333336	101.0	108.333336	113.333336	124.0	132.0	127.666664	129.66667	136.66667	142.33333	133.33333	130.33333	126.0	127.666664	124.0	119.333336	115.666664	102.333336	102.0	121.333336	109.333336	80.333336	45.333332	43.333332	76.666664	
173.33333	100.666664	49.666668	44.333332	41.0	41.0	48.0	79.333336	97.666664	111.666664	104.666664	92.666664	96.333336	99.666664	106.666664	123.333336	131.66667	133.33333	134.33333	136.66667	144.33333	139.0	138.66667	128.66667	124.666664	118.666664	115.666664	106.333336	97.333336	115.333336	115.0	83.666664	47.0	43.666668	47.666668	52.0	
169.0	75.666664	44.333332	49.0	44.666668	39.0	38.0	45.0	65.333336	86.333336	100.666664	102.666664	98.666664	102.0	107.0	118.333336	124.333336	135.66667	142.0	143.33333	147.66667	140.33333	138.0	131.33333	123.666664	117.0	113.0	103.0	111.0	116.0	82.0	48.0	37.333332	46.333332	46.0	44.333332	
158.0	67.333336	41.333332	47.333332	46.333332	41.666668	38.666668	38.0	41.333332	47.333332	67.0	92.666664	102.333336	103.333336	102.0	109.666664	110.333336	118.333336	125.333336	130.66667	137.33333	132.33333	130.66667	125.333336	118.666664	113.666664	108.666664	113.666664	111.666664	78.0	45.0	38.333332	44.333332	44.666668	44.666668	45.666668	
167.0	112.0	58.0	44.0	46.666668	43.333332	39.666668	37.333332	36.333332	37.666668	39.333332	56.333332	83.333336	96.666664	105.666664	119.666664	117.333336	116.666664	117.0	111.666664	113.0	110.666664	114.666664	120.0	109.666664	110.0	125.0	110.333336	66.666664	42.333332	38.0	40.666668	40.333332	40.666668	45.666668	73.0	
175.66667	121.666664	90.0	57.0	45.666668	49.666668	47.333332	41.0	38.666668	36.666668	38.0	39.333332	44.0	54.333332	69.666664	95.333336	121.666664	138.0	139.0	127.333336	123.666664	121.0	123.666664	122.666664	120.666664	123.666664	100.333336	63.666668	44.333332	44.666668	40.0	41.333332	44.333332	54.333332	81.333336	110.666664	
