91.333336	87.666664	108.333336	141.66667	178.66667	210.66667	239.0	247.0	249.0	248.0	245.66667	237.33333	225.33333	212.66667	206.33333	198.66667	193.66667	194.0	192.33333	189.0	181.33333	165.0	154.0	138.0	96.0	70.666664	60.333332	47.666668	33.333332	23.333334	20.0	19.0	22.0	14.666667	7.6666665	6.0	
88.0	113.666664	136.33333	164.0	199.66667	233.0	248.33333	251.0	251.66667	251.66667	248.66667	242.0	226.33333	212.0	204.33333	194.33333	189.33333	189.0	187.33333	183.66667	173.0	160.0	151.0	124.666664	98.0	83.0	66.333336	56.333332	43.666668	33.333332	24.333334	25.333334	31.333334	22.333334	10.666667	5.0	
100.0	134.66667	152.0	182.33333	221.0	241.66667	251.66667	253.0	253.0	252.0	248.66667	241.33333	220.0	209.0	200.33333	191.0	187.66667	184.66667	179.66667	172.33333	160.66667	144.0	129.66667	107.333336	88.0	79.666664	74.0	67.0	56.333332	46.333332	41.0	39.666668	42.0	37.333332	21.0	6.3333335	
116.0	151.66667	163.66667	195.66667	223.33333	241.66667	251.66667	252.66667	251.66667	250.0	245.66667	236.33333	216.66667	208.0	197.33333	189.66667	188.33333	187.0	177.0	162.66667	146.0	135.66667	129.66667	108.333336	88.0	80.0	75.0	70.666664	65.0	59.333332	54.333332	53.0	51.333332	47.666668	31.666666	10.333333	
124.0	159.66667	164.33333	200.0	217.0	240.0	250.33333	250.0	241.33333	241.0	239.66667	228.0	212.0	204.33333	198.33333	189.0	188.33333	185.66667	169.0	150.0	135.0	143.66667	153.33333	134.66667	112.666664	101.333336	90.666664	76.666664	67.666664	65.666664	62.333332	63.0	61.333332	56.333332	41.0	18.0	
129.0	156.0	163.33333	197.33333	207.33333	233.0	248.33333	248.0	238.0	234.33333	233.0	223.66667	213.66667	201.66667	196.0	183.0	180.66667	180.0	167.66667	148.33333	145.33333	170.0	176.33333	154.0	133.33333	126.666664	119.0	95.666664	78.0	70.666664	67.0	67.333336	67.666664	61.333332	47.333332	27.0	
130.66667	156.33333	171.33333	193.33333	205.33333	219.66667	241.33333	248.33333	246.66667	240.66667	231.66667	217.33333	212.33333	204.33333	198.33333	181.66667	178.0	186.66667	188.0	175.33333	182.0	194.66667	184.33333	159.66667	136.0	135.66667	121.666664	100.666664	84.0	74.0	68.0	65.0	64.333336	62.0	54.0	34.0	
140.33333	163.66667	187.66667	204.33333	208.33333	215.0	238.33333	245.0	241.66667	235.66667	224.0	210.0	207.66667	203.66667	195.66667	183.33333	181.66667	181.33333	191.66667	185.66667	188.66667	185.66667	161.0	134.33333	119.0	127.666664	106.666664	92.0	83.666664	77.0	72.0	67.666664	67.0	65.666664	59.666668	41.333332	
157.33333	174.33333	201.66667	213.66667	216.33333	224.66667	231.0	218.33333	225.33333	230.33333	222.66667	206.66667	195.33333	191.33333	188.66667	180.66667	179.66667	174.0	179.66667	172.33333	164.33333	146.33333	120.666664	109.666664	108.0	123.666664	111.333336	106.0	100.0	88.0	73.666664	67.333336	68.333336	67.666664	62.0	44.666668	
181.0	189.66667	207.33333	216.66667	222.33333	218.33333	188.66667	173.66667	203.0	195.66667	179.33333	164.66667	166.0	151.33333	154.66667	163.33333	178.66667	168.33333	157.0	152.33333	134.33333	110.333336	100.666664	93.0	91.666664	106.333336	113.0	113.333336	96.666664	75.666664	59.0	55.0	58.666668	63.666668	63.333332	50.0	
197.33333	205.66667	210.0	216.33333	222.66667	209.66667	193.0	196.0	183.66667	148.33333	103.0	80.333336	82.333336	70.333336	97.333336	140.0	170.0	151.66667	136.33333	132.33333	109.0	83.666664	73.666664	57.666668	52.0	53.0	50.666668	47.666668	38.0	28.666666	28.666666	32.666668	40.333332	54.333332	64.666664	59.0	
175.0	206.33333	214.0	213.0	218.66667	213.33333	214.66667	200.0	151.33333	112.333336	95.333336	81.0	52.666668	36.333332	43.666668	72.333336	116.333336	133.0	134.33333	131.0	96.0	64.333336	50.0	37.0	25.333334	19.0	17.0	19.333334	19.0	18.333334	17.0	20.0	28.0	41.0	58.333332	62.0	
159.0	200.0	217.66667	219.33333	211.66667	206.33333	191.66667	163.33333	134.66667	97.0	84.333336	63.0	46.666668	37.0	29.666666	37.0	58.666668	136.0	168.66667	148.33333	99.0	63.666668	60.666668	38.333332	24.333334	22.333334	21.0	23.666666	23.333334	18.0	13.333333	14.333333	21.666666	32.333332	37.333332	58.666668	
149.66667	197.0	219.0	218.66667	196.0	185.0	154.33333	120.333336	117.0	108.666664	86.333336	65.0	41.0	23.0	26.0	39.0	51.0	138.0	181.33333	183.66667	153.66667	83.666664	44.666668	27.666666	22.333334	21.666666	17.666666	21.0	22.333334	16.333334	12.0	9.666667	21.666666	37.333332	30.666666	48.666668	
145.33333	199.33333	220.0	203.66667	173.0	169.0	126.333336	114.333336	106.0	73.0	53.0	31.0	16.666666	16.0	19.0	21.333334	32.666668	116.0	131.0	167.0	171.66667	92.0	25.666666	12.0	12.0	12.333333	11.0	9.0	13.666667	13.666667	11.333333	11.666667	23.666666	45.666668	42.333332	38.333332	
156.0	206.66667	223.66667	183.66667	133.0	120.333336	81.333336	84.0	45.666668	29.666666	29.333334	18.666666	13.0	12.666667	14.333333	30.0	66.666664	126.333336	169.66667	210.33333	190.33333	113.666664	32.333332	12.666667	7.3333335	11.666667	11.0	7.6666665	8.0	8.666667	10.333333	11.666667	16.333334	30.333334	43.666668	48.333332	
143.33333	200.33333	206.33333	173.66667	110.666664	77.333336	45.666668	63.666668	44.0	41.666668	35.666668	26.0	17.666666	15.666667	20.0	45.333332	96.0	120.0	208.33333	236.66667	213.0	149.33333	55.0	21.333334	15.333333	20.666666	13.333333	12.666667	11.333333	12.333333	23.666666	17.0	12.333333	14.666667	26.666666	38.0	
158.66667	197.33333	215.33333	191.33333	111.666664	85.333336	82.666664	104.333336	73.333336	51.0	32.0	21.0	17.0	16.0	22.0	51.0	111.0	148.33333	230.66667	242.33333	221.0	174.33333	89.333336	37.0	21.666666	20.333334	15.333333	16.0	13.666667	18.0	35.666668	23.333334	19.666666	15.666667	25.666666	43.666668	
158.33333	199.66667	211.66667	184.33333	119.333336	113.333336	116.0	124.333336	67.333336	39.0	23.666666	23.666666	20.333334	25.333334	42.0	98.0	140.66667	201.0	241.0	243.0	225.0	186.0	114.333336	68.666664	31.0	16.333334	20.333334	19.666666	23.333334	29.333334	44.666668	31.0	29.0	31.333334	44.0	71.333336	
139.0	191.33333	210.0	201.33333	147.0	125.0	119.666664	99.666664	52.333332	35.666668	33.666668	33.0	39.666668	55.0	85.0	130.66667	181.0	236.0	247.0	245.33333	226.66667	180.66667	112.0	80.666664	48.666668	24.333334	26.666666	33.0	26.0	17.0	20.0	21.666666	33.333332	45.0	48.666668	73.0	
174.33333	205.0	227.66667	228.33333	209.0	164.66667	136.33333	78.0	58.0	55.0	55.666668	54.666668	65.666664	89.333336	114.666664	152.0	220.66667	244.0	248.33333	244.66667	222.0	165.66667	101.666664	80.666664	65.0	46.0	36.0	35.0	28.333334	19.666666	25.666666	46.333332	53.666668	66.0	71.666664	75.666664	
190.33333	209.0	226.66667	228.0	223.66667	213.66667	180.33333	124.333336	98.333336	79.666664	79.666664	90.0	98.333336	111.0	119.333336	164.33333	234.0	245.66667	247.66667	241.33333	208.66667	155.33333	100.333336	79.333336	75.0	64.0	59.0	57.333332	55.333332	49.666668	50.333332	58.0	65.666664	79.0	76.666664	73.666664	
201.66667	212.33333	221.0	221.33333	221.33333	227.33333	233.0	220.0	194.66667	181.33333	175.0	170.33333	163.33333	146.0	121.0	182.66667	234.66667	239.33333	236.33333	224.33333	168.33333	124.0	98.333336	89.666664	86.0	73.666664	65.0	72.666664	78.0	80.666664	78.0	76.666664	68.0	71.333336	70.333336	69.0	
192.33333	208.66667	214.33333	215.33333	218.33333	229.0	242.66667	248.0	246.33333	236.0	218.0	208.33333	172.0	127.333336	119.666664	199.66667	211.0	194.0	192.33333	183.33333	123.0	92.333336	86.0	86.666664	82.0	78.666664	59.666668	69.0	77.666664	85.0	89.0	85.333336	79.0	73.666664	69.666664	69.666664	
206.66667	210.33333	210.33333	215.0	220.0	230.66667	242.66667	248.66667	245.33333	226.0	202.0	172.33333	124.666664	94.666664	102.333336	171.0	133.66667	91.666664	96.0	124.333336	102.0	85.333336	69.333336	59.333332	64.333336	63.0	52.666668	58.0	73.0	82.666664	87.666664	87.0	83.333336	77.0	74.666664	73.333336	
218.33333	210.33333	209.33333	215.0	221.66667	229.33333	238.0	241.0	230.0	202.66667	175.0	129.66667	100.333336	81.666664	96.666664	168.33333	130.66667	103.333336	93.333336	96.333336	93.666664	86.333336	73.333336	62.0	57.0	54.333332	53.0	53.0	63.333332	77.0	84.0	87.666664	86.666664	81.333336	78.333336	76.333336	
219.0	210.66667	209.66667	212.66667	217.33333	223.0	225.33333	221.66667	207.66667	181.0	145.33333	102.666664	86.333336	79.333336	127.0	222.33333	225.0	205.0	153.0	89.666664	76.0	69.666664	66.0	64.333336	59.0	56.666668	55.0	53.666668	56.0	67.0	76.666664	85.0	86.666664	83.666664	79.333336	78.0	
215.66667	214.66667	211.33333	209.0	213.0	217.33333	215.33333	206.0	188.0	160.33333	116.666664	89.333336	80.333336	89.333336	179.0	245.33333	247.66667	230.66667	177.0	96.333336	67.666664	62.666668	63.666668	65.666664	57.0	56.333332	55.333332	54.666668	59.0	63.0	72.666664	82.0	85.333336	85.0	82.0	81.333336	
219.33333	218.33333	213.33333	206.66667	209.33333	212.33333	204.0	192.33333	173.33333	141.66667	100.333336	86.0	80.666664	116.666664	222.0	249.33333	246.33333	230.0	177.0	116.0	96.333336	86.666664	74.333336	62.666668	59.0	57.0	59.666668	58.666668	59.666668	64.333336	68.333336	77.0	84.0	85.333336	84.0	86.666664	
223.0	222.33333	214.0	203.66667	203.0	203.66667	197.0	182.33333	161.33333	134.33333	116.666664	96.0	82.333336	150.66667	237.33333	245.33333	239.33333	217.66667	188.0	170.66667	163.33333	146.33333	113.0	74.666664	70.333336	68.333336	66.333336	64.333336	58.333332	64.0	67.666664	72.333336	79.0	82.666664	84.666664	88.0	
223.66667	222.33333	215.66667	206.33333	202.0	197.0	190.33333	175.66667	158.0	154.66667	161.0	105.0	89.0	175.33333	226.66667	219.33333	205.0	167.33333	134.66667	108.0	95.0	84.0	72.666664	67.0	71.0	70.0	69.333336	67.666664	57.333332	62.0	68.333336	73.0	77.0	82.333336	85.333336	86.0	
219.0	220.33333	216.66667	209.66667	203.66667	195.33333	188.33333	172.0	161.0	179.66667	173.33333	113.0	90.333336	169.66667	177.33333	142.66667	110.333336	89.0	79.666664	75.333336	67.666664	71.333336	70.666664	68.0	63.333332	49.666668	49.333332	56.333332	54.666668	62.333332	69.666664	74.0	78.0	81.333336	84.333336	82.333336	
220.0	216.33333	213.0	210.33333	204.66667	192.66667	187.66667	176.0	173.33333	186.66667	168.33333	112.0	80.333336	108.666664	93.0	81.0	114.0	134.66667	155.33333	158.33333	123.0	124.0	117.666664	107.666664	102.0	61.333332	25.0	24.333334	35.333332	61.0	72.333336	76.0	80.0	83.333336	83.666664	79.333336	
216.0	211.0	211.33333	209.66667	205.33333	192.33333	189.0	183.66667	186.0	189.0	166.66667	105.333336	63.333332	35.333332	47.666668	142.33333	218.0	231.33333	232.0	212.0	160.66667	139.33333	129.33333	123.0	121.666664	91.333336	32.666668	15.0	26.333334	57.666668	74.666664	78.666664	80.666664	83.666664	82.333336	76.666664	
202.33333	210.66667	208.66667	208.66667	204.66667	192.66667	191.33333	186.66667	190.66667	192.66667	168.66667	101.666664	52.666668	25.333334	71.0	176.33333	192.66667	153.33333	126.666664	103.666664	67.0	57.666668	50.666668	51.333332	64.0	62.333332	40.333332	39.666668	39.666668	60.666668	78.333336	81.333336	81.333336	83.0	79.666664	76.0	
184.66667	205.33333	203.66667	203.33333	203.33333	195.33333	190.0	185.66667	194.0	198.66667	175.0	100.0	58.666668	52.0	70.666664	86.666664	69.0	49.666668	58.666668	92.333336	107.0	103.666664	85.333336	65.333336	58.0	58.0	61.333332	64.666664	56.0	63.0	80.333336	84.0	82.0	82.333336	79.666664	79.333336	
160.0	202.33333	199.0	196.66667	200.33333	196.0	186.33333	180.66667	196.33333	205.66667	182.33333	99.666664	73.333336	129.0	190.66667	186.0	188.33333	186.66667	186.0	190.66667	178.66667	154.0	121.0	91.0	79.0	78.0	75.0	70.333336	64.333336	70.333336	81.0	86.333336	85.0	81.333336	81.0	83.666664	
149.33333	201.0	198.0	194.0	194.33333	193.33333	187.33333	179.33333	194.0	208.0	185.66667	115.333336	129.33333	186.0	231.33333	236.33333	233.66667	216.0	189.33333	165.66667	138.0	111.0	93.333336	87.0	85.666664	81.0	76.0	75.666664	73.0	73.666664	77.666664	86.0	85.666664	81.333336	84.0	88.666664	
145.33333	201.0	197.33333	189.66667	189.66667	190.0	185.66667	179.66667	188.0	203.0	190.66667	145.0	174.33333	210.0	227.33333	226.33333	210.66667	168.33333	122.666664	95.0	80.666664	77.0	75.0	76.0	77.333336	77.0	78.333336	78.666664	73.0	71.333336	74.0	83.666664	83.0	80.333336	83.333336	87.333336	
142.0	208.66667	195.0	186.0	185.0	188.66667	186.33333	181.66667	185.0	198.33333	198.66667	172.0	190.0	216.33333	224.66667	221.0	196.0	160.33333	110.333336	88.0	72.666664	71.0	70.666664	73.666664	80.666664	82.333336	80.333336	79.333336	75.666664	75.0	77.333336	82.666664	77.333336	77.666664	81.666664	85.666664	
129.0	219.33333	199.0	188.33333	181.66667	184.33333	190.33333	188.0	185.33333	193.66667	201.33333	191.0	204.66667	214.66667	217.33333	221.33333	206.33333	169.0	126.666664	109.0	83.666664	73.666664	76.0	80.333336	85.0	83.333336	78.666664	77.666664	76.333336	78.333336	80.0	81.666664	76.333336	77.666664	81.333336	86.666664	
108.0	222.33333	208.66667	189.0	183.66667	185.0	191.0	193.0	189.66667	193.66667	204.33333	208.33333	215.0	214.66667	213.66667	223.66667	225.33333	208.66667	181.0	163.66667	131.0	106.333336	82.0	77.0	79.666664	80.333336	77.0	75.666664	78.0	80.0	79.666664	78.0	77.0	78.666664	82.0	88.0	
81.0	217.33333	219.66667	190.66667	184.33333	183.33333	189.66667	193.66667	192.66667	195.66667	206.33333	215.33333	222.0	225.0	222.66667	229.33333	237.0	232.0	212.66667	193.66667	169.0	143.33333	103.333336	76.666664	71.0	74.0	75.666664	74.333336	76.333336	78.333336	79.666664	79.0	78.0	80.333336	83.0	89.0	
63.333332	209.0	227.66667	199.66667	183.33333	183.33333	187.66667	192.33333	194.0	196.66667	206.33333	217.33333	226.33333	234.33333	235.0	236.66667	244.0	240.33333	224.33333	203.66667	175.66667	149.33333	121.666664	93.0	72.666664	71.333336	76.333336	73.666664	74.333336	78.333336	81.666664	81.0	78.666664	82.0	82.333336	91.333336	
51.666668	197.66667	233.66667	214.66667	190.0	183.0	183.66667	188.0	192.33333	195.0	202.33333	216.0	224.66667	235.0	240.33333	242.0	245.66667	240.33333	226.66667	202.0	168.33333	145.0	136.66667	121.0	105.333336	105.333336	95.333336	72.666664	72.333336	82.0	85.333336	82.666664	81.0	84.333336	86.666664	94.0	
42.333332	183.66667	234.0	222.0	204.33333	187.66667	180.0	180.33333	187.66667	192.66667	198.33333	209.66667	216.33333	224.66667	233.66667	236.0	236.66667	230.33333	213.66667	190.33333	145.0	119.333336	120.666664	114.0	91.333336	86.0	81.333336	72.0	74.666664	85.0	86.666664	85.666664	85.666664	88.666664	93.666664	91.333336	
34.333332	158.66667	232.33333	227.0	216.0	197.0	178.33333	168.66667	177.0	187.0	192.33333	201.66667	206.33333	211.66667	216.0	214.0	209.66667	199.0	179.66667	150.33333	104.0	85.0	88.0	82.333336	68.666664	67.666664	70.666664	72.333336	81.0	86.0	85.333336	87.333336	89.666664	91.666664	92.666664	89.0	
30.0	124.333336	225.66667	233.0	223.66667	208.0	190.33333	172.33333	166.33333	175.0	183.0	187.66667	193.0	197.33333	195.66667	192.0	177.66667	167.0	145.66667	96.666664	68.666664	66.666664	70.333336	65.666664	64.0	67.666664	74.0	81.0	84.666664	83.0	83.666664	87.0	89.333336	92.333336	90.666664	85.333336	
64.333336	134.66667	220.33333	233.0	228.66667	214.66667	202.0	184.33333	170.33333	164.66667	169.33333	167.33333	163.66667	164.33333	163.66667	168.66667	161.0	142.0	103.666664	67.0	59.333332	62.666668	61.0	60.333332	59.666668	65.333336	71.0	76.333336	79.666664	82.0	84.666664	86.0	85.333336	91.0	91.666664	83.0	
