19.333334	32.666668	38.0	71.0	126.333336	150.0	164.0	175.66667	185.66667	190.33333	195.33333	200.0	203.0	205.33333	207.33333	211.33333	214.66667	213.33333	211.33333	207.66667	205.0	202.33333	199.66667	195.66667	192.66667	188.0	183.0	174.66667	163.33333	149.0	132.66667	113.333336	83.0	36.666668	24.666666	36.0	
19.666666	30.333334	40.0	85.333336	134.66667	154.0	163.0	176.33333	186.66667	193.66667	200.33333	205.66667	209.0	211.33333	214.0	217.33333	219.33333	218.0	215.0	213.33333	212.0	209.0	204.66667	201.0	197.0	191.0	187.0	178.33333	165.66667	153.33333	136.66667	119.0	101.0	44.333332	21.666666	45.666668	
24.0	31.0	43.333332	94.666664	139.33333	156.0	166.0	181.0	191.0	198.33333	205.33333	210.33333	213.66667	216.66667	220.0	223.0	225.33333	223.33333	220.0	217.33333	216.66667	214.0	210.33333	205.33333	200.66667	194.33333	188.33333	179.66667	167.33333	152.0	137.33333	123.333336	110.666664	61.666668	24.0	53.0	
40.0	41.666668	43.0	93.0	141.66667	156.66667	168.0	182.66667	193.33333	201.0	209.33333	215.33333	218.0	220.0	223.0	226.0	228.33333	227.33333	225.33333	222.0	218.33333	215.66667	212.66667	208.0	203.33333	195.33333	188.33333	177.66667	164.66667	149.0	135.66667	125.333336	113.333336	76.0	28.666666	45.0	
51.0	46.0	35.666668	88.0	142.66667	157.0	168.66667	181.66667	192.33333	202.0	211.0	216.66667	220.33333	222.0	223.66667	226.33333	228.66667	229.33333	228.33333	224.33333	219.66667	215.33333	211.33333	207.0	202.0	194.66667	186.0	175.0	162.0	150.0	137.66667	126.333336	118.666664	89.666664	41.0	23.666666	
52.0	48.333332	28.666666	86.666664	143.66667	158.33333	170.66667	181.66667	192.33333	202.66667	209.0	215.33333	219.66667	222.0	225.0	227.0	227.0	227.33333	225.66667	222.66667	219.0	215.66667	211.0	206.0	201.0	193.0	186.0	176.33333	162.0	151.0	140.66667	129.0	120.666664	103.333336	55.666668	13.0	
43.0	42.666668	28.0	92.666664	147.0	160.0	170.66667	182.66667	190.66667	200.33333	207.33333	213.66667	218.0	221.33333	224.66667	227.33333	226.33333	226.33333	225.0	223.33333	220.33333	215.0	209.0	203.33333	200.33333	194.0	186.66667	178.66667	166.0	154.0	144.0	131.33333	121.333336	110.666664	63.333332	10.666667	
39.666668	41.333332	37.333332	108.0	150.66667	161.33333	170.33333	181.33333	190.66667	200.33333	206.33333	212.66667	216.0	219.66667	224.0	226.66667	226.33333	226.33333	225.33333	225.0	223.0	218.0	210.66667	203.33333	200.66667	195.33333	187.66667	179.66667	170.0	158.0	146.0	135.0	128.66667	116.666664	70.333336	11.666667	
38.666668	43.666668	50.0	120.666664	151.33333	160.66667	172.33333	183.66667	193.33333	203.0	206.66667	212.0	217.0	221.0	225.0	227.33333	226.0	225.66667	226.0	226.66667	225.0	221.66667	214.0	207.0	202.33333	196.66667	189.33333	182.0	171.33333	159.0	145.66667	136.0	132.0	119.666664	80.0	16.666666	
33.333332	40.0	58.333332	125.666664	152.66667	160.66667	175.0	186.66667	195.66667	206.66667	209.66667	213.33333	218.0	221.66667	224.66667	225.33333	224.33333	225.66667	226.66667	226.0	224.66667	223.0	216.66667	210.0	204.33333	199.0	191.33333	184.0	173.0	159.33333	149.33333	141.33333	136.0	122.0	89.666664	23.666666	
30.0	35.666668	62.666668	130.66667	158.0	165.66667	176.0	186.0	195.33333	206.0	209.66667	212.0	215.0	219.33333	222.66667	224.66667	224.0	223.33333	223.0	222.66667	221.33333	220.33333	215.66667	208.0	201.33333	197.33333	190.33333	182.66667	175.0	162.0	154.33333	149.33333	142.33333	126.0	98.666664	37.0	
24.333334	32.333332	65.666664	138.33333	165.33333	172.66667	178.0	184.33333	189.66667	200.0	204.0	205.33333	207.0	209.0	212.66667	216.66667	217.0	215.66667	215.66667	216.0	214.66667	211.0	205.33333	199.33333	196.0	192.0	185.66667	178.0	170.0	158.66667	156.66667	156.66667	151.33333	132.0	101.0	51.0	
25.0	32.0	72.333336	148.0	167.0	166.33333	161.0	164.33333	170.33333	180.33333	189.0	193.0	194.66667	198.0	200.33333	204.33333	207.33333	207.33333	208.66667	206.66667	205.33333	198.33333	191.33333	186.66667	186.0	181.66667	169.33333	156.0	132.66667	118.333336	121.333336	131.66667	137.66667	129.33333	101.0	62.0	
25.333334	29.0	78.333336	136.66667	130.33333	116.0	103.0	107.666664	114.666664	119.666664	133.66667	149.0	162.33333	174.0	185.0	194.0	196.0	199.0	200.33333	197.0	195.33333	187.33333	175.33333	160.0	149.66667	136.0	113.333336	96.333336	80.333336	83.333336	92.0	98.666664	95.0	102.0	96.333336	72.333336	
21.333334	25.0	73.666664	100.666664	116.333336	134.33333	127.0	114.0	99.0	80.666664	83.333336	98.0	121.0	143.66667	169.33333	183.33333	186.66667	186.0	188.66667	191.33333	185.66667	173.0	155.66667	132.33333	113.0	89.333336	72.0	75.666664	99.666664	132.33333	149.0	147.0	131.0	97.333336	86.0	80.0	
17.333334	22.666666	69.0	124.0	164.0	175.66667	176.33333	163.33333	142.0	110.666664	95.666664	94.666664	107.0	124.666664	150.33333	169.66667	179.66667	182.66667	185.0	187.66667	179.33333	162.66667	136.33333	109.333336	91.333336	82.0	84.0	98.666664	122.666664	142.66667	154.0	149.33333	145.0	119.666664	86.666664	79.0	
13.333333	26.333334	92.333336	146.33333	157.0	156.33333	144.66667	131.66667	121.0	105.0	101.0	108.0	117.666664	120.666664	130.66667	154.33333	173.33333	188.0	191.66667	188.33333	172.66667	144.33333	113.333336	101.0	92.666664	85.0	86.666664	91.333336	88.666664	91.333336	95.666664	103.333336	108.0	100.666664	86.333336	83.0	
14.333333	37.666668	104.333336	130.66667	113.333336	88.0	71.666664	61.333332	58.333332	72.666664	73.333336	96.333336	116.0	130.33333	135.66667	147.0	170.0	196.33333	203.0	189.33333	160.66667	127.333336	111.333336	108.666664	96.0	85.666664	71.666664	71.666664	56.666668	66.666664	51.666668	45.333332	52.333332	66.0	76.666664	86.0	
23.0	49.333332	93.333336	96.333336	65.333336	42.666668	69.666664	68.333336	45.0	63.0	76.333336	119.0	117.0	135.0	157.0	159.0	173.66667	198.33333	208.33333	187.33333	153.66667	136.33333	130.66667	117.666664	115.666664	116.666664	67.0	54.0	61.333332	111.0	92.0	48.0	45.333332	71.0	94.666664	110.0	
39.0	73.333336	108.666664	112.0	86.333336	68.0	108.0	111.0	64.666664	58.0	102.333336	160.33333	144.0	138.0	168.0	178.0	184.33333	197.0	205.33333	184.0	159.0	153.66667	150.33333	136.0	144.33333	150.66667	93.0	65.333336	86.666664	129.33333	117.666664	80.0	78.333336	110.0	135.0	142.0	
62.666668	112.0	149.33333	153.33333	135.0	116.333336	125.0	129.66667	122.333336	128.33333	142.66667	153.33333	158.66667	165.66667	176.66667	181.33333	185.0	196.33333	203.33333	185.0	164.66667	163.0	163.33333	166.0	166.33333	160.66667	143.0	128.33333	125.666664	124.333336	116.333336	110.666664	123.666664	144.0	156.33333	154.33333	
87.333336	142.0	171.33333	174.0	161.33333	150.0	143.66667	142.33333	141.0	142.33333	145.33333	154.0	170.33333	183.66667	180.33333	179.33333	183.66667	196.66667	203.0	186.33333	167.66667	164.66667	168.66667	179.0	180.0	170.33333	155.66667	144.33333	138.33333	136.33333	139.0	145.66667	156.66667	162.66667	160.33333	152.66667	
110.333336	158.0	176.66667	180.33333	178.33333	177.33333	170.0	163.33333	161.66667	164.33333	177.0	194.33333	200.66667	196.66667	183.33333	181.66667	187.33333	199.33333	203.0	186.33333	170.0	167.33333	170.66667	182.33333	190.33333	191.0	183.33333	172.66667	167.33333	167.33333	172.0	175.33333	175.66667	172.33333	162.0	146.33333	
125.666664	161.33333	173.33333	180.33333	185.66667	194.66667	195.33333	197.0	204.0	205.0	210.33333	213.33333	206.33333	193.33333	186.0	186.66667	191.33333	201.66667	201.66667	185.33333	173.33333	170.66667	171.0	180.0	191.33333	200.33333	208.66667	211.33333	203.66667	200.0	195.0	189.0	179.0	169.0	157.33333	138.66667	
130.0	157.66667	169.66667	175.0	185.0	200.66667	205.66667	208.33333	211.33333	210.33333	210.0	206.66667	200.0	190.66667	186.66667	186.0	192.33333	203.0	203.0	186.33333	173.66667	173.0	175.66667	178.33333	186.66667	196.33333	206.33333	216.0	216.33333	213.33333	204.0	194.66667	182.66667	168.66667	153.66667	132.66667	
129.66667	151.66667	168.0	175.33333	186.66667	202.66667	210.66667	212.33333	212.0	214.0	213.33333	206.33333	198.33333	189.66667	184.33333	185.66667	197.66667	205.66667	204.66667	188.0	173.33333	167.0	171.66667	179.66667	190.33333	200.0	206.0	213.66667	218.0	216.0	208.0	199.33333	187.33333	171.66667	153.0	127.666664	
125.0	146.66667	166.0	178.33333	190.0	202.66667	214.33333	217.0	217.0	217.66667	215.66667	206.66667	193.66667	188.66667	184.0	187.66667	203.66667	209.0	203.66667	191.0	176.0	168.0	175.0	177.33333	187.66667	200.66667	209.33333	216.33333	219.0	216.0	207.33333	197.33333	187.0	172.33333	153.0	124.666664	
113.666664	139.66667	159.0	176.33333	189.0	201.0	211.33333	214.66667	216.0	214.33333	204.33333	193.33333	186.66667	191.33333	188.0	189.33333	206.33333	216.66667	209.33333	194.0	177.33333	175.33333	180.0	175.0	174.66667	185.66667	195.0	204.33333	211.0	207.66667	201.0	192.33333	183.33333	171.66667	149.33333	117.333336	
101.666664	129.0	151.66667	171.0	184.66667	195.33333	202.33333	205.66667	204.33333	194.66667	180.66667	180.33333	184.0	189.33333	183.66667	184.0	199.66667	214.66667	214.33333	190.66667	168.33333	162.66667	166.0	160.66667	155.33333	172.66667	175.33333	176.33333	189.66667	195.33333	193.66667	188.0	181.0	170.0	143.66667	106.333336	
96.666664	122.666664	144.0	167.33333	180.66667	188.0	190.33333	191.66667	184.33333	172.66667	176.0	187.0	173.0	146.66667	136.66667	145.33333	167.0	187.0	186.0	159.33333	124.333336	101.333336	106.666664	120.666664	144.33333	173.33333	180.0	170.0	168.33333	179.66667	183.33333	183.0	177.33333	163.66667	135.0	94.333336	
98.333336	117.666664	135.33333	160.33333	175.0	179.66667	180.0	176.33333	164.33333	165.0	185.0	189.66667	176.0	142.33333	117.333336	109.666664	120.666664	142.0	143.0	112.333336	94.333336	112.0	127.0	141.66667	163.66667	178.0	184.0	179.0	164.0	165.0	173.66667	176.66667	169.0	151.0	120.666664	84.0	
87.666664	117.666664	130.33333	148.66667	164.33333	169.0	168.33333	155.0	147.33333	168.66667	185.66667	188.66667	186.66667	179.33333	168.66667	147.66667	121.0	106.0	97.333336	96.666664	126.0	159.0	170.33333	173.0	177.33333	178.33333	181.0	182.0	172.66667	162.66667	168.0	169.66667	157.66667	137.0	109.0	79.666664	
74.333336	117.0	131.66667	139.66667	150.66667	158.0	155.0	132.33333	145.66667	177.33333	185.33333	188.66667	191.0	191.66667	188.0	178.0	164.33333	149.33333	137.0	147.0	166.33333	177.66667	183.33333	185.33333	182.66667	179.66667	177.66667	174.66667	169.33333	157.0	161.0	163.0	148.33333	128.0	106.333336	86.666664	
62.0	112.333336	138.33333	143.0	149.33333	157.33333	153.66667	139.0	152.0	165.66667	165.66667	170.0	167.66667	167.33333	166.33333	167.0	177.0	185.33333	185.66667	180.66667	171.0	162.66667	163.66667	159.66667	156.0	150.33333	142.33333	137.33333	145.33333	155.0	162.33333	164.66667	149.33333	131.33333	113.333336	91.333336	
55.666668	104.666664	139.33333	154.0	157.66667	164.66667	169.33333	166.66667	161.33333	127.333336	98.666664	103.666664	113.666664	121.333336	127.0	130.33333	141.66667	159.66667	167.0	158.0	139.66667	127.666664	123.0	114.0	100.666664	83.666664	66.666664	87.0	146.66667	178.66667	176.66667	169.66667	153.33333	137.0	120.0	88.333336	
38.0	85.666664	132.33333	156.33333	164.33333	173.33333	184.66667	188.0	184.0	157.33333	104.0	74.0	97.0	114.0	123.0	130.33333	132.66667	144.0	138.0	147.0	140.0	129.66667	123.666664	119.666664	98.333336	75.0	78.333336	133.0	181.33333	189.33333	182.33333	172.66667	158.0	142.0	121.666664	76.333336	
18.333334	61.333332	117.0	151.0	167.33333	176.66667	188.33333	193.66667	191.33333	193.33333	165.0	127.0	126.333336	153.66667	178.33333	193.66667	196.33333	210.0	189.66667	204.33333	201.33333	185.66667	168.66667	146.66667	123.333336	117.666664	140.0	174.66667	185.33333	184.33333	182.0	180.0	161.33333	140.33333	110.333336	57.0	
14.0	31.666666	89.666664	133.0	158.33333	170.66667	183.66667	194.66667	197.0	196.66667	187.0	159.33333	135.66667	135.66667	149.66667	168.33333	182.0	199.33333	193.0	197.66667	187.33333	163.33333	142.33333	127.333336	122.0	137.66667	165.0	177.66667	184.66667	185.66667	186.66667	180.0	152.66667	126.0	86.666664	34.333332	
29.333334	15.333333	56.666668	107.333336	140.33333	158.66667	174.0	189.33333	197.0	196.0	191.0	179.0	148.33333	128.0	127.0	142.0	162.33333	177.66667	182.33333	186.0	170.0	147.0	124.666664	119.0	137.66667	160.66667	171.66667	178.66667	187.33333	192.66667	188.0	164.0	134.33333	102.333336	57.333332	15.0	
27.666666	9.666667	26.333334	74.0	114.0	142.33333	158.0	179.66667	194.33333	193.0	189.66667	184.66667	173.0	151.0	130.66667	127.666664	137.66667	147.0	151.0	157.0	147.66667	133.0	131.0	149.33333	166.0	175.33333	176.0	178.33333	183.0	192.0	178.0	144.66667	114.0	74.0	29.333334	5.0	
15.333333	9.0	10.0	36.333332	81.333336	115.0	137.66667	160.66667	184.0	190.33333	191.66667	186.0	178.0	173.0	165.33333	150.66667	143.66667	144.66667	145.33333	151.33333	157.66667	156.33333	170.66667	181.33333	175.66667	175.66667	178.0	176.0	175.33333	185.66667	162.33333	121.333336	81.666664	40.0	11.333333	7.3333335	
14.0	9.333333	6.3333335	15.333333	57.0	91.0	118.666664	139.33333	168.0	186.0	187.33333	186.0	179.0	175.66667	178.0	178.66667	179.33333	179.0	178.33333	184.0	195.66667	193.66667	192.0	187.33333	183.0	182.0	178.33333	174.66667	170.66667	169.33333	138.33333	92.666664	48.0	17.333334	8.666667	10.333333	
31.333334	12.333333	8.666667	11.666667	52.333332	81.333336	97.0	118.666664	142.33333	168.0	180.66667	185.66667	185.0	184.66667	184.0	187.33333	192.33333	196.33333	199.33333	203.0	206.33333	204.66667	198.33333	191.33333	185.66667	184.0	177.33333	169.66667	158.0	145.66667	112.666664	64.0	25.0	12.0	15.666667	19.333334	
42.666668	14.333333	9.666667	10.666667	55.0	96.0	91.666664	99.0	117.0	140.33333	168.0	180.0	186.0	187.66667	190.66667	196.0	201.0	206.66667	211.66667	214.66667	211.33333	206.33333	198.66667	193.33333	188.66667	186.33333	177.33333	155.0	137.66667	119.333336	81.333336	36.0	17.666666	27.0	23.333334	27.666666	
29.333334	10.333333	8.333333	10.666667	54.666668	112.666664	113.0	99.666664	100.666664	115.666664	143.33333	169.33333	185.0	188.33333	192.33333	197.66667	202.0	209.66667	216.66667	218.66667	215.0	205.33333	196.66667	191.0	188.33333	182.33333	163.0	126.0	108.666664	77.333336	38.0	21.666666	34.333332	43.333332	22.0	16.666666	
22.333334	11.0	9.333333	11.0	51.666668	119.666664	138.33333	127.666664	106.666664	100.0	116.0	146.33333	173.0	185.33333	191.0	196.0	200.33333	209.33333	216.66667	218.0	215.0	204.66667	197.0	189.66667	181.33333	167.0	128.0	92.333336	72.333336	35.666668	21.0	36.666668	59.333332	44.666668	19.666666	14.0	
19.0	13.0	12.333333	13.0	49.0	118.333336	147.66667	149.66667	135.33333	110.0	93.666664	114.333336	146.0	170.0	186.33333	191.33333	195.0	203.66667	208.66667	210.0	205.33333	203.0	196.66667	181.66667	164.33333	135.33333	88.333336	58.666668	33.666668	20.666666	38.666668	62.333332	60.333332	34.333332	15.0	13.0	
14.666667	12.333333	12.0	14.666667	48.333332	116.666664	148.0	157.66667	155.66667	140.33333	109.666664	92.0	107.333336	142.33333	163.0	176.66667	184.66667	191.66667	195.66667	195.33333	192.0	193.0	182.66667	158.66667	132.66667	93.0	53.0	31.666666	23.333334	38.0	61.333332	58.666668	46.666668	26.666666	13.333333	12.0	
11.0	12.333333	13.333333	20.666666	58.666668	122.666664	149.0	158.0	162.0	159.33333	144.66667	117.666664	91.333336	96.333336	121.333336	148.0	164.33333	173.33333	176.33333	175.33333	176.33333	172.66667	150.33333	116.666664	82.666664	55.0	31.0	26.0	44.333332	64.333336	63.0	50.0	40.666668	28.333334	17.333334	12.666667	
