156.66667	152.66667	146.33333	150.66667	138.0	133.0	140.33333	152.33333	151.66667	154.0	160.0	158.66667	147.33333	134.33333	127.666664	123.666664	122.666664	121.666664	121.333336	120.0	117.0	112.666664	102.333336	94.333336	87.0	87.666664	92.666664	91.333336	90.333336	88.666664	81.0	71.666664	56.0	44.666668	37.333332	29.666666	
141.66667	146.0	144.33333	150.0	150.0	166.33333	179.33333	189.33333	191.66667	191.66667	190.33333	185.66667	171.66667	159.0	151.66667	144.66667	134.66667	130.66667	129.66667	126.333336	120.0	111.0	101.333336	94.666664	93.333336	97.666664	98.0	97.0	96.333336	97.0	90.666664	78.333336	60.666668	48.0	42.666668	33.333332	
149.33333	132.33333	148.0	167.0	174.0	182.33333	189.66667	195.0	199.33333	202.0	203.0	197.0	187.33333	176.0	168.66667	160.0	150.0	146.33333	142.33333	139.33333	127.333336	110.333336	101.666664	97.0	96.333336	100.0	99.333336	99.0	98.333336	99.666664	94.333336	76.333336	61.0	51.666668	44.333332	37.333332	
137.0	139.33333	160.33333	160.66667	177.0	187.33333	192.0	193.66667	197.66667	201.33333	202.0	201.66667	192.66667	181.0	171.0	167.33333	159.66667	152.66667	147.66667	141.33333	131.66667	116.333336	105.333336	102.333336	102.333336	105.0	103.666664	100.0	97.0	94.666664	90.333336	73.0	61.0	57.0	47.333332	40.333332	
131.66667	141.33333	146.33333	157.66667	175.33333	191.66667	201.0	195.33333	196.33333	202.33333	203.33333	198.66667	183.66667	166.66667	158.33333	156.66667	151.66667	147.66667	146.66667	142.0	131.0	115.0	101.666664	96.666664	95.333336	97.333336	99.666664	98.333336	96.0	90.333336	79.666664	62.666668	55.0	54.333332	49.666668	45.666668	
132.0	124.333336	126.333336	158.33333	181.33333	193.33333	200.66667	196.33333	194.0	195.33333	194.0	186.0	178.66667	173.66667	169.33333	170.33333	168.33333	161.33333	153.33333	143.66667	133.0	116.333336	105.333336	98.333336	99.0	105.666664	106.666664	100.666664	93.0	86.333336	78.333336	68.666664	66.0	64.0	54.666668	49.0	
129.33333	102.333336	115.666664	145.0	178.0	197.0	199.33333	194.33333	192.0	193.66667	192.0	176.66667	164.33333	158.66667	152.33333	145.33333	138.66667	131.0	129.0	129.66667	129.66667	117.666664	103.666664	96.333336	99.333336	108.666664	106.666664	94.333336	82.333336	74.333336	70.666664	64.0	64.333336	63.666668	56.666668	52.0	
140.0	91.666664	104.0	142.66667	174.66667	194.33333	200.66667	198.0	195.33333	196.33333	194.0	183.0	169.33333	165.0	164.66667	158.0	154.33333	154.33333	157.0	149.33333	130.33333	110.333336	101.333336	99.333336	101.333336	107.666664	103.0	94.0	84.666664	72.0	67.0	67.666664	73.333336	65.666664	59.333332	54.333332	
148.0	88.0	112.0	142.0	173.66667	193.33333	198.66667	202.0	202.33333	199.66667	197.33333	188.0	177.0	171.0	164.33333	155.33333	150.0	150.0	146.66667	132.0	120.666664	115.666664	102.0	100.333336	106.0	110.0	102.666664	88.333336	76.333336	67.333336	70.0	76.333336	72.333336	61.0	59.0	55.0	
163.0	88.0	116.0	152.0	185.33333	196.66667	199.66667	202.0	204.66667	205.33333	206.66667	201.33333	193.33333	186.66667	178.33333	173.0	161.66667	154.66667	145.66667	138.33333	133.0	111.333336	101.0	104.666664	105.333336	107.333336	100.333336	85.333336	83.333336	79.333336	80.0	74.666664	62.0	65.0	67.0	58.0	
160.66667	108.666664	134.66667	176.0	196.33333	199.66667	201.66667	204.66667	207.0	208.33333	214.33333	215.0	205.0	197.0	190.66667	182.66667	174.0	151.33333	144.66667	140.66667	127.666664	99.666664	95.333336	101.666664	94.0	105.333336	113.666664	107.0	99.333336	86.0	78.333336	75.666664	84.666664	84.0	67.333336	57.666668	
124.666664	120.0	151.0	190.66667	197.66667	202.33333	204.33333	209.0	212.66667	211.0	211.0	213.33333	210.0	203.0	197.66667	194.0	186.0	154.0	147.66667	137.0	119.333336	91.666664	92.0	101.666664	95.333336	110.333336	117.0	104.0	100.0	97.333336	98.333336	98.333336	96.333336	83.333336	68.666664	69.333336	
120.666664	123.666664	161.33333	196.0	198.0	199.66667	200.66667	207.66667	204.0	191.0	173.33333	168.66667	171.0	169.0	168.66667	157.0	141.0	123.333336	121.666664	106.0	93.0	84.333336	93.333336	105.0	101.333336	112.0	105.0	85.666664	70.333336	62.666668	68.666664	70.666664	63.0	54.0	48.0	70.666664	
148.66667	143.0	169.66667	196.66667	197.66667	195.33333	194.0	198.0	186.33333	170.66667	149.66667	134.0	125.0	113.666664	110.666664	88.0	74.333336	71.0	74.333336	63.333332	67.333336	76.666664	98.333336	105.333336	101.0	103.333336	85.0	62.0	46.333332	43.333332	42.0	35.333332	31.666666	29.333334	30.666666	47.666668	
164.0	156.33333	171.33333	198.0	197.33333	192.66667	186.0	179.33333	163.0	150.0	136.0	117.666664	97.333336	82.666664	76.0	64.333336	64.0	71.666664	72.333336	63.333332	66.0	77.333336	101.666664	100.333336	95.333336	93.0	79.666664	69.666664	54.333332	52.333332	52.666668	47.333332	43.666668	38.666668	37.666668	43.666668	
169.0	153.0	170.0	197.0	196.33333	190.0	180.33333	160.0	129.66667	119.0	105.333336	83.333336	63.333332	55.0	48.666668	44.666668	50.0	67.666664	82.666664	82.333336	83.0	88.333336	107.0	95.666664	84.666664	82.0	76.0	71.666664	58.333332	49.666668	47.0	52.0	54.0	53.0	49.333332	50.333332	
197.0	166.33333	170.66667	199.0	200.33333	193.66667	179.0	146.33333	108.0	98.333336	89.333336	72.333336	41.0	25.333334	22.666666	30.333334	35.0	46.0	69.666664	86.666664	94.333336	103.0	112.666664	91.333336	70.0	65.666664	58.666668	45.666668	35.333332	29.666666	28.0	27.0	29.0	34.666668	40.666668	49.0	
211.0	196.0	180.0	196.33333	199.0	196.33333	183.66667	160.0	140.0	136.66667	146.66667	138.66667	66.333336	28.0	30.666666	50.0	52.0	43.0	50.666668	81.333336	102.666664	117.0	116.666664	82.333336	55.666668	47.666668	36.0	31.0	36.666668	30.0	18.0	13.666667	23.333334	32.333332	30.333334	40.0	
193.0	176.66667	176.66667	195.66667	197.0	197.66667	191.33333	184.0	184.33333	184.0	167.33333	159.0	121.333336	72.333336	75.333336	90.0	64.333336	51.666668	58.333332	88.333336	118.333336	136.66667	121.666664	71.0	40.333332	31.666666	28.666666	41.666668	67.333336	38.333332	18.333334	15.0	30.333334	35.333332	33.0	40.0	
190.66667	184.0	176.33333	193.33333	198.0	199.66667	198.66667	201.66667	199.33333	198.0	170.33333	140.0	136.0	119.333336	109.333336	95.333336	69.333336	60.333332	80.0	115.666664	149.33333	161.66667	126.0	65.333336	30.0	25.333334	33.0	56.666668	90.0	69.666664	36.0	38.333332	52.333332	47.333332	42.0	35.0	
140.0	203.66667	198.66667	194.0	195.33333	198.0	201.0	207.33333	203.0	200.66667	179.33333	136.33333	111.0	98.0	93.0	80.0	71.333336	82.666664	117.666664	154.66667	183.0	176.0	128.66667	66.0	33.333332	30.333334	46.666668	68.0	88.333336	90.0	73.666664	67.0	65.0	51.666668	41.0	32.0	
52.0	131.33333	175.33333	192.0	190.0	194.33333	198.33333	199.33333	197.33333	196.66667	185.0	151.33333	116.333336	93.0	83.666664	79.666664	90.666664	117.666664	159.0	189.66667	203.66667	180.33333	126.666664	73.666664	41.333332	39.666668	53.333332	71.333336	78.666664	78.666664	71.333336	61.0	51.333332	47.333332	39.333332	33.666668	
14.666667	31.666666	99.0	188.0	188.33333	186.33333	190.33333	191.66667	190.33333	185.66667	172.33333	158.66667	141.0	117.666664	100.666664	99.0	121.0	152.33333	187.0	207.0	210.33333	178.66667	121.333336	78.333336	47.0	48.333332	58.333332	68.333336	71.333336	69.666664	63.666668	54.333332	50.333332	49.333332	44.0	41.666668	
6.6666665	13.333333	73.0	186.33333	187.66667	181.33333	181.33333	179.0	179.66667	178.33333	169.66667	157.66667	135.0	112.0	112.0	133.0	156.66667	174.0	198.66667	210.66667	210.33333	175.33333	114.333336	72.0	45.666668	49.0	62.333332	68.333336	68.666664	75.333336	72.0	64.666664	62.0	59.333332	55.666668	50.333332	
4.3333335	9.0	62.0	184.33333	188.33333	178.66667	172.0	169.0	170.66667	166.33333	157.33333	144.66667	136.33333	142.66667	159.0	167.33333	169.0	186.33333	202.33333	211.0	211.33333	177.33333	110.0	63.666668	43.0	45.666668	58.333332	72.0	74.333336	78.333336	81.0	81.333336	79.666664	72.333336	62.0	51.666668	
2.3333333	7.0	53.666668	180.0	188.66667	181.0	172.0	167.33333	164.33333	159.0	154.33333	147.33333	150.66667	164.0	164.0	162.33333	173.0	191.66667	203.0	212.33333	214.0	174.66667	108.0	61.333332	44.0	45.0	54.0	72.666664	83.0	85.333336	90.0	90.666664	86.333336	75.0	59.0	46.666668	
2.0	6.0	46.333332	174.66667	189.33333	183.0	174.0	169.66667	169.0	168.0	163.33333	158.0	163.66667	163.0	150.0	153.66667	171.33333	196.0	206.66667	211.66667	210.0	164.0	101.0	59.0	43.333332	42.666668	50.333332	71.0	85.333336	87.333336	87.0	87.0	81.333336	66.333336	49.0	39.666668	
2.3333333	5.3333335	41.333332	166.0	188.0	182.66667	178.0	176.0	175.33333	171.33333	166.0	165.0	165.66667	153.33333	147.0	146.66667	162.66667	197.33333	211.0	211.0	205.0	157.66667	96.0	57.333332	42.666668	39.666668	46.0	69.333336	84.0	88.0	87.333336	81.0	72.666664	58.666668	42.333332	34.333332	
1.6666666	5.3333335	33.0	154.33333	186.0	181.0	179.33333	182.33333	185.66667	179.0	170.0	168.0	161.33333	147.66667	138.0	133.33333	157.33333	205.66667	212.66667	210.33333	202.66667	156.0	97.0	60.333332	41.333332	35.333332	43.333332	65.333336	80.333336	87.0	83.333336	76.0	64.333336	51.333332	38.0	30.0	
2.3333333	5.0	25.666666	141.66667	185.66667	180.0	182.0	184.33333	187.0	183.66667	176.33333	168.33333	154.33333	143.33333	133.66667	131.66667	171.66667	211.0	214.66667	214.0	201.0	154.33333	100.0	64.666664	41.666668	38.666668	41.666668	61.666668	79.0	87.333336	84.0	77.666664	62.0	47.666668	35.666668	28.666666	
2.3333333	4.0	17.666666	122.0	184.33333	176.66667	178.33333	184.0	186.33333	184.33333	177.66667	166.33333	152.33333	141.66667	132.33333	150.33333	201.33333	219.0	220.0	219.0	197.33333	148.0	103.0	70.333336	47.0	55.333332	52.0	59.0	75.333336	83.666664	82.0	74.333336	58.0	44.666668	33.666668	27.666666	
3.0	4.6666665	12.333333	87.0	179.33333	174.0	173.33333	184.33333	187.66667	185.33333	177.0	165.66667	156.33333	146.66667	152.66667	173.66667	183.66667	204.0	216.66667	212.0	186.33333	140.66667	105.666664	74.666664	53.333332	64.0	56.666668	55.0	73.0	80.666664	79.0	69.0	55.666668	43.0	32.0	26.0	
2.0	4.6666665	9.333333	52.0	162.33333	172.0	169.0	178.33333	181.33333	181.33333	178.0	168.0	162.66667	164.66667	185.0	195.0	179.0	164.0	189.66667	193.0	164.33333	128.0	106.0	77.666664	55.666668	59.0	50.0	48.333332	67.0	76.0	74.666664	66.0	54.333332	41.0	30.666666	23.0	
1.6666666	4.0	8.666667	24.666666	131.0	173.0	168.66667	170.0	175.66667	178.0	170.0	165.33333	175.33333	184.0	193.0	199.66667	198.0	186.33333	184.33333	175.66667	138.0	113.666664	100.333336	74.333336	49.666668	40.333332	34.666668	41.333332	60.0	70.666664	67.0	59.333332	48.666668	40.0	28.666666	18.0	
1.0	3.0	5.3333335	12.666667	78.333336	161.66667	169.33333	167.33333	168.33333	167.0	160.66667	176.0	184.0	183.33333	179.66667	184.33333	187.0	191.33333	184.0	158.0	112.666664	94.666664	89.666664	62.666668	41.333332	32.0	34.0	38.666668	51.666668	63.666668	56.0	46.0	44.0	37.666668	26.333334	13.0	
2.0	3.0	4.0	8.666667	35.333332	130.0	164.33333	164.0	163.66667	156.66667	158.33333	179.33333	168.66667	165.66667	162.0	162.33333	164.66667	166.0	165.0	143.0	103.0	81.666664	71.0	55.333332	44.666668	40.333332	41.0	41.666668	48.0	57.0	50.0	36.0	38.333332	33.0	20.0	7.6666665	
2.6666667	3.0	3.6666667	8.0	15.666667	84.666664	152.66667	157.33333	159.66667	155.66667	162.33333	169.66667	154.0	140.0	138.0	141.0	144.0	139.0	138.66667	125.666664	95.0	78.666664	73.666664	62.666668	53.0	49.0	48.666668	46.666668	49.0	52.333332	49.333332	34.666668	33.0	27.0	11.0	3.3333333	
1.6666666	2.0	3.3333333	7.6666665	10.666667	53.333332	144.33333	149.33333	148.33333	154.0	161.66667	149.0	123.666664	102.333336	102.0	113.0	125.0	122.0	122.666664	111.666664	84.0	80.0	78.333336	66.666664	61.333332	57.333332	53.666668	50.666668	54.666668	54.333332	49.666668	35.0	26.333334	16.666666	5.6666665	1.3333334	
1.3333334	1.6666666	3.0	7.0	10.0	30.666666	133.66667	151.66667	143.33333	145.66667	150.33333	122.333336	95.0	85.0	80.0	85.333336	98.0	99.666664	105.666664	96.666664	84.666664	82.666664	76.0	61.666668	53.666668	45.666668	37.666668	36.666668	50.333332	57.333332	50.0	34.0	19.333334	8.0	3.0	1.3333334	
1.3333334	1.3333334	2.3333333	5.6666665	10.0	17.0	99.666664	154.0	146.66667	140.33333	137.66667	118.0	121.666664	135.33333	143.0	134.33333	127.666664	119.0	103.0	75.0	66.666664	61.666668	50.666668	42.0	35.666668	29.0	28.333334	33.0	44.0	53.0	45.333332	24.666666	10.0	4.0	2.0	1.0	
1.3333334	2.0	1.6666666	3.3333333	5.0	11.666667	75.333336	151.0	149.66667	145.33333	138.0	125.666664	137.0	154.0	167.33333	162.0	153.66667	141.66667	132.66667	113.0	89.666664	74.0	62.666668	50.0	40.0	37.666668	37.666668	40.0	43.333332	43.333332	29.666666	12.0	3.3333333	1.6666666	2.0	1.0	
1.6666666	1.6666666	2.0	2.0	3.6666667	7.0	57.666668	153.33333	152.66667	149.33333	154.0	140.33333	137.33333	151.33333	160.0	159.0	155.33333	147.33333	133.0	113.0	96.333336	86.0	75.666664	63.333332	57.0	51.666668	44.0	42.0	39.0	26.333334	11.333333	4.0	2.3333333	1.0	1.6666666	1.0	
0.6666667	1.3333334	1.0	1.0	3.0	7.0	36.0	140.0	163.0	150.0	157.66667	156.66667	141.0	144.0	148.33333	144.0	137.33333	130.0	109.0	91.333336	85.666664	82.0	77.333336	70.0	61.666668	55.333332	47.0	39.0	28.333334	14.0	4.6666665	2.3333333	1.3333334	0.6666667	1.0	1.0	
1.0	0.6666667	0.6666667	1.0	3.3333333	6.3333335	20.0	109.666664	176.0	168.66667	160.0	167.0	166.0	162.33333	155.0	140.66667	125.666664	110.0	93.333336	84.0	79.666664	76.666664	75.333336	69.333336	60.666668	51.0	39.333332	29.666666	17.333334	6.0	1.6666666	3.0	1.3333334	0.6666667	0.6666667	1.0	
1.0	1.0	2.3333333	2.3333333	3.0	4.6666665	11.0	67.333336	165.0	180.0	173.0	169.66667	176.66667	177.33333	172.66667	159.33333	145.66667	128.33333	110.333336	96.666664	88.0	84.0	81.0	70.666664	58.666668	42.0	32.0	23.333334	9.333333	2.0	1.6666666	2.3333333	1.3333334	1.0	1.0	1.0	
1.0	1.3333334	3.0	4.3333335	4.0	5.6666665	9.666667	33.333332	135.0	180.0	182.66667	181.0	177.33333	178.66667	177.33333	170.66667	159.0	141.33333	120.666664	104.333336	99.0	94.0	85.666664	71.666664	55.0	37.666668	26.333334	15.666667	4.6666665	2.0	1.6666666	1.3333334	1.3333334	2.0	1.0	1.0	
1.6666666	2.6666667	4.6666665	5.3333335	5.6666665	6.3333335	9.666667	19.666666	103.333336	173.33333	186.66667	177.33333	144.33333	160.66667	167.66667	160.66667	143.66667	128.0	110.333336	97.0	94.333336	87.333336	80.333336	66.333336	48.0	32.666668	19.666666	7.6666665	1.6666666	1.6666666	1.0	1.3333334	2.6666667	2.0	2.0	2.0	
3.3333333	5.6666665	8.0	8.666667	9.666667	9.333333	10.0	16.333334	78.333336	164.33333	162.0	95.333336	49.0	95.666664	140.0	137.0	119.666664	108.0	93.0	86.0	83.0	76.666664	67.666664	52.333332	36.666668	22.333334	10.0	3.6666667	1.6666666	1.6666666	1.0	2.0	3.3333333	3.6666667	3.3333333	4.0	
6.0	9.666667	25.0	53.0	54.0	39.666668	33.666668	30.333334	68.333336	123.666664	76.666664	38.333332	36.0	48.333332	74.0	91.0	89.666664	83.666664	75.333336	67.0	60.666668	54.0	43.333332	29.666666	18.0	9.0	4.0	2.6666667	2.6666667	2.3333333	2.3333333	5.0	7.0	6.0	5.3333335	5.6666665	
