23.666666	23.0	21.333334	21.0	20.666666	26.333334	34.666668	39.666668	41.0	38.666668	41.0	40.333332	35.333332	35.0	44.666668	60.666668	78.666664	90.666664	94.333336	95.666664	92.0	85.333336	83.0	82.666664	81.0	75.0	68.333336	62.666668	54.0	42.333332	25.666666	22.0	30.333334	38.0	38.333332	37.333332	
19.333334	17.0	20.0	24.0	29.0	34.0	36.333332	37.0	38.666668	38.333332	37.0	32.0	38.666668	61.666668	82.666664	92.666664	98.666664	98.666664	98.333336	99.333336	98.333336	93.666664	88.0	85.0	82.333336	77.0	71.666664	69.0	66.0	58.666668	47.0	31.666666	20.333334	26.0	34.333332	37.666668	
14.333333	19.333334	28.333334	32.0	34.666668	34.0	33.333332	34.666668	33.333332	29.0	32.333332	48.666668	73.0	92.0	95.333336	95.0	94.0	94.666664	97.333336	99.666664	100.666664	100.0	94.0	88.0	83.0	77.0	75.0	72.333336	65.666664	58.666668	53.0	45.0	31.333334	21.0	25.666666	37.666668	
21.0	29.333334	35.0	33.0	32.666668	35.0	32.333332	30.0	28.0	34.0	54.333332	72.333336	80.333336	86.666664	88.666664	91.0	91.0	92.0	93.333336	97.666664	99.666664	96.666664	90.0	87.666664	82.333336	76.666664	75.666664	70.333336	63.666668	58.333332	51.333332	46.0	39.333332	28.666666	18.666666	23.0	
32.0	36.666668	34.333332	32.333332	33.0	34.333332	27.0	25.0	36.0	56.0	69.333336	76.0	77.333336	81.666664	86.666664	90.0	91.0	89.333336	90.0	95.333336	99.333336	95.0	89.333336	89.0	80.666664	75.666664	73.333336	67.0	61.666668	55.666668	49.333332	47.0	42.333332	33.333332	24.0	15.333333	
35.333332	36.666668	34.0	34.666668	32.666668	26.333334	28.0	40.333332	57.0	70.0	71.666664	76.666664	84.0	87.666664	89.666664	92.0	91.0	87.0	87.0	91.0	94.666664	93.0	89.666664	89.0	82.333336	78.333336	74.0	66.0	60.333332	55.0	50.333332	47.666668	42.666668	35.0	28.0	17.666666	
35.0	37.333332	35.333332	31.333334	25.333334	26.666666	42.666668	58.666668	65.0	69.333336	74.333336	81.333336	93.0	100.333336	101.0	102.333336	96.666664	91.666664	89.666664	88.333336	92.666664	95.333336	92.333336	90.333336	87.333336	84.0	79.666664	71.0	67.0	61.333332	55.666668	51.0	43.666668	35.666668	28.666666	19.666666	
33.0	32.0	26.666666	21.333334	25.333334	39.0	52.333332	58.0	64.666664	74.0	82.333336	91.333336	106.0	115.0	118.333336	122.0	115.333336	108.333336	102.333336	95.333336	98.333336	103.0	101.666664	101.333336	99.666664	94.666664	88.666664	82.666664	77.333336	68.0	59.0	53.333332	44.666668	36.0	30.666666	24.333334	
23.333334	21.0	24.333334	27.0	33.333332	42.0	47.666668	52.333332	65.333336	76.0	82.666664	93.333336	108.333336	127.666664	136.33333	141.0	139.0	141.66667	129.33333	110.333336	108.0	115.666664	122.333336	121.0	114.333336	107.0	101.333336	94.0	85.666664	76.666664	66.666664	57.333332	45.333332	32.0	27.0	25.0	
31.333334	34.0	41.0	40.0	33.666668	35.333332	41.0	46.0	52.333332	52.0	55.666668	64.0	76.0	102.0	126.333336	138.33333	144.33333	154.66667	161.33333	138.0	123.666664	134.66667	152.66667	145.33333	122.666664	107.666664	99.333336	90.0	80.666664	74.666664	67.666664	58.0	45.0	29.0	22.666666	25.333334	
53.666668	55.333332	53.666668	42.0	30.333334	30.0	33.666668	38.333332	41.666668	43.0	45.666668	48.333332	46.0	50.666668	72.333336	93.333336	111.333336	129.0	156.33333	156.0	142.33333	147.0	153.33333	129.66667	102.666664	82.333336	66.666664	55.333332	46.333332	42.333332	40.333332	39.333332	39.0	34.666668	24.666666	25.0	
57.0	58.666668	56.333332	43.666668	37.0	38.666668	40.666668	48.333332	61.333332	74.666664	78.0	77.0	68.666664	57.666668	60.666668	70.0	81.666664	102.333336	125.666664	139.0	132.0	125.333336	121.0	95.333336	75.666664	61.666668	50.0	42.0	36.666668	33.666668	34.0	33.333332	32.333332	31.666666	25.666666	27.666666	
62.0	63.0	59.666668	51.333332	53.666668	64.0	72.666664	80.666664	87.0	96.666664	97.666664	91.333336	84.666664	78.333336	74.0	75.666664	77.666664	90.0	102.666664	117.0	115.666664	105.333336	101.0	85.333336	73.333336	67.666664	65.666664	66.333336	74.333336	78.666664	75.666664	63.666668	50.333332	36.666668	31.333334	39.333332	
68.0	68.0	66.0	61.0	66.666664	79.0	79.0	73.666664	68.0	63.0	64.0	54.333332	54.666668	57.0	70.666664	81.333336	78.333336	84.0	94.333336	107.333336	105.333336	95.333336	89.333336	78.0	76.333336	80.0	84.0	84.0	86.333336	86.333336	85.333336	82.333336	78.333336	67.333336	61.666668	63.333332	
68.666664	70.0	71.0	68.0	68.333336	67.0	53.333332	45.666668	59.0	65.0	43.0	32.333332	28.666666	36.333332	46.333332	67.333336	75.666664	80.333336	91.0	106.0	105.0	89.333336	78.333336	72.333336	78.666664	76.333336	67.333336	60.333332	51.333332	43.333332	42.0	55.0	71.0	85.666664	83.666664	79.333336	
69.666664	70.0	73.0	68.0	60.333332	49.0	35.333332	40.0	83.666664	105.666664	57.666668	53.0	34.0	56.333332	49.666668	58.0	71.0	72.0	87.333336	108.666664	108.666664	85.333336	67.0	70.0	68.333336	59.0	63.0	60.666668	39.333332	29.333334	36.0	41.666668	42.333332	72.666664	87.666664	91.0	
69.666664	72.0	73.666664	69.333336	64.666664	57.0	51.666668	54.666668	75.666664	86.333336	59.333332	43.0	49.333332	79.333336	57.0	59.0	75.0	65.0	82.0	110.333336	109.666664	79.333336	66.0	70.333336	60.666668	65.333336	105.0	107.333336	68.0	41.666668	51.333332	66.333336	35.666668	46.666668	71.0	86.666664	
70.666664	74.0	73.0	71.0	73.666664	75.0	74.333336	75.666664	81.0	88.0	86.0	73.0	65.333336	63.666668	56.333332	66.333336	74.333336	66.333336	78.666664	104.666664	105.0	78.0	67.666664	67.666664	58.0	66.333336	102.666664	107.333336	64.333336	39.666668	60.0	77.666664	56.0	62.0	78.333336	91.333336	
73.666664	74.333336	70.333336	71.0	76.333336	81.0	81.0	80.666664	85.666664	91.666664	96.333336	92.333336	75.666664	62.333332	68.0	76.0	74.0	71.0	78.0	96.0	98.333336	81.0	71.666664	74.666664	72.666664	65.666664	76.666664	87.333336	79.333336	71.333336	81.333336	89.0	90.666664	96.333336	100.0	106.666664	
75.333336	74.666664	70.333336	73.666664	78.0	84.666664	90.333336	88.333336	86.666664	86.333336	89.0	89.666664	85.0	82.0	84.666664	77.666664	72.0	72.666664	76.0	86.0	90.0	81.666664	74.333336	78.333336	82.333336	76.333336	77.333336	88.333336	91.666664	87.333336	89.666664	91.0	93.333336	97.666664	102.0	106.333336	
72.666664	76.0	76.666664	77.666664	82.333336	89.666664	95.0	96.0	96.666664	95.333336	93.333336	95.333336	98.0	98.666664	89.333336	74.0	73.333336	73.666664	73.0	80.333336	85.666664	81.333336	75.333336	78.333336	85.0	87.333336	89.0	91.0	89.666664	87.333336	88.0	89.333336	93.0	97.333336	99.333336	99.666664	
71.666664	77.666664	83.0	85.666664	86.666664	86.666664	86.666664	89.333336	92.0	92.0	95.666664	100.666664	104.333336	96.666664	81.666664	72.333336	74.0	71.333336	74.333336	81.0	85.666664	82.0	76.333336	79.666664	84.333336	91.666664	97.0	96.666664	94.333336	93.666664	95.0	97.666664	105.666664	113.666664	118.666664	112.333336	
69.666664	80.0	90.666664	96.333336	95.0	93.333336	93.666664	94.0	96.333336	98.0	102.666664	105.0	108.666664	102.0	85.333336	74.333336	73.333336	72.333336	78.333336	83.333336	87.333336	85.333336	79.666664	83.0	89.0	94.666664	98.666664	99.666664	102.666664	103.666664	103.0	105.666664	114.666664	123.666664	133.33333	129.66667	
70.666664	83.0	95.0	101.333336	106.333336	110.333336	117.333336	120.666664	120.666664	115.333336	114.0	114.0	110.666664	94.666664	75.0	65.666664	69.333336	78.0	85.666664	95.0	99.666664	94.666664	90.333336	86.333336	93.0	101.0	105.0	109.0	112.0	113.333336	111.0	111.666664	119.0	129.33333	142.0	144.66667	
71.0	85.0	95.0	102.333336	112.0	121.0	139.66667	150.33333	140.33333	122.666664	112.333336	110.0	100.0	72.333336	64.0	64.0	74.666664	94.666664	100.0	112.333336	118.666664	116.666664	116.333336	101.0	85.333336	88.0	102.666664	111.333336	118.666664	122.333336	122.666664	123.333336	126.0	132.33333	144.66667	151.0	
64.333336	79.0	90.333336	99.333336	110.0	118.0	138.0	149.33333	132.66667	112.0	103.0	106.0	93.0	74.666664	83.333336	84.0	89.0	103.666664	113.333336	141.0	141.33333	125.333336	124.333336	117.333336	102.666664	95.0	101.333336	108.333336	114.333336	121.333336	127.0	126.0	122.333336	123.0	133.33333	140.66667	
55.333332	68.0	79.0	89.666664	100.333336	107.666664	120.0	120.0	103.666664	93.333336	95.666664	103.0	88.333336	79.333336	94.333336	97.333336	97.333336	101.666664	114.0	140.0	141.0	122.666664	116.0	113.333336	116.0	109.666664	102.333336	105.0	105.666664	112.666664	121.666664	122.0	117.0	114.666664	120.0	122.0	
49.0	58.333332	69.333336	81.0	92.333336	101.333336	97.333336	88.666664	79.666664	81.666664	88.0	93.0	83.333336	72.333336	78.333336	81.333336	83.0	86.0	95.666664	108.0	109.666664	105.666664	93.333336	87.333336	94.333336	96.0	90.666664	87.666664	87.666664	94.333336	105.666664	110.333336	109.333336	109.333336	109.333336	105.333336	
46.0	51.333332	61.666668	73.0	84.0	85.666664	72.333336	66.666664	68.333336	74.0	77.0	78.333336	73.666664	67.333336	63.666668	64.0	70.333336	79.666664	82.0	85.333336	85.0	81.333336	68.333336	67.333336	77.333336	83.0	82.0	74.666664	73.333336	76.0	84.0	93.333336	99.666664	101.0	98.0	91.0	
46.333332	51.0	60.666668	69.666664	71.333336	62.666668	64.666664	66.0	66.666664	67.333336	64.333336	65.666664	64.333336	60.666668	58.666668	61.666668	70.0	83.333336	82.666664	76.333336	77.0	72.666664	67.333336	70.666664	79.333336	83.333336	83.0	76.333336	72.666664	69.666664	68.333336	73.333336	84.333336	92.0	89.666664	81.333336	
46.666668	50.666668	61.0	66.666664	59.0	54.333332	69.333336	72.333336	69.666664	64.666664	62.0	65.666664	64.666664	61.0	62.666668	67.666664	71.333336	79.666664	75.0	72.0	80.333336	76.333336	73.0	79.333336	87.333336	89.666664	87.666664	81.0	76.333336	71.333336	66.666664	61.333332	63.0	77.333336	80.666664	73.666664	
47.666668	49.666668	59.0	61.666668	54.0	61.0	74.666664	75.333336	74.333336	70.666664	70.0	71.666664	72.666664	72.333336	73.0	77.666664	81.666664	90.333336	82.333336	78.333336	86.0	87.0	84.333336	89.666664	97.333336	99.333336	98.333336	92.333336	83.333336	70.333336	62.333332	57.666668	56.333332	65.666664	74.666664	69.0	
49.333332	49.0	58.666668	67.333336	60.666668	67.0	76.333336	70.333336	66.666664	64.0	59.0	59.333332	62.666668	68.0	72.333336	74.333336	82.666664	103.333336	115.333336	111.333336	98.666664	92.0	82.666664	82.666664	86.0	86.0	84.333336	81.666664	82.666664	72.333336	59.333332	59.666668	60.666668	65.0	75.666664	69.666664	
52.333332	51.0	59.0	73.666664	75.333336	76.333336	79.333336	73.0	54.0	60.333332	63.0	67.333336	76.333336	95.0	86.333336	82.666664	79.333336	93.333336	103.0	95.666664	79.666664	74.666664	71.333336	71.666664	68.333336	58.666668	51.0	49.666668	57.333332	64.333336	66.666664	75.0	74.0	73.333336	78.333336	70.666664	
52.333332	54.333332	60.333332	78.333336	92.666664	88.666664	84.666664	85.333336	63.0	82.666664	110.666664	121.0	135.33333	163.33333	147.66667	149.33333	132.66667	141.0	127.666664	115.666664	111.333336	109.666664	119.0	125.666664	119.333336	89.0	68.666664	54.333332	53.666668	72.0	87.666664	88.666664	82.333336	83.0	80.666664	70.666664	
49.0	53.666668	60.0	75.666664	98.333336	100.0	92.0	90.333336	70.333336	65.666664	92.333336	131.66667	164.0	197.0	193.66667	203.33333	195.33333	215.66667	194.0	187.33333	194.0	193.66667	204.33333	194.33333	177.66667	139.66667	98.666664	71.333336	73.666664	94.0	103.666664	97.333336	94.666664	92.333336	77.666664	70.0	
44.333332	52.333332	57.333332	65.0	88.666664	102.0	94.0	83.666664	75.666664	66.333336	64.0	88.666664	135.33333	185.33333	202.33333	214.33333	219.33333	240.33333	226.0	217.66667	224.33333	228.33333	234.66667	214.0	171.0	124.0	93.333336	85.0	92.333336	107.0	107.666664	100.666664	101.0	87.666664	70.666664	68.333336	
39.666668	51.333332	54.666668	56.666668	70.666664	91.666664	92.0	79.333336	78.666664	71.0	63.333332	71.0	91.333336	118.333336	148.66667	179.33333	202.33333	228.0	224.33333	215.0	212.0	211.0	204.33333	177.66667	135.66667	106.0	100.333336	95.666664	98.333336	107.0	107.666664	101.666664	91.333336	73.333336	67.666664	63.333332	
33.333332	44.333332	51.0	52.0	57.0	78.0	87.666664	76.333336	75.333336	73.0	63.333332	66.0	77.333336	89.0	102.666664	111.0	130.0	154.0	157.33333	159.66667	152.0	133.0	131.66667	133.33333	120.333336	105.0	94.333336	95.333336	100.0	101.333336	101.333336	93.333336	73.666664	64.0	61.0	56.0	
44.0	37.333332	41.0	48.333332	54.0	65.0	78.666664	76.0	72.0	76.333336	69.333336	62.333332	70.0	86.666664	104.666664	120.666664	127.0	127.333336	126.0	127.333336	126.666664	122.333336	121.333336	118.333336	97.666664	87.666664	92.0	94.666664	96.0	96.333336	91.0	74.0	60.666668	56.0	51.0	53.666668	
85.666664	60.0	43.666668	43.333332	49.333332	52.666668	64.333336	76.666664	73.666664	72.666664	71.0	66.666664	69.0	76.0	89.666664	114.0	134.0	138.66667	137.33333	129.0	117.333336	104.333336	92.666664	85.666664	82.0	87.666664	92.666664	90.666664	90.0	90.333336	73.0	56.0	50.333332	46.0	52.0	57.666668	
115.0	98.333336	73.333336	49.333332	42.666668	46.0	57.333332	71.666664	76.0	74.0	69.333336	71.666664	75.333336	73.333336	74.333336	82.666664	92.333336	94.666664	94.666664	91.0	87.666664	82.0	79.666664	84.666664	89.666664	91.0	92.666664	90.666664	88.666664	80.0	57.666668	46.0	43.333332	46.0	58.666668	59.333332	
120.666664	120.333336	109.0	83.333336	55.0	41.0	48.333332	64.0	73.666664	77.666664	74.0	72.666664	78.0	80.666664	78.0	74.666664	72.666664	72.333336	71.666664	70.333336	70.666664	72.0	77.333336	85.333336	89.0	94.0	96.0	93.0	87.0	70.333336	51.333332	42.333332	44.0	61.0	64.333336	58.666668	
122.333336	123.0	120.0	114.0	96.666664	63.333332	47.0	56.666668	69.0	77.333336	79.333336	77.333336	78.0	84.333336	84.666664	80.0	78.666664	76.0	74.0	76.333336	74.666664	74.666664	79.666664	86.333336	91.0	96.333336	97.0	92.0	77.0	60.0	46.0	39.333332	52.0	71.0	67.0	59.0	
118.333336	120.333336	120.0	118.333336	119.0	104.333336	76.666664	57.333332	61.333332	73.333336	77.0	76.666664	78.666664	84.333336	87.0	88.666664	94.0	94.666664	90.0	89.333336	86.666664	86.333336	88.0	95.333336	101.333336	101.333336	92.333336	82.0	65.0	49.0	41.333332	44.333332	63.666668	76.666664	70.333336	61.0	
109.0	114.0	116.666664	117.0	118.0	117.0	110.666664	91.666664	69.0	64.0	73.666664	75.666664	74.666664	78.333336	83.333336	92.333336	103.0	103.666664	99.0	93.0	92.0	96.333336	98.333336	101.333336	102.333336	96.333336	83.0	67.0	50.666668	41.0	43.0	54.0	72.0	80.666664	80.0	74.0	
100.333336	104.666664	110.0	113.0	116.0	116.666664	121.666664	120.666664	102.333336	77.0	66.333336	71.666664	72.0	75.0	85.333336	96.333336	100.666664	101.0	100.666664	93.333336	94.333336	96.333336	98.0	95.0	86.666664	80.666664	69.0	48.333332	36.333332	37.333332	50.0	67.0	81.333336	76.666664	70.0	80.0	
97.0	100.666664	105.666664	107.333336	110.0	115.333336	120.666664	123.333336	123.333336	109.666664	85.333336	71.0	69.333336	81.333336	92.333336	97.666664	99.666664	101.333336	99.666664	95.333336	92.333336	84.666664	81.0	79.333336	74.0	63.666668	49.0	33.666668	32.666668	43.0	60.333332	77.333336	89.666664	72.666664	57.0	81.333336	
94.333336	95.0	98.333336	101.333336	104.666664	108.666664	114.333336	118.333336	120.666664	122.0	114.0	96.333336	75.666664	74.333336	79.666664	85.0	89.333336	90.333336	85.666664	85.0	82.0	73.0	70.333336	65.0	54.333332	42.333332	31.666666	29.666666	38.666668	52.666668	68.333336	80.333336	89.333336	69.666664	57.0	83.666664	
