58.0	87.0	107.666664	118.0	127.333336	137.33333	144.33333	145.66667	156.33333	165.33333	169.0	175.0	176.0	181.0	183.66667	187.66667	190.0	188.0	190.33333	192.33333	193.66667	194.0	192.33333	186.33333	183.33333	180.33333	176.0	171.33333	164.66667	157.66667	154.66667	155.33333	154.66667	151.66667	140.66667	125.666664	
66.666664	88.333336	111.0	118.0	124.0	133.66667	139.66667	146.33333	158.66667	165.33333	170.66667	175.66667	176.66667	184.0	187.66667	189.33333	189.66667	192.33333	194.66667	195.66667	198.33333	199.66667	199.0	192.66667	187.33333	181.66667	177.0	175.0	173.33333	166.66667	155.66667	153.0	155.0	151.66667	140.0	135.33333	
81.333336	94.0	111.0	115.0	120.666664	133.33333	140.33333	149.33333	162.0	167.33333	174.33333	180.0	184.33333	187.0	191.0	194.66667	196.33333	198.0	197.0	193.66667	195.0	196.0	197.66667	194.66667	192.66667	187.66667	181.33333	178.0	172.66667	166.0	160.0	155.0	150.66667	154.0	145.66667	140.66667	
91.0	101.666664	108.666664	112.666664	123.333336	136.0	144.66667	151.33333	162.33333	169.33333	176.0	181.66667	186.33333	188.33333	194.0	197.0	200.66667	200.0	202.66667	198.0	195.33333	195.0	195.33333	193.66667	191.33333	185.33333	178.33333	175.33333	171.33333	164.66667	156.66667	155.0	153.0	154.66667	149.33333	145.66667	
94.333336	100.0	110.0	113.666664	123.666664	133.66667	142.33333	154.0	163.33333	172.33333	182.0	187.33333	193.0	197.66667	200.66667	201.66667	203.0	201.0	204.66667	203.66667	201.0	199.0	199.0	198.33333	194.66667	189.0	183.33333	178.0	172.66667	167.66667	159.66667	155.66667	151.66667	154.33333	151.0	144.66667	
85.666664	95.666664	107.333336	112.333336	121.666664	135.33333	148.33333	159.33333	163.0	172.66667	184.0	188.0	192.33333	197.0	195.33333	197.33333	202.33333	201.33333	204.33333	203.66667	202.0	199.33333	200.0	197.0	194.0	188.66667	183.33333	178.0	172.33333	167.66667	160.66667	155.66667	148.0	148.66667	149.33333	144.33333	
81.0	98.333336	109.0	114.666664	124.666664	138.66667	149.0	158.33333	163.66667	174.33333	185.33333	190.0	195.66667	199.0	197.66667	199.0	200.0	199.0	200.0	201.33333	204.33333	203.33333	202.33333	201.0	198.33333	193.33333	186.66667	180.33333	177.66667	172.0	164.66667	156.66667	147.0	147.66667	146.33333	143.33333	
78.0	92.666664	109.666664	117.333336	125.333336	140.0	152.0	157.0	161.0	168.0	179.66667	187.0	193.66667	195.66667	198.33333	203.66667	205.0	205.0	200.66667	199.33333	203.0	200.33333	198.66667	198.66667	195.33333	191.0	185.66667	180.33333	172.66667	166.66667	162.0	153.66667	149.33333	144.0	142.33333	141.66667	
62.666668	74.0	103.333336	115.0	123.0	140.66667	150.0	157.66667	162.0	169.33333	177.0	180.66667	185.66667	192.0	194.0	195.33333	196.66667	196.66667	194.33333	194.33333	196.66667	196.0	192.33333	190.66667	186.0	181.33333	175.0	170.66667	162.66667	160.66667	158.33333	156.0	151.0	142.33333	138.0	139.0	
55.666668	81.0	113.333336	116.333336	120.333336	132.33333	142.66667	152.66667	161.0	171.0	178.33333	184.66667	191.0	191.66667	194.66667	199.33333	201.66667	199.0	199.0	199.0	197.66667	197.66667	195.33333	195.0	194.33333	188.66667	181.33333	173.33333	169.33333	167.33333	160.66667	157.33333	154.33333	143.0	133.66667	135.66667	
58.0	85.333336	112.333336	117.333336	120.333336	130.0	148.66667	160.0	166.66667	172.0	176.33333	184.0	189.66667	189.33333	191.33333	194.0	194.0	193.0	192.33333	194.0	191.66667	192.0	191.0	191.66667	194.0	190.33333	179.66667	171.66667	168.33333	166.0	156.66667	150.66667	149.0	142.66667	132.66667	135.0	
60.666668	92.0	114.0	115.333336	116.0	130.66667	146.0	161.33333	171.0	176.66667	177.33333	182.66667	193.0	197.0	200.0	200.0	198.0	195.0	195.66667	197.0	196.66667	198.0	198.66667	198.33333	198.0	195.66667	188.33333	184.66667	183.0	174.66667	164.33333	159.66667	147.0	140.33333	140.33333	146.66667	
64.666664	98.333336	115.333336	116.0	110.333336	108.333336	116.0	136.66667	157.66667	173.66667	178.0	179.33333	193.33333	197.33333	200.33333	201.0	198.0	194.0	193.66667	196.0	198.33333	202.33333	203.33333	201.33333	196.0	195.33333	191.33333	185.66667	174.66667	155.0	143.0	147.66667	147.66667	139.66667	145.33333	150.0	
64.333336	92.0	110.333336	118.666664	100.666664	92.0	95.333336	93.0	109.333336	139.66667	153.33333	156.66667	175.33333	186.66667	187.66667	195.0	196.33333	193.0	188.33333	188.66667	193.0	196.66667	196.33333	197.66667	195.0	189.33333	173.33333	155.66667	135.33333	120.0	108.333336	104.333336	121.333336	137.66667	143.66667	154.0	
101.333336	87.0	107.333336	120.0	95.333336	85.0	100.666664	115.0	105.0	90.666664	94.666664	101.0	124.666664	149.66667	162.66667	186.33333	193.66667	190.33333	187.66667	180.66667	181.66667	180.66667	174.0	171.33333	155.0	139.0	124.0	115.666664	118.333336	114.666664	102.666664	99.333336	119.0	135.33333	143.33333	151.66667	
148.66667	100.666664	105.666664	119.666664	100.0	105.0	134.0	150.33333	152.33333	133.33333	105.666664	88.0	91.333336	114.666664	138.66667	172.0	182.33333	171.0	176.33333	172.33333	170.66667	159.66667	135.66667	120.0	105.333336	101.666664	115.0	128.66667	143.66667	145.66667	132.33333	120.0	115.666664	135.0	143.66667	148.66667	
157.33333	109.333336	104.0	118.333336	114.333336	124.0	136.66667	133.0	130.66667	132.0	120.0	99.666664	90.333336	100.666664	120.0	151.66667	178.66667	170.33333	179.33333	179.66667	162.0	141.66667	122.333336	111.0	113.333336	120.666664	136.33333	148.0	148.0	148.33333	145.0	144.66667	137.33333	140.33333	145.0	148.33333	
160.66667	115.333336	109.0	124.333336	132.0	136.33333	128.66667	102.0	99.0	122.0	99.666664	78.0	79.333336	93.666664	111.0	134.33333	180.0	182.0	187.33333	186.33333	161.0	133.66667	135.33333	129.66667	125.0	118.666664	96.666664	89.0	81.333336	101.666664	128.0	147.33333	153.66667	149.66667	147.0	150.66667	
160.0	127.666664	115.666664	132.33333	145.66667	152.33333	132.66667	109.333336	130.33333	171.66667	150.66667	93.0	94.666664	117.0	125.333336	128.33333	168.33333	188.66667	193.0	181.33333	152.0	140.0	139.0	134.33333	152.66667	183.0	129.0	82.333336	71.0	90.333336	123.666664	152.33333	161.33333	159.33333	153.33333	153.0	
165.66667	139.0	115.333336	140.0	160.33333	162.33333	149.0	143.0	144.33333	153.0	157.66667	144.33333	148.0	134.66667	132.33333	128.66667	162.66667	185.33333	186.33333	171.33333	143.33333	148.66667	153.0	147.33333	168.33333	192.33333	170.33333	118.666664	120.0	137.33333	148.0	164.33333	170.66667	169.0	161.66667	157.0	
175.33333	149.0	115.666664	142.33333	162.66667	165.0	165.33333	166.0	166.0	167.33333	168.33333	162.33333	150.0	145.66667	142.0	130.66667	160.33333	174.66667	177.33333	163.0	142.66667	144.0	156.66667	156.33333	164.0	174.33333	168.0	155.33333	157.33333	171.0	180.0	179.33333	180.33333	179.0	170.66667	156.33333	
176.66667	150.0	112.0	140.33333	160.0	166.66667	173.33333	171.0	165.66667	164.33333	167.0	166.0	163.66667	161.66667	150.33333	135.33333	154.33333	170.0	172.33333	159.0	149.66667	151.33333	158.66667	159.66667	159.33333	170.66667	180.33333	183.0	185.33333	189.66667	187.33333	184.66667	184.0	180.33333	170.0	153.33333	
175.0	148.0	104.333336	134.33333	156.66667	168.0	176.0	173.33333	167.33333	166.33333	170.33333	170.0	170.0	170.33333	155.33333	136.33333	158.33333	178.33333	171.0	156.66667	154.66667	159.66667	172.0	174.66667	174.33333	178.33333	183.33333	186.0	187.0	190.0	189.0	188.66667	186.66667	180.33333	166.66667	150.66667	
166.0	143.66667	98.333336	125.666664	152.33333	170.33333	175.66667	177.0	174.33333	173.33333	174.0	173.0	180.33333	177.66667	151.0	134.66667	158.66667	178.66667	172.33333	157.33333	153.33333	159.0	175.0	186.0	183.0	183.66667	189.33333	187.66667	186.33333	189.0	189.66667	190.66667	188.33333	179.66667	164.33333	147.33333	
154.33333	139.33333	98.0	120.333336	149.33333	167.33333	173.33333	177.66667	180.66667	179.33333	177.33333	180.33333	185.0	173.66667	139.0	133.66667	158.66667	172.0	169.66667	154.66667	145.0	154.33333	173.0	189.0	191.66667	187.66667	193.0	195.0	192.33333	191.66667	192.33333	191.33333	186.33333	174.66667	159.66667	141.66667	
152.0	138.66667	99.666664	116.0	145.0	162.0	173.33333	174.66667	177.66667	177.33333	177.66667	184.33333	186.66667	165.66667	131.33333	148.0	169.66667	175.0	169.33333	156.33333	142.0	147.0	171.66667	189.66667	194.66667	191.33333	192.66667	197.0	195.66667	192.33333	192.33333	190.66667	184.33333	173.33333	155.66667	138.0	
153.66667	143.66667	103.333336	112.333336	139.66667	156.66667	166.66667	168.33333	173.0	176.66667	179.0	185.0	184.66667	151.33333	136.66667	160.33333	180.66667	183.33333	177.0	168.33333	148.33333	138.66667	165.66667	191.33333	195.33333	192.66667	193.33333	195.66667	194.33333	189.33333	187.66667	188.66667	185.66667	172.0	152.0	136.33333	
152.33333	144.0	106.0	110.0	137.33333	152.33333	159.0	162.66667	167.33333	175.66667	181.0	186.0	176.66667	141.0	145.66667	166.33333	184.0	185.66667	181.0	179.33333	161.66667	141.0	157.66667	188.66667	196.33333	196.33333	194.0	194.0	192.33333	186.0	182.0	181.33333	180.66667	169.33333	149.33333	137.66667	
108.333336	142.0	110.666664	108.0	134.33333	149.66667	151.66667	156.0	164.66667	176.33333	183.0	186.0	166.66667	139.33333	150.66667	174.0	191.66667	198.66667	196.0	182.66667	161.66667	147.33333	158.0	186.33333	194.33333	199.66667	196.0	195.0	189.33333	180.33333	175.33333	171.66667	173.66667	165.66667	149.0	139.0	
40.666668	106.0	109.666664	108.333336	132.0	147.33333	146.66667	150.33333	164.66667	178.33333	186.0	186.66667	169.66667	136.0	144.33333	168.66667	183.0	192.66667	188.0	160.66667	143.0	144.0	160.0	188.66667	194.33333	199.66667	198.0	193.66667	185.66667	174.0	169.0	168.33333	172.0	164.0	153.0	142.33333	
10.333333	28.666666	80.666664	108.0	129.33333	143.0	142.66667	146.0	163.33333	177.66667	185.0	182.33333	176.0	147.0	132.33333	151.0	163.0	170.66667	161.0	136.0	135.0	137.0	161.0	186.33333	189.33333	194.66667	199.0	192.0	181.66667	170.33333	164.33333	168.0	172.66667	164.66667	156.66667	147.66667	
6.6666665	11.0	67.333336	106.0	130.33333	143.33333	138.0	140.0	159.66667	174.0	175.0	172.0	168.0	153.66667	139.0	135.66667	139.33333	144.0	148.66667	154.0	148.33333	150.33333	168.33333	178.33333	184.33333	190.0	195.33333	191.33333	179.33333	166.0	159.0	166.33333	171.66667	163.33333	157.66667	150.66667	
6.6666665	9.333333	59.666668	104.333336	129.66667	144.0	138.0	137.33333	157.33333	163.0	156.66667	161.66667	160.66667	151.0	142.66667	144.0	146.0	145.66667	156.0	161.0	155.33333	159.66667	166.0	171.33333	174.66667	178.33333	182.66667	187.33333	176.66667	158.33333	156.66667	164.33333	166.33333	162.0	157.66667	150.33333	
7.3333335	7.3333335	49.666668	104.0	126.333336	141.33333	140.0	140.66667	159.0	151.66667	146.66667	160.33333	156.0	148.66667	144.66667	154.66667	159.33333	155.0	163.66667	163.33333	157.33333	159.66667	164.66667	166.66667	165.0	165.0	170.66667	178.33333	174.66667	152.33333	159.33333	163.33333	162.66667	162.66667	157.66667	147.0	
7.3333335	7.0	35.333332	101.0	124.666664	139.0	140.66667	144.66667	160.33333	144.33333	145.66667	161.66667	155.33333	147.66667	147.66667	160.66667	161.0	155.0	165.66667	167.66667	160.66667	157.33333	162.66667	167.33333	164.0	162.33333	160.33333	169.0	176.0	154.66667	163.0	161.66667	162.33333	162.0	156.0	146.33333	
8.0	7.6666665	24.333334	93.0	123.0	136.33333	140.66667	145.0	154.0	135.66667	146.0	161.66667	155.33333	150.0	157.33333	167.33333	166.0	162.0	170.33333	171.33333	164.66667	162.66667	165.33333	169.66667	165.33333	164.0	154.33333	161.66667	175.66667	158.0	163.33333	163.33333	165.0	158.66667	155.66667	147.33333	
8.666667	6.6666665	14.666667	74.666664	118.0	129.66667	140.0	144.66667	146.66667	137.33333	144.0	153.33333	148.33333	145.66667	152.0	146.33333	144.66667	156.0	152.0	151.66667	159.0	161.66667	164.0	166.33333	165.33333	163.0	155.33333	160.66667	172.0	160.0	163.33333	165.0	161.33333	153.66667	153.0	145.0	
11.0	7.0	8.666667	51.0	112.666664	126.333336	137.66667	143.0	142.66667	143.66667	140.33333	135.0	127.666664	122.0	122.333336	127.666664	134.33333	133.0	120.666664	118.333336	133.66667	137.33333	136.0	138.0	143.33333	149.33333	158.33333	166.33333	167.33333	158.0	166.66667	163.66667	157.33333	150.66667	150.66667	140.33333	
15.0	9.333333	6.6666665	26.666666	96.333336	122.666664	130.0	134.66667	134.33333	146.66667	144.33333	139.0	134.0	127.666664	138.0	148.33333	154.0	153.66667	151.0	147.66667	152.66667	147.33333	135.66667	136.0	141.0	149.66667	158.66667	170.66667	164.0	154.33333	169.66667	159.33333	150.66667	145.66667	146.0	131.33333	
18.333334	15.333333	11.666667	18.666666	69.666664	117.0	124.666664	134.33333	128.66667	147.0	147.66667	144.33333	143.66667	133.66667	139.0	150.0	153.33333	151.66667	152.66667	157.0	156.33333	147.33333	138.33333	140.0	153.66667	157.66667	162.66667	171.0	159.33333	151.66667	169.0	155.0	145.66667	142.33333	138.66667	118.0	
27.333334	31.0	32.666668	33.333332	45.333332	95.666664	120.0	137.66667	127.333336	145.0	150.33333	143.33333	145.33333	139.66667	131.66667	132.33333	133.33333	128.0	128.33333	132.66667	136.0	133.33333	138.33333	148.66667	158.0	159.66667	163.66667	164.66667	150.33333	149.0	163.0	151.33333	141.0	138.0	124.0	106.0	
34.0	35.333332	36.0	34.666668	38.333332	76.666664	108.666664	131.66667	130.33333	144.0	153.66667	147.66667	147.33333	148.66667	150.0	144.66667	140.0	137.33333	135.66667	135.0	133.66667	143.66667	155.33333	158.33333	159.66667	162.66667	164.66667	163.33333	148.66667	154.0	160.33333	147.33333	134.33333	128.33333	107.333336	105.666664	
34.666668	36.333332	37.333332	37.0	39.333332	71.333336	94.666664	121.666664	129.66667	137.66667	151.66667	152.33333	156.0	157.33333	162.33333	165.0	167.0	165.66667	164.66667	167.33333	164.33333	163.66667	165.66667	162.66667	163.66667	166.33333	161.33333	160.66667	148.0	155.33333	159.0	142.0	129.0	115.0	103.666664	120.666664	
39.333332	38.666668	37.333332	36.333332	37.666668	67.333336	90.333336	101.0	121.333336	129.0	145.66667	152.33333	159.33333	162.66667	161.0	163.66667	168.0	168.33333	169.0	171.0	170.0	168.33333	166.0	166.0	168.0	168.0	163.66667	157.33333	141.66667	152.66667	152.66667	133.0	115.666664	102.666664	119.0	140.33333	
42.666668	38.0	35.0	34.0	36.666668	58.333332	94.666664	88.0	100.666664	114.0	133.33333	149.33333	157.66667	163.33333	162.66667	166.33333	173.0	174.0	176.0	176.66667	174.66667	168.66667	167.33333	171.0	170.66667	164.66667	157.66667	145.66667	134.66667	143.33333	135.66667	118.0	104.333336	117.0	144.0	150.66667	
35.0	33.666668	33.666668	34.666668	35.0	52.0	95.333336	100.333336	84.666664	96.333336	117.333336	142.66667	152.66667	161.33333	163.66667	171.66667	174.66667	172.66667	178.0	183.0	181.33333	173.33333	171.0	174.0	170.33333	160.33333	143.66667	129.33333	129.33333	124.0	113.666664	105.333336	114.666664	137.0	151.33333	150.66667	
25.333334	34.0	36.0	36.333332	34.0	54.666668	108.0	119.666664	99.333336	88.0	97.666664	125.666664	148.66667	157.33333	161.0	171.33333	171.66667	169.0	171.33333	180.66667	177.66667	171.33333	171.0	171.33333	162.33333	142.66667	125.333336	117.0	112.666664	108.666664	106.333336	112.0	132.33333	146.66667	155.0	151.0	
28.0	36.333332	36.666668	35.0	35.333332	58.0	128.66667	127.666664	121.666664	98.0	91.333336	101.333336	137.66667	154.66667	155.0	160.0	169.66667	172.33333	171.0	173.0	170.33333	168.33333	166.66667	165.33333	146.33333	119.0	110.0	105.333336	109.333336	110.666664	118.333336	134.66667	150.66667	155.33333	156.33333	177.66667	
36.333332	37.0	38.0	35.666668	36.666668	54.333332	139.33333	136.33333	133.33333	118.666664	107.0	103.666664	109.333336	132.33333	141.33333	143.0	151.0	156.66667	158.0	157.0	155.0	152.0	150.33333	141.0	113.0	104.666664	106.0	111.666664	118.666664	126.333336	140.66667	154.66667	162.66667	166.66667	189.33333	181.66667	
