20.333334	34.666668	60.0	74.0	77.0	80.333336	84.0	87.0	91.333336	96.666664	102.333336	107.666664	114.666664	118.666664	116.666664	117.666664	121.666664	128.66667	133.33333	136.0	136.66667	135.33333	135.0	135.0	135.0	135.0	135.66667	137.0	132.33333	125.666664	114.0	98.333336	82.0	62.0	46.666668	38.0	
31.0	56.666668	79.0	82.666664	82.666664	85.333336	90.0	96.333336	104.666664	109.333336	112.666664	115.333336	116.666664	116.333336	114.333336	117.666664	125.666664	133.33333	136.66667	137.33333	136.33333	135.0	136.33333	139.0	139.33333	140.33333	140.66667	140.66667	139.0	135.66667	125.333336	107.0	87.333336	65.333336	49.333332	39.0	
46.333332	75.0	89.333336	87.333336	87.0	90.0	95.333336	100.666664	108.333336	113.0	116.0	117.0	117.333336	117.0	116.333336	120.666664	127.666664	133.66667	136.33333	137.33333	137.66667	138.0	141.66667	144.66667	146.0	146.33333	146.0	146.0	146.66667	145.33333	134.0	113.333336	86.666664	64.0	48.0	37.666668	
61.666668	88.333336	92.666664	91.333336	92.0	95.0	100.666664	106.0	111.333336	116.0	118.333336	119.333336	118.0	117.666664	118.333336	122.333336	128.0	132.66667	135.33333	138.0	139.33333	140.33333	144.66667	147.66667	148.66667	148.66667	149.0	149.66667	151.33333	150.66667	138.66667	117.333336	88.333336	63.666668	48.666668	40.333332	
69.666664	91.666664	94.0	94.0	95.666664	98.0	103.0	108.666664	112.0	115.333336	117.0	116.666664	115.333336	117.0	118.666664	123.333336	127.666664	130.66667	134.0	138.33333	141.33333	142.33333	145.33333	149.0	149.33333	148.66667	148.0	148.66667	150.33333	149.66667	137.0	117.0	92.0	67.333336	52.0	46.0	
76.333336	91.0	93.0	94.666664	97.666664	99.333336	105.0	110.333336	112.333336	114.0	115.333336	114.666664	113.0	115.0	118.666664	125.333336	129.0	132.0	137.0	142.66667	146.33333	145.33333	145.0	148.0	149.0	149.33333	148.0	147.0	150.33333	149.33333	136.33333	118.666664	98.666664	74.666664	56.666668	49.333332	
84.0	90.666664	94.0	99.333336	103.333336	105.0	110.333336	115.666664	117.333336	117.333336	117.666664	118.666664	117.0	120.333336	129.0	136.0	140.33333	141.66667	144.0	147.0	148.66667	148.0	146.33333	144.33333	148.0	149.33333	148.66667	148.66667	151.33333	148.33333	137.0	122.0	105.0	83.0	62.333332	49.0	
91.666664	96.0	98.333336	103.333336	108.333336	112.0	116.333336	121.0	124.333336	123.333336	123.0	124.666664	123.666664	130.33333	136.66667	138.66667	141.0	143.66667	146.33333	148.33333	150.66667	150.66667	149.33333	147.0	147.33333	147.33333	147.66667	149.66667	150.66667	147.0	138.0	126.0	112.666664	94.0	70.666664	51.333332	
91.333336	93.333336	92.666664	101.0	107.0	118.333336	124.666664	127.666664	130.0	129.33333	126.333336	129.0	126.666664	126.666664	123.333336	115.666664	112.333336	110.0	112.0	120.333336	130.0	136.0	137.0	139.66667	142.66667	147.0	148.0	147.0	147.66667	145.33333	138.0	129.66667	122.333336	107.333336	83.666664	60.333332	
69.0	55.666668	60.0	79.666664	95.0	112.333336	125.333336	128.66667	128.33333	126.333336	125.0	127.333336	124.333336	118.0	107.0	91.666664	84.666664	77.333336	72.333336	74.666664	80.666664	87.0	93.333336	107.0	122.333336	140.0	147.33333	143.0	143.66667	142.33333	137.66667	133.66667	130.33333	118.333336	97.0	75.0	
36.333332	28.333334	41.0	54.333332	76.666664	99.0	117.0	123.0	125.333336	123.333336	123.666664	127.0	124.0	118.666664	111.0	99.0	94.666664	91.0	81.333336	75.333336	74.0	72.0	67.666664	71.666664	86.0	108.0	129.66667	140.0	142.66667	140.0	137.33333	134.33333	131.0	122.666664	108.333336	90.666664	
30.666666	39.0	51.0	58.0	71.666664	90.666664	110.0	119.333336	124.0	124.666664	124.0	127.0	127.666664	126.0	120.0	113.666664	109.0	107.333336	107.666664	111.0	109.666664	102.333336	94.0	89.666664	86.0	86.333336	100.666664	123.666664	137.33333	138.0	134.66667	130.33333	128.33333	124.0	115.666664	102.0	
60.0	76.666664	82.0	82.666664	82.0	89.0	100.333336	108.666664	117.666664	124.666664	123.333336	125.0	128.66667	127.333336	122.333336	116.333336	111.0	111.0	115.333336	121.0	124.333336	123.333336	117.666664	113.666664	105.666664	94.0	97.666664	118.333336	136.0	137.66667	133.66667	128.33333	125.333336	124.0	118.666664	106.666664	
87.333336	99.666664	105.0	101.333336	94.666664	89.0	92.666664	100.666664	110.666664	120.333336	121.666664	123.0	125.333336	123.0	117.0	110.666664	107.0	110.333336	115.0	118.666664	126.0	129.33333	122.666664	115.333336	110.666664	107.333336	111.333336	127.666664	141.66667	143.0	138.0	132.66667	128.33333	126.333336	120.666664	106.666664	
91.333336	102.666664	111.666664	113.0	109.666664	97.666664	92.0	95.333336	104.666664	118.333336	124.333336	125.666664	121.666664	117.666664	114.666664	108.333336	103.666664	106.333336	112.0	119.0	129.33333	135.0	130.0	120.666664	115.0	116.666664	118.666664	127.666664	139.0	145.66667	142.33333	140.0	137.0	131.33333	124.0	106.666664	
90.666664	101.0	111.333336	119.0	121.0	110.333336	99.666664	91.0	96.0	116.333336	129.66667	130.66667	122.333336	115.666664	111.666664	103.333336	88.666664	75.666664	72.0	84.333336	109.333336	122.0	121.666664	123.0	127.0	124.666664	122.666664	129.0	136.33333	144.33333	146.66667	147.0	143.0	137.33333	127.0	105.333336	
72.666664	67.666664	69.666664	86.0	105.333336	110.0	105.0	90.333336	87.0	111.333336	130.33333	131.0	122.0	118.0	110.0	90.666664	58.333332	31.0	25.666666	61.0	95.333336	88.666664	80.333336	91.0	111.333336	121.0	130.0	133.0	131.33333	137.66667	144.0	148.33333	146.0	141.66667	128.33333	97.333336	
40.0	25.666666	24.666666	54.666668	92.0	94.0	96.666664	96.0	85.333336	103.333336	127.666664	129.33333	123.0	119.666664	107.666664	80.0	47.333332	34.333332	40.0	75.666664	106.0	103.0	94.0	88.666664	93.333336	107.0	122.333336	128.33333	128.66667	136.0	143.33333	148.33333	147.66667	145.66667	129.33333	89.333336	
42.333332	41.0	43.333332	66.666664	96.666664	94.666664	95.0	100.333336	93.333336	104.666664	127.666664	129.0	123.666664	123.666664	111.0	84.666664	65.0	68.666664	84.666664	103.333336	121.333336	128.66667	133.0	128.66667	119.666664	122.333336	127.0	133.66667	137.0	141.66667	146.0	149.33333	150.33333	150.0	130.66667	86.666664	
75.666664	85.333336	91.0	93.333336	99.333336	98.666664	100.666664	98.333336	95.0	111.333336	128.0	127.333336	125.0	128.33333	120.0	101.333336	89.333336	82.666664	87.666664	96.333336	104.666664	113.333336	117.333336	122.333336	127.666664	136.0	140.0	143.66667	142.66667	144.66667	148.66667	151.0	150.66667	148.66667	127.333336	82.666664	
81.666664	88.333336	91.333336	89.0	87.666664	95.0	101.0	92.333336	95.666664	119.666664	127.0	124.333336	123.666664	131.66667	131.33333	123.333336	111.0	98.333336	96.333336	95.333336	97.0	104.333336	111.0	118.666664	128.33333	138.33333	143.66667	146.66667	145.33333	146.33333	148.33333	147.66667	148.33333	147.66667	122.0	75.333336	
79.0	79.333336	79.333336	84.666664	93.666664	104.666664	100.333336	91.666664	106.0	128.33333	127.333336	121.666664	122.666664	131.33333	139.33333	135.0	123.333336	115.333336	115.0	114.666664	117.0	119.333336	124.666664	131.33333	137.33333	142.33333	146.0	149.33333	148.66667	149.33333	150.66667	150.0	149.33333	146.33333	117.666664	71.333336	
105.333336	104.666664	103.0	106.666664	108.666664	105.666664	95.666664	94.0	114.0	129.66667	126.0	119.666664	121.333336	129.33333	139.66667	136.0	125.0	118.666664	118.666664	119.0	122.0	124.0	128.33333	136.66667	143.0	146.33333	148.0	149.0	149.66667	148.66667	147.66667	150.33333	148.33333	140.0	114.0	71.666664	
120.333336	120.666664	119.333336	118.666664	112.666664	102.0	94.0	100.666664	119.333336	130.33333	126.333336	120.333336	120.666664	128.0	138.66667	135.66667	123.333336	115.333336	116.0	115.333336	116.333336	120.0	128.0	137.66667	145.33333	148.66667	149.33333	148.33333	148.33333	146.33333	144.66667	150.66667	148.33333	133.33333	107.333336	73.666664	
120.666664	123.0	121.666664	120.666664	112.666664	100.0	96.0	111.0	128.0	133.0	128.66667	123.0	121.333336	126.0	135.0	132.0	120.666664	114.333336	116.0	119.0	122.0	127.333336	135.0	143.33333	148.33333	149.66667	151.0	151.33333	149.0	146.0	148.0	151.33333	146.33333	129.0	103.666664	77.0	
117.333336	121.0	121.333336	120.666664	111.666664	99.333336	102.333336	121.0	135.66667	136.66667	131.66667	126.0	122.0	123.333336	127.333336	127.0	119.333336	112.333336	115.333336	120.333336	125.666664	132.66667	142.66667	149.66667	151.33333	149.66667	152.33333	154.66667	151.0	145.0	140.0	140.0	136.33333	121.333336	100.333336	79.333336	
115.666664	117.333336	119.0	118.333336	109.0	98.0	108.0	130.66667	144.66667	142.66667	136.0	128.66667	123.666664	121.0	117.333336	117.333336	114.666664	108.0	108.0	113.666664	122.666664	134.0	148.33333	153.33333	150.33333	147.0	148.66667	150.33333	146.33333	139.0	125.333336	121.666664	121.666664	114.333336	99.666664	82.0	
119.0	118.0	113.666664	107.666664	97.666664	90.666664	108.0	136.33333	150.33333	145.66667	138.66667	136.33333	135.33333	132.0	122.0	111.666664	103.0	101.666664	104.0	108.666664	117.0	129.66667	143.66667	147.66667	141.66667	136.66667	137.0	138.33333	134.0	125.333336	110.0	104.666664	109.333336	110.0	102.0	89.333336	
116.333336	114.0	107.666664	99.333336	89.0	83.0	103.0	128.33333	139.66667	134.33333	130.0	133.0	136.33333	133.66667	122.333336	106.333336	92.0	98.0	101.666664	100.0	104.666664	118.666664	130.33333	134.33333	129.33333	124.666664	123.333336	124.666664	122.0	116.0	102.0	94.666664	104.333336	111.0	108.333336	96.0	
107.666664	105.333336	98.666664	89.333336	78.666664	72.0	86.0	108.666664	117.666664	110.0	101.333336	103.0	107.0	108.0	103.0	95.333336	96.666664	109.333336	108.666664	99.0	97.666664	107.666664	117.666664	122.0	119.0	114.666664	111.666664	110.666664	111.666664	113.333336	102.666664	92.666664	103.666664	112.333336	111.333336	98.666664	
102.333336	95.0	87.0	78.666664	68.666664	61.666668	63.0	79.666664	91.333336	84.0	72.666664	70.333336	74.333336	79.333336	84.0	95.0	114.0	124.0	119.666664	112.666664	100.666664	97.333336	105.333336	110.0	109.666664	107.0	105.333336	105.0	107.333336	110.666664	105.666664	97.666664	105.666664	113.0	111.666664	103.333336	
96.333336	85.0	78.666664	72.666664	61.666668	52.666668	49.333332	58.0	70.666664	73.0	74.333336	79.666664	86.333336	90.333336	96.333336	116.0	130.66667	135.0	131.66667	127.333336	112.333336	94.666664	92.666664	97.333336	102.333336	103.0	101.333336	101.333336	104.333336	109.666664	109.333336	102.333336	107.333336	114.333336	112.666664	105.333336	
85.333336	76.666664	71.0	67.666664	60.0	48.0	47.0	51.0	61.0	74.0	87.333336	101.0	114.0	119.333336	122.666664	131.0	139.0	144.0	140.0	136.33333	122.666664	98.666664	89.333336	95.0	104.333336	105.333336	101.0	100.333336	104.666664	110.666664	112.333336	106.333336	109.666664	115.0	112.666664	105.0	
83.333336	79.0	70.666664	67.333336	65.666664	58.333332	57.333332	58.666668	70.333336	87.0	101.666664	113.333336	125.333336	135.66667	139.33333	140.33333	140.0	141.0	136.33333	132.33333	121.0	101.666664	92.666664	98.333336	109.0	107.333336	101.0	100.666664	104.0	110.0	115.0	112.666664	113.0	113.0	110.0	103.666664	
83.666664	90.0	73.666664	65.0	69.333336	70.333336	71.333336	75.666664	85.0	97.0	107.333336	116.0	125.666664	133.33333	138.66667	136.0	129.0	127.666664	124.0	120.0	114.333336	102.666664	95.666664	99.666664	106.666664	105.333336	101.666664	100.0	102.0	107.666664	113.0	112.333336	109.666664	106.666664	103.333336	99.0	
80.666664	91.0	78.666664	61.666668	60.333332	64.0	67.666664	73.333336	79.0	89.0	97.333336	102.0	101.0	103.666664	102.666664	100.666664	96.333336	91.0	87.666664	89.0	97.0	95.666664	94.333336	100.333336	105.333336	104.0	103.0	102.666664	102.0	104.666664	108.666664	106.666664	103.333336	101.333336	98.666664	96.333336	
84.333336	84.666664	83.0	64.666664	47.333332	46.0	54.333332	57.666668	59.333332	70.333336	81.333336	83.333336	76.333336	79.666664	80.666664	89.333336	92.0	75.666664	60.333332	56.333332	64.0	71.0	87.0	101.666664	109.0	107.333336	105.333336	105.333336	104.666664	104.666664	106.333336	104.666664	101.666664	99.333336	97.333336	95.333336	
105.333336	80.333336	86.0	76.333336	51.0	42.666668	62.333332	59.333332	62.333332	75.333336	87.333336	97.333336	101.0	105.333336	104.666664	109.666664	113.333336	94.0	77.0	72.0	64.0	58.0	81.333336	103.666664	111.666664	108.0	105.0	104.0	105.333336	107.0	106.666664	104.333336	100.0	97.666664	95.666664	93.333336	
153.0	85.333336	91.0	87.333336	62.0	50.333332	80.0	76.666664	91.0	107.0	109.333336	126.333336	137.0	137.33333	131.33333	128.66667	130.66667	115.0	110.0	110.666664	95.666664	71.333336	92.333336	111.333336	112.333336	104.333336	101.666664	102.0	104.333336	106.333336	104.333336	101.666664	96.666664	94.666664	93.0	89.666664	
203.33333	112.0	91.666664	97.0	73.666664	62.666668	105.0	107.0	126.333336	146.33333	131.66667	150.0	161.66667	161.0	162.0	153.66667	149.33333	133.0	125.333336	119.333336	115.333336	95.0	107.0	116.333336	112.666664	104.333336	102.0	101.666664	102.333336	102.0	99.666664	97.333336	94.666664	93.333336	90.0	85.666664	
225.33333	148.33333	94.666664	108.333336	94.0	76.333336	103.333336	107.333336	151.33333	185.0	160.66667	176.33333	183.0	162.0	145.66667	124.0	109.0	87.333336	78.0	89.666664	109.666664	114.333336	116.0	117.0	111.0	104.0	102.0	100.666664	99.0	97.0	96.0	95.0	95.333336	93.666664	88.333336	81.0	
170.66667	185.33333	109.0	102.666664	100.666664	71.333336	63.333332	62.0	124.333336	164.33333	139.0	146.0	137.33333	98.0	74.0	64.666664	62.666668	65.0	80.0	103.333336	116.666664	118.666664	118.0	116.666664	109.0	100.0	99.666664	100.0	96.333336	93.666664	94.333336	97.333336	97.0	93.333336	87.333336	78.666664	
81.666664	173.0	140.66667	97.333336	100.666664	75.333336	47.666668	37.0	56.333332	80.333336	75.333336	81.666664	88.0	94.0	102.0	102.333336	100.666664	110.0	124.0	127.0	121.666664	122.0	121.666664	116.333336	107.0	97.666664	96.0	97.666664	95.0	92.0	96.333336	101.333336	97.666664	92.333336	85.333336	75.333336	
28.666666	82.0	136.33333	107.666664	96.666664	82.666664	58.0	53.0	60.0	61.333332	82.333336	105.0	118.0	134.0	139.0	135.33333	136.66667	139.33333	134.0	130.0	125.0	126.333336	124.0	116.0	106.0	96.0	93.666664	94.333336	91.666664	92.666664	95.0	96.0	94.0	88.333336	79.0	68.333336	
15.0	18.333334	74.0	100.333336	97.333336	89.333336	69.0	68.0	79.333336	77.666664	97.666664	116.333336	119.666664	124.666664	123.0	129.66667	137.66667	135.33333	127.333336	125.333336	126.0	125.666664	120.666664	115.0	107.0	99.333336	94.666664	90.0	88.333336	93.333336	94.333336	90.333336	89.0	84.0	73.0	63.333332	
16.666666	19.0	24.666666	61.333332	83.666664	87.666664	70.0	64.0	80.0	93.333336	101.0	108.0	109.666664	109.0	111.666664	121.666664	129.0	129.33333	126.333336	123.666664	124.666664	123.666664	117.0	113.333336	107.333336	100.333336	96.0	92.333336	92.333336	95.666664	93.666664	85.666664	81.333336	75.666664	63.666668	57.0	
15.0	17.333334	14.666667	35.666668	57.0	78.333336	73.0	59.333332	72.666664	88.0	94.0	96.333336	96.666664	95.666664	98.666664	106.666664	115.666664	121.333336	120.0	121.0	124.666664	122.666664	115.333336	112.333336	107.666664	101.333336	97.0	96.0	97.0	98.0	92.0	81.0	71.0	62.666668	54.0	51.666668	
15.0	9.666667	14.333333	25.0	42.666668	65.333336	75.666664	60.666668	61.333332	71.666664	80.0	82.666664	83.333336	85.0	90.0	100.333336	110.333336	115.333336	113.666664	119.333336	125.0	121.333336	115.0	111.333336	107.0	102.333336	98.666664	98.0	98.666664	97.333336	89.333336	75.666664	62.666668	53.0	47.333332	49.0	
12.333333	13.0	16.0	27.333334	37.666668	47.0	71.333336	70.0	60.333332	66.333336	76.0	80.666664	82.333336	83.666664	87.666664	99.333336	108.333336	111.0	112.333336	121.333336	125.666664	120.333336	116.0	111.666664	107.0	102.666664	99.333336	99.666664	100.666664	94.333336	79.666664	62.666668	50.666668	44.0	46.0	51.666668	
