43.333332	59.0	60.666668	47.333332	55.0	74.0	111.666664	154.33333	178.0	192.66667	200.66667	203.33333	207.66667	210.66667	210.33333	212.33333	212.33333	209.66667	205.33333	201.33333	196.66667	192.0	188.66667	182.66667	172.66667	166.0	159.66667	148.0	118.666664	69.333336	49.666668	51.666668	55.333332	43.333332	28.666666	21.333334	
55.666668	69.333336	63.666668	57.333332	87.666664	127.666664	169.33333	191.0	196.66667	201.0	204.0	208.33333	212.66667	216.0	215.33333	217.0	217.0	217.0	215.33333	211.33333	206.0	200.66667	197.66667	191.66667	180.33333	171.0	164.33333	152.33333	142.0	110.666664	66.0	53.666668	53.333332	53.666668	38.333332	24.666666	
58.333332	67.666664	64.333336	92.0	138.66667	171.0	186.33333	192.0	199.33333	205.33333	209.33333	214.66667	218.33333	221.66667	220.0	222.0	224.33333	227.33333	226.33333	221.33333	215.0	209.0	203.33333	198.33333	191.0	180.33333	170.0	163.66667	148.33333	135.33333	102.666664	67.0	59.333332	58.0	52.666668	33.333332	
57.0	67.666664	83.333336	123.333336	157.33333	178.66667	185.66667	192.66667	200.0	208.0	213.66667	218.33333	221.0	223.33333	224.66667	226.0	227.66667	230.33333	230.0	224.33333	220.33333	213.66667	206.0	198.66667	192.33333	185.0	176.0	166.66667	153.66667	142.0	127.333336	98.333336	70.666664	62.0	60.0	41.666668	
54.666668	68.666664	106.0	142.66667	171.0	180.66667	186.33333	195.0	200.33333	206.33333	212.33333	217.66667	223.0	226.0	228.0	228.66667	226.66667	228.0	229.66667	224.33333	220.33333	215.66667	211.0	204.33333	196.0	189.0	180.33333	170.0	156.66667	145.33333	138.0	124.666664	92.333336	70.0	59.333332	43.666668	
54.666668	72.0	119.333336	152.66667	175.66667	180.33333	186.33333	193.66667	199.66667	206.33333	213.66667	220.66667	227.66667	232.0	233.33333	232.33333	227.33333	227.0	227.33333	225.66667	223.33333	220.0	216.33333	211.33333	204.33333	196.33333	186.0	174.66667	160.33333	149.0	141.33333	135.0	113.333336	80.0	64.0	47.666668	
57.333332	80.0	120.0	161.33333	174.0	177.66667	184.33333	194.66667	204.0	213.33333	221.66667	230.0	237.33333	240.0	240.0	240.0	236.0	234.66667	235.0	233.0	232.33333	230.0	225.66667	221.33333	216.66667	209.33333	197.0	183.66667	168.0	153.33333	144.33333	139.66667	126.0	93.333336	66.333336	61.333332	
78.666664	93.333336	121.666664	163.66667	171.33333	176.0	185.66667	197.66667	208.33333	220.0	229.33333	238.0	242.66667	245.0	245.0	245.33333	244.33333	242.66667	243.66667	242.0	240.66667	236.66667	231.0	224.33333	219.0	212.33333	202.66667	191.33333	173.33333	156.33333	144.0	137.66667	129.66667	103.0	68.666664	64.666664	
101.0	104.333336	132.0	161.33333	169.0	177.0	191.33333	203.0	213.33333	226.0	234.66667	241.0	245.0	247.66667	248.0	250.33333	250.66667	249.33333	247.66667	246.0	241.66667	229.0	209.33333	189.0	172.33333	168.66667	169.0	168.0	160.66667	147.66667	135.66667	133.66667	130.0	109.0	71.0	57.666668	
122.333336	129.66667	148.66667	158.66667	165.66667	181.33333	196.66667	209.0	216.33333	220.0	224.0	229.66667	237.0	244.33333	247.66667	249.33333	250.33333	249.66667	247.33333	243.0	232.0	212.33333	182.33333	156.33333	139.66667	137.33333	134.66667	137.0	138.66667	129.66667	120.666664	122.0	125.0	112.333336	79.0	55.666668	
135.66667	142.33333	148.0	151.0	159.33333	174.0	179.66667	179.33333	174.66667	165.0	165.66667	177.33333	198.0	220.33333	233.33333	238.66667	244.33333	245.33333	240.0	231.66667	217.66667	203.0	184.0	172.0	165.33333	169.33333	176.0	180.66667	171.66667	148.0	125.333336	113.666664	113.333336	112.666664	88.0	59.666668	
138.0	139.66667	138.33333	135.66667	138.33333	136.0	141.0	146.66667	152.33333	151.33333	148.0	149.0	169.33333	193.33333	211.0	223.0	235.0	240.66667	238.0	228.33333	210.33333	202.0	194.0	196.0	202.66667	207.0	209.33333	205.66667	196.33333	178.0	152.0	126.0	110.666664	110.0	97.0	62.0	
136.33333	133.33333	122.666664	113.666664	118.333336	140.33333	176.66667	195.33333	203.66667	205.33333	197.0	179.66667	174.33333	181.66667	193.33333	208.0	225.33333	236.33333	237.0	222.33333	200.66667	197.0	205.33333	213.66667	209.33333	199.0	191.66667	184.33333	174.66667	166.33333	156.33333	139.0	119.333336	110.666664	103.666664	68.666664	
130.66667	122.666664	109.333336	115.333336	142.0	174.33333	193.33333	198.66667	204.0	202.0	195.33333	191.0	183.66667	178.66667	186.33333	203.0	221.0	234.0	234.66667	218.0	203.66667	204.66667	210.0	207.33333	187.66667	183.66667	185.33333	162.33333	126.0	117.333336	128.0	139.33333	130.33333	117.333336	105.666664	76.0	
122.666664	116.333336	113.666664	133.66667	154.0	158.0	155.66667	162.66667	173.33333	153.0	139.66667	151.66667	176.33333	184.66667	189.0	201.66667	218.33333	229.66667	230.0	215.33333	208.66667	210.33333	208.66667	192.33333	185.66667	218.0	231.0	194.66667	109.0	85.0	98.333336	128.0	131.66667	123.666664	112.333336	81.333336	
120.666664	122.0	125.0	137.0	137.33333	126.0	143.66667	196.0	210.33333	150.0	106.333336	115.333336	161.0	202.0	201.33333	201.33333	210.0	222.66667	225.66667	214.0	206.0	213.66667	215.0	198.0	211.66667	236.0	242.0	214.33333	127.333336	100.666664	101.0	122.666664	135.33333	135.33333	124.666664	87.0	
128.66667	130.33333	125.666664	127.0	115.333336	113.333336	175.66667	235.33333	231.66667	166.0	121.333336	131.0	158.66667	208.33333	205.0	198.0	202.66667	216.66667	221.66667	213.33333	204.0	209.0	219.33333	213.33333	213.0	221.0	221.33333	208.66667	164.0	141.0	123.333336	128.66667	144.0	152.33333	143.0	99.666664	
136.33333	136.33333	127.666664	122.333336	107.666664	125.0	183.66667	218.66667	221.66667	198.33333	172.0	176.66667	191.33333	208.33333	198.0	193.66667	200.0	214.33333	221.0	214.0	204.33333	207.0	214.0	221.66667	226.33333	222.33333	211.33333	198.66667	178.66667	158.66667	144.0	146.66667	153.66667	163.66667	157.66667	115.333336	
145.33333	149.0	141.0	126.333336	116.333336	132.66667	158.33333	180.66667	192.0	200.66667	204.33333	209.0	214.33333	205.33333	195.0	195.0	198.0	212.66667	221.0	216.0	207.0	209.33333	209.66667	212.66667	221.0	223.0	214.0	204.33333	194.33333	179.66667	169.66667	168.66667	165.0	168.66667	165.66667	131.66667	
157.33333	165.66667	158.33333	137.0	135.66667	152.33333	171.66667	184.33333	192.66667	204.66667	218.0	219.66667	212.0	203.66667	199.33333	197.0	196.33333	212.0	220.0	216.66667	207.66667	205.0	206.0	208.33333	213.0	216.0	216.33333	212.0	208.33333	201.33333	192.33333	184.66667	175.0	172.33333	166.0	137.0	
160.33333	166.66667	165.33333	154.33333	158.66667	172.0	186.66667	199.33333	209.66667	221.0	223.0	215.33333	209.33333	206.0	198.66667	190.66667	197.33333	216.0	226.0	223.0	210.66667	199.0	198.33333	205.66667	213.0	213.0	212.33333	210.66667	211.33333	209.66667	203.66667	197.66667	189.33333	178.33333	164.66667	140.66667	
158.33333	165.0	167.66667	170.33333	177.0	189.0	202.0	213.0	219.33333	221.0	215.66667	213.66667	214.33333	206.66667	191.33333	182.0	199.0	219.33333	233.66667	233.0	215.33333	198.0	191.66667	203.0	219.33333	220.0	214.33333	210.0	208.33333	211.66667	210.33333	205.33333	199.66667	187.0	168.66667	143.0	
150.0	160.33333	170.33333	182.33333	192.33333	202.33333	211.0	217.66667	217.33333	215.0	212.33333	219.0	221.66667	205.66667	179.66667	177.33333	200.33333	220.66667	240.33333	240.66667	222.66667	204.33333	192.33333	200.66667	225.66667	230.0	222.33333	214.66667	210.33333	211.66667	212.66667	209.66667	202.33333	190.66667	173.0	142.33333	
141.33333	157.0	176.66667	189.66667	200.0	210.33333	215.33333	217.66667	215.33333	214.66667	218.33333	228.33333	233.33333	211.33333	183.33333	188.33333	205.0	223.66667	240.33333	238.66667	224.0	210.66667	206.0	205.0	225.66667	239.0	235.66667	226.66667	219.33333	217.0	211.66667	207.33333	203.0	191.66667	172.0	140.33333	
129.33333	152.0	179.0	193.66667	203.0	212.33333	216.66667	217.0	219.0	223.0	230.33333	238.0	237.66667	212.33333	193.0	194.33333	192.66667	205.0	219.33333	217.33333	206.0	202.33333	208.66667	206.33333	216.33333	238.33333	239.66667	235.0	228.0	221.33333	211.0	204.66667	198.0	186.66667	168.66667	142.0	
119.0	143.33333	173.0	189.33333	202.33333	211.0	216.0	219.33333	225.0	231.0	238.33333	242.33333	235.66667	203.33333	184.33333	159.66667	144.0	166.33333	183.0	180.33333	155.33333	137.66667	160.33333	191.33333	207.66667	235.33333	242.0	238.0	232.0	224.0	214.66667	206.33333	193.0	180.66667	168.0	142.66667	
112.333336	136.33333	162.66667	181.33333	195.33333	207.0	213.66667	219.33333	225.66667	234.33333	241.0	241.33333	229.0	177.0	158.33333	142.66667	111.666664	118.0	142.0	139.66667	128.33333	146.66667	165.0	171.33333	196.33333	228.66667	238.66667	236.66667	230.0	222.66667	214.66667	204.33333	187.66667	174.33333	163.0	136.66667	
105.333336	130.0	150.0	170.0	185.33333	198.66667	207.0	216.66667	224.33333	232.33333	236.33333	236.0	225.66667	182.33333	153.66667	165.66667	167.0	162.66667	167.33333	179.33333	191.0	202.33333	190.66667	179.0	204.66667	224.66667	231.66667	230.0	224.33333	219.0	210.66667	197.0	179.0	165.33333	156.66667	133.0	
98.0	123.666664	140.66667	158.0	175.33333	189.66667	201.0	214.0	222.0	225.66667	228.0	226.66667	220.0	208.66667	192.0	186.33333	193.66667	206.66667	209.66667	209.66667	210.66667	207.33333	202.0	205.0	214.33333	222.66667	225.66667	223.0	218.66667	212.0	202.66667	187.0	169.33333	158.66667	150.0	129.66667	
92.333336	118.0	135.66667	145.33333	159.0	177.33333	191.66667	206.66667	214.0	217.0	218.0	215.66667	214.66667	210.33333	195.66667	188.66667	197.33333	212.33333	216.0	214.33333	214.33333	206.66667	200.66667	201.0	211.0	221.0	221.66667	217.66667	210.66667	203.0	193.33333	178.0	161.66667	155.33333	146.0	126.0	
88.333336	110.0	130.33333	136.0	146.0	163.33333	181.0	195.66667	204.33333	208.0	207.66667	207.66667	212.66667	205.33333	187.66667	185.66667	190.33333	197.66667	202.33333	201.0	202.66667	199.33333	196.0	195.66667	202.66667	215.0	219.33333	214.33333	201.66667	192.66667	182.0	169.0	157.66667	152.0	144.0	124.666664	
85.0	104.0	123.666664	131.0	138.33333	150.33333	168.0	184.33333	192.33333	195.33333	192.66667	195.0	203.33333	196.33333	186.0	179.33333	174.66667	179.33333	186.0	191.33333	189.0	185.0	184.0	190.33333	195.66667	202.33333	212.0	209.66667	190.66667	180.0	170.33333	159.33333	152.0	149.33333	146.0	129.66667	
84.666664	103.0	118.0	125.666664	133.33333	142.0	158.0	175.66667	182.0	183.0	175.33333	182.66667	191.0	187.66667	176.0	164.33333	164.33333	167.0	165.0	165.0	164.33333	164.66667	159.66667	165.66667	179.33333	188.0	197.66667	195.33333	179.66667	173.66667	166.33333	152.66667	147.0	150.0	148.0	131.0	
86.0	106.666664	118.666664	124.333336	129.33333	135.33333	150.66667	166.33333	175.0	174.0	162.0	169.0	180.33333	171.0	151.0	144.66667	146.66667	142.66667	130.0	124.666664	117.333336	115.666664	120.333336	130.66667	142.0	162.66667	181.0	176.66667	170.66667	175.66667	166.0	150.33333	146.66667	155.0	151.0	127.333336	
79.666664	105.0	123.0	129.66667	127.666664	127.333336	139.0	155.33333	166.0	168.66667	153.0	156.66667	168.33333	143.66667	123.0	125.0	117.666664	93.333336	76.0	71.666664	68.333336	68.333336	84.0	109.666664	113.333336	122.0	149.0	162.0	169.66667	177.33333	164.33333	149.33333	148.66667	156.0	148.66667	122.333336	
71.333336	98.333336	123.0	133.33333	130.33333	124.0	127.0	145.66667	158.66667	165.33333	152.33333	145.33333	141.66667	109.666664	98.333336	122.0	139.33333	127.333336	117.333336	121.333336	125.666664	130.0	142.66667	158.66667	149.66667	136.66667	142.66667	154.33333	172.33333	178.0	159.66667	145.0	148.33333	153.66667	142.33333	116.666664	
58.666668	85.333336	116.0	132.33333	133.33333	128.0	123.333336	131.33333	148.66667	161.0	160.33333	142.33333	129.33333	123.666664	127.666664	154.66667	179.0	181.33333	180.33333	178.33333	180.66667	178.66667	179.0	172.33333	160.0	148.66667	152.33333	162.66667	171.66667	172.66667	155.0	143.0	148.33333	147.66667	136.0	111.0	
44.0	72.0	104.0	127.0	135.33333	132.33333	125.333336	120.666664	135.33333	153.33333	162.0	150.66667	133.0	126.666664	123.333336	141.0	158.0	171.33333	181.66667	187.66667	189.0	184.0	166.66667	149.66667	133.33333	132.0	149.33333	157.66667	168.33333	165.66667	146.0	140.33333	145.0	141.0	130.66667	103.666664	
33.666668	57.666668	89.0	116.333336	130.0	130.66667	121.666664	112.666664	123.0	143.0	158.66667	159.0	139.0	124.666664	106.0	97.0	113.333336	130.66667	146.33333	152.33333	151.0	141.0	127.0	113.0	113.333336	140.0	151.33333	157.0	167.33333	160.0	141.0	136.33333	140.0	135.66667	121.333336	96.0	
24.0	42.666668	71.666664	100.333336	119.333336	124.666664	117.333336	108.333336	113.0	132.66667	151.33333	161.0	147.0	136.0	134.33333	113.0	89.333336	85.333336	88.333336	88.666664	88.666664	89.666664	100.0	118.666664	143.0	153.66667	150.66667	158.0	162.33333	157.33333	140.0	133.33333	138.0	132.0	111.666664	87.333336	
17.0	30.666666	53.333332	78.0	97.666664	111.666664	117.0	107.0	103.333336	123.0	143.33333	152.33333	146.0	145.33333	149.33333	149.33333	138.66667	128.0	122.0	121.666664	126.666664	136.66667	151.0	158.33333	160.0	157.66667	153.0	156.33333	159.33333	158.0	138.0	131.0	132.66667	121.666664	105.0	80.0	
13.333333	20.666666	38.666668	57.0	75.333336	96.666664	112.0	105.0	101.0	115.0	139.0	147.0	144.0	144.0	152.66667	162.0	169.66667	179.33333	194.33333	196.33333	191.66667	187.0	183.66667	176.66667	173.0	170.0	160.66667	158.66667	162.33333	155.0	133.0	129.0	124.666664	111.666664	101.333336	76.0	
11.666667	13.333333	26.333334	43.0	60.0	80.666664	100.666664	103.0	99.333336	111.333336	136.0	148.33333	146.66667	146.66667	155.0	168.33333	180.33333	197.33333	211.33333	208.66667	200.66667	200.66667	201.66667	193.66667	188.66667	183.33333	164.33333	160.33333	159.66667	143.66667	128.0	124.333336	111.0	104.0	98.666664	69.0	
11.333333	11.0	17.333334	30.666666	42.666668	58.666668	82.0	95.666664	96.333336	102.666664	125.333336	143.66667	150.0	153.0	158.33333	165.0	178.66667	195.33333	208.0	203.0	195.33333	197.33333	200.0	196.66667	194.66667	183.66667	162.0	158.33333	147.66667	129.0	120.333336	115.666664	103.333336	99.333336	97.0	62.333332	
9.333333	10.333333	11.666667	21.0	30.333334	42.0	59.333332	77.0	86.0	91.333336	109.0	129.33333	138.66667	147.33333	151.0	150.66667	159.33333	173.66667	189.0	190.66667	188.0	194.0	195.0	190.33333	186.0	170.33333	154.66667	148.33333	130.0	116.0	114.0	107.666664	102.333336	99.333336	95.0	54.333332	
9.0	9.666667	10.0	16.666666	26.333334	32.333332	42.666668	57.666668	74.333336	83.666664	89.666664	106.333336	119.666664	132.0	138.33333	137.33333	142.33333	150.66667	163.66667	169.66667	171.33333	174.66667	183.33333	182.33333	173.66667	154.0	141.33333	128.33333	111.666664	108.666664	109.0	103.0	100.666664	100.666664	91.333336	47.333332	
7.6666665	7.6666665	9.0	12.0	24.333334	31.0	33.666668	42.666668	58.0	70.0	74.666664	81.666664	96.0	110.666664	119.666664	119.666664	125.0	132.33333	141.0	147.66667	154.66667	153.66667	160.33333	156.66667	144.66667	126.333336	115.666664	103.333336	101.0	105.0	102.666664	98.333336	98.666664	99.0	87.0	42.0	
6.6666665	5.6666665	8.333333	9.0	18.0	30.0	31.333334	36.0	45.333332	55.666668	68.666664	71.0	72.666664	81.0	90.333336	96.333336	99.666664	107.666664	117.0	125.0	130.66667	131.66667	131.0	123.0	106.333336	90.333336	89.0	94.333336	100.333336	96.0	93.333336	97.0	102.666664	102.0	83.666664	39.0	
7.3333335	6.3333335	6.6666665	8.0	12.333333	26.666666	29.666666	32.0	36.333332	44.666668	56.666668	68.666664	72.0	67.666664	66.0	68.333336	72.333336	76.0	82.666664	90.666664	93.666664	94.0	86.333336	76.666664	72.666664	83.0	95.666664	95.666664	88.0	84.0	90.666664	102.0	110.666664	106.666664	90.0	44.333332	
