126.333336	119.333336	120.666664	127.0	127.333336	124.333336	114.0	109.333336	109.333336	115.0	122.0	130.0	131.66667	135.66667	139.66667	142.33333	144.0	143.0	137.66667	135.0	136.0	138.0	140.33333	149.0	151.66667	148.66667	147.0	152.33333	159.0	166.33333	174.66667	168.33333	166.66667	163.33333	163.66667	168.33333	
121.666664	117.333336	118.0	117.0	115.333336	114.666664	111.0	110.333336	113.666664	118.333336	117.666664	121.666664	125.666664	126.666664	127.666664	132.66667	138.33333	142.66667	140.33333	138.33333	138.33333	139.66667	138.0	142.0	145.33333	145.0	143.0	143.66667	147.66667	154.66667	163.66667	164.0	170.33333	172.33333	165.33333	159.66667	
120.0	114.333336	115.0	121.0	127.0	126.333336	124.333336	125.333336	123.666664	118.0	111.333336	114.0	114.666664	113.666664	113.666664	115.0	115.666664	115.666664	119.0	122.666664	122.333336	119.0	114.0	116.0	123.0	129.0	132.0	129.33333	124.666664	137.0	148.33333	151.33333	154.0	159.66667	166.33333	164.66667	
118.0	113.333336	114.333336	119.666664	123.0	118.666664	112.0	116.333336	116.0	115.0	113.666664	115.666664	120.333336	124.666664	133.66667	137.33333	133.33333	123.333336	114.0	110.666664	108.666664	115.0	128.0	134.66667	138.0	140.66667	140.33333	134.66667	129.0	132.66667	136.0	142.0	143.33333	147.33333	152.33333	164.66667	
115.666664	117.0	116.0	114.666664	117.0	120.666664	121.666664	125.333336	124.0	127.333336	129.66667	129.0	129.33333	128.0	128.33333	128.0	125.0	131.0	137.33333	136.66667	135.66667	139.0	141.66667	139.66667	137.66667	140.33333	147.33333	150.0	149.0	156.33333	161.66667	168.33333	165.66667	161.66667	156.0	162.66667	
119.666664	127.333336	125.333336	121.0	119.0	119.666664	120.666664	120.0	116.0	117.0	117.333336	122.333336	127.666664	126.666664	119.333336	115.666664	109.333336	105.0	111.0	115.333336	117.0	119.0	122.0	124.333336	132.0	134.66667	139.0	145.0	145.33333	143.0	147.0	154.66667	158.66667	165.0	174.0	176.0	
121.333336	126.0	127.0	126.666664	123.333336	117.333336	109.333336	102.333336	102.0	106.333336	106.333336	116.0	125.666664	131.66667	131.66667	131.0	126.333336	117.0	115.0	115.0	119.333336	118.0	118.666664	117.0	123.0	132.66667	137.0	134.33333	134.33333	131.66667	136.0	146.66667	153.33333	164.0	180.33333	185.33333	
124.333336	125.0	123.0	124.333336	127.333336	127.333336	121.0	108.666664	103.666664	106.0	107.666664	114.0	128.66667	139.66667	138.33333	131.33333	130.66667	127.0	118.333336	121.666664	132.0	137.0	141.66667	143.66667	142.66667	145.33333	141.33333	131.66667	127.333336	130.0	139.33333	157.66667	167.66667	169.66667	179.33333	180.66667	
124.666664	120.0	120.0	127.0	133.0	136.66667	131.33333	117.666664	106.333336	100.666664	103.333336	103.666664	110.666664	120.333336	129.0	125.0	120.666664	120.666664	110.0	105.0	113.666664	122.666664	128.66667	133.66667	136.33333	135.33333	126.666664	121.333336	124.0	127.333336	139.66667	157.0	168.0	170.66667	171.0	173.66667	
121.666664	117.666664	120.0	125.0	127.333336	130.66667	130.66667	123.333336	113.666664	106.666664	104.333336	107.333336	106.333336	111.0	119.0	122.0	117.333336	114.666664	106.0	93.333336	105.0	111.666664	118.666664	128.33333	126.666664	122.666664	115.666664	115.666664	122.0	131.0	144.66667	158.0	173.66667	176.0	171.33333	172.66667	
115.333336	118.333336	120.0	123.333336	132.0	130.66667	131.33333	132.66667	127.666664	125.333336	123.666664	121.0	117.333336	111.666664	111.666664	117.0	116.0	111.0	100.333336	88.0	106.0	110.0	115.333336	124.666664	126.666664	130.33333	133.0	142.0	145.33333	150.0	159.33333	164.66667	172.33333	176.33333	172.0	167.33333	
105.0	110.666664	113.666664	118.333336	127.0	129.0	137.33333	136.66667	129.66667	130.66667	129.0	126.333336	123.333336	119.666664	114.666664	117.0	112.333336	110.333336	101.333336	92.333336	108.666664	109.333336	113.333336	121.333336	130.33333	144.0	156.0	167.0	170.0	168.33333	166.66667	162.0	165.0	172.66667	174.0	171.0	
100.0	115.0	110.333336	107.666664	115.666664	120.666664	130.0	132.33333	135.0	135.66667	133.33333	129.0	123.0	120.666664	113.0	111.666664	104.0	106.0	101.0	91.333336	103.333336	109.333336	114.333336	123.0	137.33333	152.33333	159.33333	159.0	159.33333	162.66667	169.33333	167.66667	163.33333	165.66667	168.0	171.33333	
97.0	117.666664	116.0	107.333336	109.666664	115.0	118.0	117.666664	110.666664	107.0	99.0	90.0	85.333336	85.666664	86.666664	87.333336	88.666664	98.666664	99.0	87.333336	90.666664	90.0	95.0	99.333336	112.0	127.666664	141.33333	148.66667	149.0	154.33333	158.66667	157.66667	163.33333	164.66667	161.66667	174.0	
96.666664	108.666664	116.333336	107.0	98.666664	94.333336	93.333336	87.333336	74.666664	67.666664	51.666668	45.666668	47.333332	44.0	47.666668	48.0	60.0	87.666664	97.333336	88.333336	76.333336	53.0	46.0	45.333332	51.333332	60.0	72.666664	92.333336	107.0	119.0	130.66667	140.66667	155.33333	164.0	156.66667	169.0	
87.0	106.666664	126.333336	119.333336	99.666664	80.0	77.0	70.333336	57.333332	52.0	47.333332	51.0	46.666668	38.333332	40.0	45.333332	58.666668	89.0	108.0	102.666664	79.333336	43.0	31.0	32.666668	32.0	32.666668	34.0	39.666668	53.666668	71.666664	91.666664	114.333336	126.333336	121.666664	112.0	147.33333	
81.0	99.666664	125.0	127.666664	124.333336	110.0	103.0	94.0	88.0	83.666664	77.333336	68.0	56.666668	47.333332	51.333332	61.666668	76.666664	101.666664	118.666664	122.333336	105.666664	64.333336	46.666668	45.333332	45.666668	52.666668	57.333332	55.666668	56.666668	64.333336	78.0	101.333336	109.333336	117.333336	140.0	166.33333	
81.0	95.666664	121.666664	131.66667	139.33333	131.33333	114.0	101.0	94.666664	91.666664	88.666664	80.666664	63.666668	58.0	68.666664	80.666664	88.0	109.333336	131.0	142.33333	131.66667	90.666664	71.0	61.0	52.666668	57.333332	68.333336	82.0	92.333336	97.333336	108.666664	134.66667	146.66667	161.66667	186.66667	179.33333	
82.333336	91.666664	112.0	120.0	125.666664	130.33333	123.333336	113.0	106.666664	101.333336	96.333336	86.0	75.0	76.0	87.666664	100.0	98.333336	107.0	130.33333	150.33333	147.33333	112.333336	99.666664	96.666664	71.666664	66.333336	71.0	84.0	97.0	106.666664	119.666664	137.33333	148.66667	166.33333	185.0	180.33333	
81.666664	89.666664	100.666664	107.0	113.0	122.666664	127.0	126.333336	117.666664	105.333336	101.666664	91.333336	86.666664	90.333336	94.333336	103.666664	104.666664	111.666664	132.66667	153.66667	159.66667	138.33333	119.666664	119.333336	102.333336	86.0	82.333336	89.0	100.666664	115.333336	131.33333	141.0	148.33333	154.33333	160.66667	160.0	
80.666664	88.0	93.666664	99.333336	105.0	111.333336	118.0	126.333336	127.0	119.666664	110.333336	99.666664	99.333336	100.333336	101.333336	107.666664	108.333336	117.333336	137.0	158.33333	170.66667	163.66667	146.33333	134.0	125.0	120.333336	109.666664	102.0	106.0	112.0	120.333336	128.0	138.66667	133.33333	132.0	141.33333	
81.0	88.666664	92.0	97.333336	101.0	103.0	108.666664	116.666664	124.0	124.0	115.666664	110.666664	111.666664	106.0	106.0	114.0	117.0	130.33333	146.0	161.0	178.66667	185.0	171.66667	157.33333	135.33333	132.33333	134.33333	122.333336	116.666664	117.333336	121.666664	120.0	124.666664	121.333336	119.333336	135.0	
77.333336	85.0	93.333336	96.666664	100.0	102.666664	102.0	105.333336	114.0	115.666664	114.666664	115.0	112.666664	99.333336	94.0	112.0	133.66667	151.66667	158.0	163.33333	174.66667	192.33333	194.33333	156.66667	111.333336	119.0	135.0	128.0	128.33333	129.33333	124.666664	119.666664	119.666664	118.0	121.0	136.33333	
75.0	86.0	95.333336	99.333336	100.0	103.0	103.333336	104.0	111.0	111.0	112.666664	113.333336	103.666664	82.666664	84.0	113.666664	142.0	159.33333	163.66667	164.0	169.0	189.66667	205.66667	165.0	93.666664	102.333336	127.333336	129.33333	130.33333	130.33333	131.0	124.666664	124.0	122.0	127.0	135.66667	
69.333336	83.333336	91.333336	97.0	96.0	100.333336	105.333336	107.0	110.333336	111.333336	113.0	108.0	90.0	75.333336	102.333336	123.0	140.66667	154.0	160.33333	160.0	162.0	176.33333	203.0	188.33333	134.66667	89.333336	114.666664	124.0	125.0	127.333336	129.0	127.666664	122.333336	125.0	130.66667	138.0	
64.0	79.666664	87.333336	95.333336	98.0	100.666664	102.333336	104.666664	105.333336	108.666664	109.666664	99.333336	76.333336	80.666664	118.333336	123.0	132.33333	144.0	153.0	151.66667	147.33333	161.66667	183.66667	185.33333	172.66667	95.0	100.333336	116.0	119.0	122.0	124.0	130.66667	131.66667	133.0	130.0	138.0	
63.333332	76.333336	88.666664	98.333336	101.666664	102.0	103.666664	106.333336	106.0	107.666664	103.666664	87.666664	70.666664	90.0	118.0	121.333336	124.666664	128.0	132.66667	133.0	132.33333	142.66667	158.33333	171.66667	165.66667	86.666664	76.666664	107.333336	113.0	114.666664	117.333336	126.0	137.66667	139.0	131.0	139.33333	
73.333336	72.333336	86.0	97.0	102.333336	105.333336	104.666664	105.0	106.666664	105.666664	95.0	76.333336	79.0	96.0	109.666664	114.0	118.0	116.333336	113.666664	117.333336	120.333336	132.0	141.0	148.33333	134.33333	74.333336	59.333332	94.0	108.333336	111.0	116.666664	124.0	140.66667	141.0	134.33333	142.66667	
72.333336	66.0	80.0	90.0	99.666664	104.666664	104.333336	104.333336	106.0	105.333336	88.0	75.666664	89.333336	100.333336	94.0	81.0	92.333336	109.0	111.0	111.333336	114.0	126.0	125.333336	114.0	106.333336	85.0	62.333332	72.666664	100.333336	108.666664	113.0	124.333336	141.33333	139.33333	139.33333	144.33333	
72.333336	58.666668	68.0	86.0	97.333336	101.666664	103.0	105.333336	105.666664	100.666664	84.0	86.0	96.666664	101.333336	99.333336	84.0	76.0	87.333336	97.666664	92.666664	95.0	110.666664	108.666664	104.666664	107.333336	102.0	80.666664	64.666664	84.666664	104.333336	109.0	124.666664	140.0	137.0	140.66667	146.33333	
83.333336	58.0	55.0	79.666664	91.333336	100.0	104.333336	106.666664	107.0	98.0	90.0	96.0	100.666664	104.333336	104.0	100.333336	91.666664	82.333336	79.333336	73.666664	82.666664	108.666664	116.333336	112.666664	115.0	112.666664	100.0	79.333336	76.333336	94.0	108.666664	126.666664	138.0	138.0	141.0	147.33333	
81.0	62.666668	48.0	69.666664	86.666664	96.0	104.333336	109.666664	106.666664	100.666664	95.666664	102.333336	104.333336	110.666664	109.666664	106.333336	99.666664	89.0	84.0	81.333336	93.666664	118.333336	124.333336	122.0	121.0	116.0	107.666664	95.666664	83.666664	86.0	108.333336	128.66667	137.66667	139.0	143.66667	144.33333	
78.333336	66.333336	42.0	53.666668	81.0	93.333336	103.333336	107.0	105.0	99.333336	98.0	105.333336	110.0	115.666664	111.333336	109.333336	105.666664	96.0	92.0	89.0	96.333336	119.0	124.0	125.0	130.0	121.0	110.0	106.666664	98.666664	91.666664	107.666664	126.333336	133.33333	136.66667	144.0	123.666664	
78.333336	66.666664	31.333334	36.0	73.0	90.0	100.666664	104.666664	103.333336	97.333336	102.666664	103.0	101.0	97.0	95.666664	99.666664	101.333336	98.666664	97.666664	93.666664	100.666664	112.666664	113.666664	120.333336	128.0	122.333336	109.333336	105.333336	106.0	104.0	107.0	125.0	133.0	139.33333	129.66667	90.333336	
80.333336	64.666664	28.666666	30.333334	61.0	86.333336	97.333336	103.666664	107.0	97.666664	98.0	90.333336	70.0	63.666668	61.333332	58.0	65.0	77.666664	90.0	88.666664	85.0	84.666664	85.333336	89.0	95.0	91.666664	88.666664	99.333336	105.666664	114.0	107.666664	124.0	133.66667	138.0	99.666664	85.333336	
80.666664	60.333332	28.666666	29.0	51.333332	78.333336	99.333336	103.666664	107.333336	97.0	86.666664	80.0	87.333336	84.333336	75.333336	61.333332	53.666668	49.666668	50.666668	48.0	44.333332	50.333332	69.0	86.0	95.666664	85.666664	73.333336	90.333336	106.0	121.666664	118.333336	126.666664	133.66667	127.333336	68.333336	110.333336	
78.333336	60.666668	30.333334	29.0	44.333332	64.333336	97.0	102.333336	104.333336	96.333336	81.333336	85.0	102.666664	105.0	101.666664	93.0	89.0	83.333336	81.666664	83.0	86.0	106.0	127.666664	128.66667	130.0	119.333336	89.0	84.333336	101.0	119.0	125.666664	130.0	135.0	94.333336	66.0	124.666664	
78.666664	65.666664	34.0	27.0	40.333332	49.666668	83.333336	97.666664	102.333336	97.0	88.333336	92.666664	102.666664	110.0	111.0	107.666664	106.0	105.666664	110.333336	113.0	120.333336	137.0	138.33333	135.33333	128.33333	121.333336	96.0	81.333336	94.333336	114.333336	125.666664	129.66667	121.666664	62.0	95.666664	104.0	
77.666664	70.666664	39.333332	26.333334	40.0	41.333332	67.666664	91.333336	97.333336	94.333336	90.333336	93.666664	101.333336	105.333336	107.0	110.333336	110.666664	111.333336	114.0	114.0	119.666664	127.666664	127.0	118.666664	118.0	116.333336	104.666664	87.666664	89.0	110.666664	127.666664	125.666664	91.333336	56.333332	126.333336	74.0	
70.333336	67.333336	43.0	27.333334	38.333332	41.0	57.666668	80.333336	92.0	92.333336	93.333336	96.666664	99.333336	100.0	100.333336	103.666664	104.333336	103.333336	104.0	105.333336	106.0	106.666664	108.666664	104.666664	106.333336	107.666664	114.0	110.0	100.666664	111.333336	126.0	110.333336	54.666668	92.333336	146.33333	70.333336	
70.0	71.666664	44.0	24.0	34.0	41.666668	48.0	65.666664	85.0	93.0	97.333336	99.666664	97.0	97.333336	97.333336	96.666664	97.666664	94.0	92.0	93.333336	95.666664	101.333336	104.333336	109.666664	113.666664	111.333336	114.333336	116.333336	107.0	117.666664	119.333336	75.0	44.0	132.33333	171.66667	104.0	
65.0	72.333336	49.333332	26.0	33.0	38.0	40.0	50.333332	70.0	89.666664	97.0	98.666664	100.0	99.333336	99.333336	99.0	97.0	90.0	88.333336	89.666664	96.666664	109.0	108.666664	114.333336	132.66667	132.0	120.0	119.333336	116.0	118.666664	82.0	41.0	58.333332	165.66667	208.0	146.0	
63.0	65.666664	57.666668	37.0	26.333334	33.0	35.0	43.333332	50.333332	71.0	93.666664	100.333336	104.0	104.0	101.666664	99.333336	93.666664	87.333336	89.333336	92.666664	99.333336	109.333336	115.666664	117.0	131.0	140.0	132.66667	123.666664	116.333336	86.333336	46.333332	41.333332	69.666664	155.0	231.33333	172.0	
62.0	63.666668	64.333336	59.333332	31.0	27.666666	28.0	34.666668	39.666668	53.666668	78.666664	101.666664	106.333336	106.666664	102.333336	97.666664	93.333336	93.333336	95.333336	93.333336	99.0	108.666664	114.0	115.0	123.0	133.66667	135.66667	119.333336	85.333336	52.333332	37.333332	56.0	71.333336	92.0	170.0	173.33333	
67.333336	67.333336	64.333336	77.0	59.666668	31.0	25.333334	24.333334	33.333332	42.333332	56.0	87.666664	102.666664	106.0	104.0	97.666664	98.666664	98.333336	98.666664	95.666664	97.666664	103.333336	109.0	111.333336	120.0	131.66667	131.0	86.333336	50.333332	39.0	43.0	71.666664	77.0	77.0	105.666664	154.33333	
71.666664	71.333336	68.333336	79.666664	86.333336	53.0	30.0	18.666666	27.666666	35.666668	42.333332	65.333336	95.333336	105.333336	105.0	101.333336	102.333336	99.666664	100.333336	99.666664	98.333336	98.0	105.333336	109.0	116.0	121.0	94.666664	58.666668	41.666668	27.333334	54.666668	77.333336	80.0	81.666664	96.666664	141.33333	
85.0	76.0	70.0	77.666664	93.666664	81.333336	46.333332	17.333334	22.666666	31.0	34.333332	41.666668	71.0	99.0	105.333336	104.0	100.0	100.0	103.666664	101.0	101.0	102.0	104.666664	111.333336	107.333336	89.333336	60.0	40.0	18.0	31.666666	72.666664	83.666664	86.0	89.0	99.0	133.33333	
99.666664	91.333336	74.666664	78.666664	89.666664	92.666664	72.333336	24.333334	15.0	26.0	32.0	33.333332	42.333332	67.0	90.0	97.333336	96.0	100.0	102.0	98.666664	100.0	100.666664	95.0	87.666664	72.333336	58.0	33.666668	14.666667	12.333333	47.333332	82.666664	84.333336	88.0	94.0	106.333336	133.33333	
89.333336	104.0	87.666664	77.666664	90.666664	96.0	91.0	53.0	13.0	14.333333	27.666666	33.666668	35.666668	43.333332	54.333332	51.333332	54.0	75.333336	88.0	88.666664	86.666664	73.666664	54.0	50.333332	44.333332	27.333334	9.666667	7.6666665	20.333334	65.666664	85.666664	87.0	91.0	98.666664	113.0	136.0	
