49.333332	49.666668	50.0	50.666668	54.333332	63.666668	64.333336	67.666664	82.0	87.666664	89.0	83.0	73.333336	67.333336	62.333332	64.0	67.666664	67.333336	68.0	68.666664	71.333336	74.666664	79.0	87.333336	90.0	87.666664	91.0	79.666664	62.333332	39.333332	39.666668	55.0	81.666664	106.333336	108.0	91.0	
50.333332	49.333332	49.0	52.0	57.333332	64.0	56.666668	67.666664	86.333336	93.0	87.0	76.333336	70.333336	65.0	63.0	65.0	66.0	64.0	66.333336	68.0	69.333336	75.333336	80.333336	86.666664	93.333336	93.0	93.333336	84.333336	73.666664	54.333332	30.666666	28.0	51.666668	88.666664	102.666664	106.666664	
51.666668	49.333332	48.666668	50.333332	57.0	68.333336	74.333336	84.666664	91.0	92.666664	82.666664	72.666664	67.0	61.0	61.666668	65.333336	64.666664	62.333332	65.666664	71.666664	74.0	80.0	83.333336	91.666664	99.666664	96.333336	95.333336	92.333336	87.333336	76.666664	51.666668	32.0	27.0	48.666668	73.666664	74.0	
51.0	49.666668	49.0	51.333332	58.666668	72.666664	89.333336	90.333336	92.333336	91.0	79.333336	71.666664	65.333336	60.666668	63.0	66.666664	68.333336	67.0	68.0	72.333336	75.0	80.0	88.666664	98.333336	103.333336	99.333336	97.666664	96.0	97.333336	94.666664	88.0	84.666664	60.0	29.666666	29.666666	37.666668	
50.333332	50.333332	53.333332	56.666668	66.666664	84.333336	90.333336	90.333336	94.333336	89.0	78.0	71.666664	67.0	65.0	66.666664	67.0	68.0	69.0	71.666664	74.0	76.0	82.666664	92.0	100.666664	105.0	103.0	103.333336	101.333336	103.333336	100.666664	98.333336	97.333336	82.0	58.666668	38.0	32.0	
49.666668	50.666668	55.333332	60.0	71.666664	77.0	87.333336	93.0	93.0	85.333336	77.0	71.666664	68.666664	67.0	67.333336	68.0	67.333336	70.333336	73.666664	76.333336	81.333336	87.333336	93.666664	97.666664	104.666664	103.666664	106.333336	104.666664	106.0	107.0	105.0	98.333336	89.0	85.0	81.666664	83.333336	
50.666668	51.333332	55.0	61.666668	72.333336	77.0	89.0	91.666664	90.666664	83.333336	75.333336	70.333336	67.333336	66.333336	68.666664	69.333336	68.0	70.333336	72.333336	76.666664	84.0	90.666664	94.0	98.333336	105.666664	105.333336	105.0	111.0	114.333336	116.333336	114.666664	111.666664	113.0	108.0	114.333336	120.666664	
49.333332	49.0	54.666668	65.333336	78.666664	90.0	93.0	90.0	89.666664	82.666664	75.666664	69.666664	68.666664	69.333336	72.0	72.666664	69.333336	70.333336	73.666664	78.333336	84.0	89.0	92.666664	100.666664	106.333336	107.666664	110.333336	118.0	126.333336	131.66667	130.33333	129.66667	132.33333	124.333336	119.666664	121.333336	
49.666668	50.0	54.333332	69.0	93.333336	96.0	91.0	88.0	89.0	81.333336	76.333336	74.0	70.666664	70.333336	74.333336	75.333336	70.666664	71.666664	75.0	82.666664	84.333336	86.666664	98.0	107.666664	113.333336	115.666664	117.0	123.666664	134.33333	146.0	145.0	139.0	131.33333	121.0	120.333336	125.666664	
50.666668	51.333332	56.666668	69.0	97.0	97.0	89.333336	90.333336	91.0	82.666664	78.666664	76.333336	73.0	73.666664	76.333336	77.666664	75.0	76.666664	82.666664	88.333336	90.666664	91.333336	105.0	112.666664	121.666664	126.333336	128.33333	135.66667	145.66667	156.33333	158.66667	151.33333	140.0	132.33333	132.0	130.33333	
50.666668	50.0	55.666668	67.666664	98.666664	91.333336	82.666664	85.666664	89.0	89.666664	89.333336	83.333336	78.666664	79.0	81.0	80.333336	81.0	82.666664	91.0	95.0	95.333336	100.666664	115.0	125.0	132.66667	137.33333	142.0	151.66667	161.33333	167.33333	164.0	160.0	152.66667	152.33333	150.33333	145.33333	
50.666668	50.333332	54.0	65.666664	89.666664	71.666664	56.666668	58.0	72.333336	91.666664	94.0	89.333336	82.333336	80.333336	85.0	82.666664	82.666664	88.333336	95.333336	100.333336	103.0	108.0	119.0	129.0	130.0	128.33333	131.0	142.0	164.0	171.0	168.0	165.33333	163.66667	163.66667	159.0	160.66667	
50.666668	51.0	54.0	66.0	90.333336	88.0	82.333336	67.0	51.0	59.333332	71.0	79.666664	78.666664	78.333336	82.333336	82.333336	79.333336	87.0	91.666664	95.0	92.666664	86.666664	84.666664	90.333336	96.333336	112.0	128.0	145.66667	162.0	168.33333	162.0	163.33333	170.33333	171.66667	167.66667	163.0	
50.333332	51.0	51.666668	69.0	95.666664	92.333336	91.0	79.0	55.333332	43.0	52.0	64.0	69.0	69.0	70.666664	72.666664	71.0	79.666664	83.333336	75.333336	66.666664	69.666664	82.0	98.333336	116.666664	135.33333	152.33333	169.66667	184.0	194.66667	181.0	167.66667	171.0	174.0	170.66667	165.66667	
49.333332	51.333332	54.666668	73.333336	91.333336	88.666664	85.0	73.0	60.666668	50.0	50.666668	57.333332	61.333332	61.666668	65.333336	69.0	67.0	74.666664	80.666664	72.333336	65.333336	70.0	86.666664	101.0	116.333336	129.66667	149.66667	167.66667	181.66667	191.66667	190.0	182.66667	180.0	177.33333	172.0	167.66667	
49.333332	52.333332	56.0	72.666664	85.0	83.333336	78.0	66.333336	58.0	50.0	47.333332	50.666668	56.666668	62.666668	62.0	65.0	65.333336	73.666664	80.333336	73.0	62.333332	56.666668	64.0	72.333336	90.333336	112.0	135.33333	159.66667	175.33333	180.33333	183.0	183.0	180.33333	176.33333	170.0	165.66667	
50.0	52.0	52.333332	71.666664	85.333336	68.0	57.333332	52.0	49.0	40.0	36.0	37.0	45.666668	58.666668	62.666668	68.0	73.0	79.0	84.333336	70.666664	48.333332	42.333332	41.333332	49.666668	69.0	93.0	119.0	126.0	139.0	162.33333	173.0	171.66667	172.66667	178.0	172.66667	169.0	
50.333332	51.666668	52.0	75.333336	84.333336	48.333332	46.333332	49.0	39.333332	31.666666	31.0	26.666666	30.333334	50.0	68.333336	77.0	90.666664	100.0	103.333336	69.333336	40.0	38.333332	47.0	50.666668	46.666668	54.666668	88.0	109.333336	95.0	107.666664	143.33333	157.66667	166.66667	178.33333	178.33333	171.33333	
51.0	51.0	53.0	81.666664	79.666664	38.0	29.666666	56.0	44.333332	13.0	15.666667	19.666666	25.333334	43.333332	72.333336	88.0	110.333336	129.66667	133.33333	88.666664	41.666668	37.0	61.666668	97.666664	52.333332	26.0	42.333332	80.666664	100.0	100.333336	122.333336	155.33333	181.66667	191.0	185.33333	175.66667	
52.333332	50.666668	55.333332	85.666664	87.333336	75.666664	73.0	69.333336	55.0	38.666668	41.0	42.666668	36.0	47.333332	72.0	96.666664	125.666664	154.66667	162.0	147.66667	78.333336	51.0	80.0	108.333336	90.666664	86.333336	122.0	165.66667	181.0	182.0	183.33333	200.33333	210.0	202.66667	188.66667	177.33333	
52.666668	52.666668	58.0	90.333336	95.0	90.333336	82.666664	71.0	58.666668	53.333332	46.0	44.333332	51.666668	57.0	75.0	104.0	137.0	165.0	170.66667	162.0	102.666664	49.333332	62.333332	87.0	100.0	119.0	144.33333	161.33333	175.66667	193.66667	204.66667	218.33333	218.66667	203.33333	189.33333	177.66667	
52.333332	54.0	59.666668	93.333336	94.333336	86.333336	73.333336	56.666668	43.333332	36.333332	35.666668	46.666668	57.333332	66.333336	84.333336	114.333336	146.0	169.66667	174.33333	170.33333	142.33333	83.333336	48.0	50.333332	61.666668	73.0	96.0	130.0	160.33333	182.0	203.0	218.0	213.66667	200.33333	187.0	174.66667	
53.0	52.333332	59.333332	92.666664	94.333336	89.333336	78.333336	65.666664	55.666668	55.666668	64.333336	73.666664	69.0	77.0	96.333336	127.666664	160.0	175.66667	181.0	182.33333	184.0	158.0	122.0	99.0	93.333336	99.333336	118.0	143.66667	165.0	188.0	211.66667	219.66667	207.33333	196.33333	186.0	176.33333	
53.0	53.666668	62.0	94.333336	97.0	92.0	85.0	81.666664	80.0	85.333336	86.333336	79.666664	78.333336	87.0	105.333336	137.33333	170.66667	184.0	190.33333	193.0	191.66667	178.66667	157.66667	149.33333	148.0	145.33333	146.66667	158.66667	181.0	206.33333	219.0	214.66667	203.66667	194.66667	186.0	177.66667	
53.333332	55.0	63.0	94.0	97.0	96.666664	96.0	98.0	98.666664	95.0	85.0	82.666664	89.333336	97.333336	115.666664	144.0	176.33333	191.33333	194.0	196.33333	198.33333	190.33333	161.33333	140.0	139.66667	146.66667	158.0	173.33333	197.33333	216.66667	220.0	210.66667	200.33333	192.66667	186.0	177.33333	
52.666668	55.0	61.666668	91.666664	93.666664	98.333336	98.333336	100.0	99.666664	87.666664	82.333336	87.666664	94.666664	106.333336	122.333336	143.0	175.33333	195.33333	196.66667	194.0	198.33333	192.66667	166.0	141.66667	130.33333	141.0	158.66667	179.0	202.33333	218.0	217.33333	208.0	197.66667	191.66667	185.33333	176.66667	
52.666668	56.0	62.0	89.333336	91.666664	98.333336	97.333336	100.333336	91.666664	78.333336	80.0	82.666664	92.666664	108.0	123.0	145.33333	181.66667	194.33333	185.33333	187.66667	195.0	184.66667	155.0	132.66667	125.333336	135.33333	154.33333	175.66667	198.33333	212.0	209.66667	203.33333	197.0	191.0	184.66667	176.33333	
51.333332	54.666668	58.333332	85.333336	89.333336	95.333336	93.666664	92.0	77.666664	66.333336	72.0	85.666664	99.0	114.333336	129.66667	154.66667	191.33333	199.0	186.33333	185.66667	191.0	190.0	147.66667	102.666664	103.333336	121.333336	144.0	160.66667	180.66667	195.66667	198.33333	196.66667	192.66667	187.66667	179.66667	175.66667	
50.333332	52.666668	54.666668	80.333336	83.333336	83.666664	81.0	71.333336	61.666668	58.666668	78.666664	94.666664	101.333336	108.333336	123.333336	146.33333	167.0	182.0	192.0	199.66667	199.66667	191.0	169.66667	100.666664	72.0	92.0	121.333336	144.66667	165.33333	180.33333	185.33333	184.66667	181.33333	180.33333	176.33333	176.33333	
49.0	51.666668	54.0	73.333336	78.0	69.666664	64.666664	54.666668	48.0	57.333332	81.333336	76.333336	72.333336	84.333336	96.666664	120.666664	124.0	110.666664	107.333336	123.333336	154.0	165.66667	169.33333	137.0	67.666664	58.333332	86.0	120.666664	147.0	163.0	172.33333	172.33333	172.0	172.33333	174.66667	174.66667	
49.666668	52.666668	55.0	65.0	80.666664	60.666668	51.0	44.666668	42.666668	61.0	72.0	66.0	62.333332	66.666664	71.666664	83.0	70.0	56.666668	71.666664	100.0	146.66667	177.33333	176.33333	165.33333	105.666664	49.333332	56.0	89.0	121.333336	142.33333	155.33333	158.66667	160.33333	164.66667	172.33333	174.66667	
50.666668	52.0	55.0	58.333332	80.666664	58.666668	44.333332	36.333332	40.333332	54.666668	63.333332	70.666664	69.333336	58.0	53.333332	51.666668	62.0	97.333336	136.66667	166.0	186.33333	194.0	183.33333	168.33333	128.0	60.666668	43.666668	55.666668	87.0	116.0	133.66667	145.33333	149.33333	156.66667	169.0	172.0	
51.666668	51.0	52.666668	54.333332	75.666664	66.333336	43.0	32.0	33.0	47.333332	61.666668	68.333336	65.666664	61.0	71.666664	85.333336	104.333336	137.33333	160.66667	172.66667	185.66667	196.0	195.66667	182.0	146.33333	76.333336	45.333332	38.333332	55.0	91.666664	116.666664	138.33333	142.0	152.66667	164.33333	166.66667	
51.333332	51.0	51.0	53.333332	68.333336	75.0	46.0	33.666668	25.0	38.666668	60.666668	68.333336	69.0	74.333336	98.333336	120.333336	124.666664	137.66667	153.66667	167.0	183.0	194.33333	193.0	182.66667	156.0	80.333336	38.666668	42.333332	54.0	83.0	111.0	134.0	137.33333	152.33333	160.0	157.66667	
51.333332	51.333332	51.0	53.666668	58.666668	78.666664	53.333332	40.0	29.666666	17.666666	40.0	62.666668	66.666664	70.0	80.666664	100.333336	110.333336	131.0	140.0	140.0	146.66667	152.66667	152.66667	132.33333	73.0	36.333332	28.333334	65.0	96.0	107.666664	120.0	130.0	138.0	151.0	156.66667	151.33333	
51.333332	51.333332	51.666668	52.666668	55.333332	72.0	66.333336	45.333332	38.333332	19.333334	25.333334	60.0	82.666664	73.333336	69.666664	68.666664	84.0	109.333336	125.333336	137.33333	142.0	176.33333	178.0	168.33333	133.66667	120.666664	66.666664	89.0	119.0	125.333336	130.33333	131.66667	138.66667	150.0	153.66667	147.0	
51.333332	51.0	51.666668	51.0	53.0	61.0	73.333336	51.333332	41.666668	35.666668	43.0	74.333336	132.66667	134.66667	142.0	127.666664	154.33333	188.33333	196.66667	213.66667	207.66667	213.33333	202.0	211.33333	202.0	171.66667	122.0	108.333336	127.0	131.0	130.33333	133.66667	142.33333	150.0	149.66667	143.66667	
51.333332	50.666668	51.333332	51.0	52.333332	55.666668	68.333336	64.0	47.333332	47.333332	63.333332	81.333336	96.0	112.666664	156.0	162.33333	181.33333	209.0	194.33333	193.33333	181.66667	202.33333	205.33333	197.33333	181.66667	167.0	142.33333	122.666664	134.33333	131.66667	132.0	135.66667	143.33333	147.33333	146.0	141.0	
52.333332	51.0	50.666668	50.666668	51.333332	55.666668	59.333332	69.666664	60.0	52.666668	69.333336	87.0	88.666664	81.333336	108.333336	119.333336	128.33333	146.33333	149.0	158.0	163.33333	170.33333	175.33333	178.0	174.66667	165.0	145.66667	139.0	139.33333	135.0	137.0	139.66667	143.33333	145.33333	143.0	145.33333	
52.0	50.333332	50.666668	49.666668	50.0	53.666668	54.666668	60.666668	70.333336	58.333332	66.333336	79.333336	76.333336	71.666664	82.333336	96.333336	105.333336	109.333336	120.0	134.33333	143.33333	153.33333	163.66667	170.66667	173.33333	167.66667	152.0	148.33333	143.0	142.33333	143.0	143.33333	142.33333	140.0	139.66667	152.33333	
52.0	51.666668	52.0	50.333332	49.666668	52.0	53.0	54.0	68.333336	72.666664	68.333336	76.666664	75.0	61.666668	57.666668	60.0	63.0	69.333336	85.0	106.666664	127.0	143.0	157.0	167.66667	173.33333	170.33333	158.66667	156.33333	151.33333	149.66667	145.66667	137.33333	126.333336	124.666664	142.0	152.66667	
53.0	52.333332	52.0	51.333332	51.0	51.333332	51.666668	53.666668	55.666668	73.333336	74.666664	73.666664	76.333336	71.0	63.666668	60.0	59.0	60.333332	68.333336	86.666664	114.666664	143.33333	163.66667	175.66667	179.0	173.0	165.0	160.0	154.0	146.0	140.0	113.333336	100.333336	130.0	153.66667	164.33333	
53.0	52.666668	51.666668	51.0	50.666668	50.333332	50.666668	52.666668	52.333332	62.0	77.0	76.333336	75.333336	75.333336	69.666664	63.333332	62.0	60.666668	72.666664	96.666664	132.66667	159.0	175.66667	182.33333	181.33333	173.33333	165.66667	155.66667	144.66667	131.33333	105.333336	92.333336	124.0	149.66667	164.66667	167.0	
51.666668	51.666668	50.333332	49.666668	49.333332	49.333332	50.333332	52.0	53.0	55.666668	68.0	77.0	77.0	80.333336	81.0	80.0	79.0	88.333336	117.666664	132.0	143.66667	164.0	176.0	178.66667	176.0	170.0	158.33333	142.33333	115.333336	81.0	87.0	126.666664	149.0	158.0	164.0	166.33333	
51.0	51.0	49.666668	48.666668	48.333332	47.666668	49.0	50.666668	53.0	54.333332	56.0	71.666664	78.333336	78.333336	79.666664	87.666664	102.333336	124.0	139.0	145.0	151.66667	161.66667	167.0	167.0	163.66667	153.0	129.66667	93.333336	65.333336	87.666664	125.666664	139.66667	146.33333	155.66667	161.66667	166.66667	
50.666668	50.666668	49.333332	48.666668	48.333332	48.333332	48.666668	50.333332	52.666668	53.333332	53.333332	58.666668	75.666664	77.666664	74.0	83.666664	105.0	120.333336	132.66667	134.66667	146.66667	152.66667	149.66667	147.33333	135.33333	105.333336	70.0	62.666668	97.333336	126.666664	137.66667	141.0	148.0	154.33333	160.0	165.0	
51.666668	51.333332	50.0	49.0	49.333332	49.666668	50.0	50.666668	51.333332	51.333332	51.666668	53.333332	61.0	73.666664	77.0	76.666664	83.0	95.0	108.666664	115.0	127.0	125.666664	115.0	98.666664	73.333336	54.333332	65.333336	103.333336	126.0	134.33333	141.66667	144.0	149.33333	153.33333	157.33333	160.66667	
53.333332	52.666668	51.0	49.333332	50.333332	51.0	51.0	51.333332	51.666668	51.333332	51.333332	53.0	55.0	58.333332	69.0	80.0	83.0	85.0	90.333336	96.666664	96.0	84.0	66.0	53.0	47.333332	62.0	100.333336	120.666664	126.0	132.66667	140.66667	144.33333	147.66667	150.66667	154.0	153.66667	
54.666668	54.0	52.333332	51.0	51.333332	52.0	52.666668	51.333332	51.666668	52.666668	52.666668	53.0	53.333332	54.333332	57.0	64.666664	84.333336	89.666664	84.333336	75.0	61.333332	54.666668	51.666668	52.0	60.333332	83.333336	105.666664	118.333336	127.666664	136.66667	142.0	144.66667	145.33333	148.0	149.66667	143.66667	
