14.666667	24.666666	57.333332	77.333336	94.0	109.0	121.666664	139.66667	149.66667	157.66667	164.0	170.66667	173.66667	176.33333	176.33333	178.33333	176.33333	176.33333	178.66667	181.0	181.33333	177.0	173.33333	171.33333	165.33333	159.0	151.66667	144.66667	129.33333	72.333336	21.333334	17.333334	14.0	11.0	8.0	7.3333335	
18.666666	39.333332	68.0	83.666664	101.666664	115.333336	127.333336	142.33333	151.0	157.0	163.33333	171.0	175.0	178.0	179.66667	180.33333	178.33333	178.66667	181.33333	183.0	181.0	177.0	177.33333	174.33333	169.33333	163.33333	155.66667	149.33333	140.66667	112.333336	44.666668	19.0	18.666666	12.0	7.6666665	6.3333335	
27.666666	55.666668	74.666664	89.333336	105.0	121.333336	129.33333	140.66667	149.0	157.0	165.0	171.66667	176.33333	180.66667	182.0	184.33333	180.66667	178.66667	179.0	181.33333	181.66667	179.33333	179.33333	175.33333	173.0	168.0	161.0	154.33333	143.0	132.0	85.333336	26.0	19.666666	11.0	9.333333	7.0	
44.666668	66.0	81.0	93.0	108.333336	123.666664	129.0	140.33333	147.33333	154.0	163.66667	172.0	178.33333	180.66667	180.66667	184.66667	183.0	180.33333	179.66667	182.66667	182.33333	180.66667	180.33333	177.66667	175.33333	170.66667	166.0	158.33333	148.33333	138.0	114.666664	51.333332	17.333334	10.666667	10.333333	8.666667	
57.333332	68.666664	82.666664	95.666664	110.666664	123.0	129.33333	141.66667	147.33333	154.0	165.33333	173.0	176.33333	181.66667	184.0	185.33333	183.33333	182.66667	182.0	183.66667	180.33333	180.0	183.0	180.66667	176.0	171.0	166.33333	159.0	149.66667	138.66667	126.0	79.666664	22.333334	11.666667	9.0	9.333333	
60.666668	72.0	80.666664	94.333336	107.0	118.666664	127.0	137.66667	147.0	155.0	167.0	176.33333	178.33333	181.66667	184.0	181.0	177.66667	179.0	179.33333	181.0	180.33333	179.66667	182.0	179.66667	174.33333	171.0	165.66667	158.66667	149.33333	140.66667	128.0	100.0	36.333332	12.666667	8.0	7.0	
60.0	72.0	79.0	91.0	105.666664	118.666664	130.33333	136.33333	146.0	155.0	166.0	176.0	180.33333	181.33333	182.33333	181.33333	178.66667	179.33333	180.0	182.66667	183.0	181.66667	180.0	179.0	175.0	171.33333	167.33333	160.66667	150.33333	140.0	130.33333	111.333336	59.0	16.333334	8.666667	7.0	
59.0	68.666664	80.333336	93.333336	107.0	116.666664	130.66667	138.33333	144.33333	153.33333	165.33333	175.0	179.0	179.33333	180.33333	181.33333	178.0	179.66667	182.33333	183.0	180.66667	181.0	179.0	176.33333	176.0	173.33333	170.33333	163.0	152.66667	143.0	136.33333	117.333336	78.666664	25.0	11.666667	9.333333	
59.666668	68.0	81.666664	94.0	104.0	115.333336	126.666664	133.66667	143.33333	155.0	164.33333	171.0	174.33333	175.66667	176.66667	180.33333	181.0	180.66667	182.33333	183.0	181.33333	181.33333	179.0	177.0	177.0	173.0	169.33333	163.0	154.66667	147.66667	139.0	123.0	88.666664	33.0	11.666667	9.333333	
57.666668	66.0	82.0	98.0	106.333336	114.0	122.666664	134.0	144.0	153.33333	163.33333	167.0	171.33333	174.33333	175.66667	180.66667	184.33333	183.0	182.0	182.0	178.33333	178.33333	176.33333	176.0	174.0	171.0	168.66667	167.0	162.66667	153.0	140.66667	128.66667	100.666664	43.666668	12.333333	8.666667	
55.666668	63.0	80.666664	100.666664	108.666664	116.666664	125.0	131.66667	140.33333	148.66667	159.0	162.33333	166.66667	171.33333	174.33333	179.66667	184.33333	184.0	181.66667	184.66667	179.0	177.66667	175.0	174.33333	176.0	172.66667	165.33333	157.66667	136.0	114.666664	113.333336	123.666664	104.333336	50.0	14.333333	10.666667	
55.0	60.333332	77.666664	96.0	108.333336	117.0	125.333336	130.33333	140.33333	148.33333	158.66667	162.0	165.66667	168.33333	176.0	181.66667	184.66667	188.33333	187.0	185.66667	185.66667	185.66667	181.0	178.66667	175.66667	160.33333	133.66667	97.666664	70.0	59.666668	66.0	93.666664	106.666664	55.333332	13.666667	10.333333	
55.333332	60.0	76.0	91.666664	107.666664	118.0	129.0	134.66667	141.0	149.33333	158.33333	162.66667	167.33333	169.33333	179.0	187.0	188.66667	190.66667	189.66667	190.33333	191.33333	189.33333	182.33333	175.66667	155.66667	105.666664	74.333336	76.0	99.333336	103.666664	94.333336	83.0	99.0	65.666664	14.0	9.666667	
53.666668	61.333332	74.333336	88.0	104.333336	121.0	130.66667	138.33333	140.33333	147.66667	153.0	158.0	162.66667	164.66667	173.33333	180.66667	188.33333	189.66667	187.33333	187.66667	188.66667	184.66667	176.66667	162.33333	115.333336	76.333336	98.666664	132.66667	149.33333	149.33333	136.0	103.333336	95.333336	82.0	20.0	10.0	
54.333332	63.666668	72.0	80.333336	95.0	112.666664	117.333336	119.333336	117.666664	117.333336	113.666664	117.333336	124.666664	138.66667	155.66667	163.66667	175.0	181.66667	183.0	184.0	182.0	178.66667	167.66667	140.0	104.0	107.0	133.66667	143.33333	137.0	135.66667	139.0	121.333336	98.0	95.0	35.0	10.666667	
51.333332	64.666664	71.666664	76.0	86.0	86.0	84.333336	74.0	68.333336	63.0	58.333332	61.333332	70.0	90.0	121.0	143.33333	160.66667	170.66667	175.66667	178.33333	176.33333	170.33333	153.0	123.333336	115.333336	135.33333	150.0	153.33333	139.66667	121.333336	120.0	123.333336	108.0	105.666664	57.333332	16.333334	
49.0	67.0	70.0	70.333336	61.333332	55.0	69.0	81.0	94.333336	106.333336	101.333336	92.333336	79.0	77.333336	90.333336	115.333336	141.66667	159.33333	170.66667	176.66667	176.0	164.33333	134.0	114.0	127.666664	143.33333	147.0	147.66667	140.66667	122.666664	115.0	117.666664	114.0	115.0	82.666664	33.333332	
51.666668	68.0	68.333336	63.333332	54.666668	75.666664	99.666664	128.33333	139.66667	143.0	145.0	136.66667	114.666664	88.0	75.0	85.666664	117.666664	147.33333	165.66667	177.33333	175.33333	156.0	118.0	120.0	128.0	123.0	112.0	99.666664	93.333336	94.0	104.666664	119.333336	121.0	123.333336	100.333336	47.666668	
56.333332	69.0	68.0	60.333332	66.333336	98.666664	121.666664	127.0	129.66667	138.66667	146.66667	143.33333	136.33333	110.666664	76.666664	66.333336	89.0	130.0	157.33333	172.33333	170.66667	145.33333	119.333336	133.0	119.333336	94.333336	52.0	35.666668	51.0	61.0	76.333336	112.0	133.66667	133.0	117.333336	57.333332	
59.0	71.0	71.666664	62.666668	70.0	104.666664	117.333336	102.0	105.666664	117.333336	124.666664	120.0	122.666664	122.333336	101.0	69.333336	72.333336	108.333336	147.0	162.66667	164.33333	140.66667	128.66667	134.66667	129.0	121.333336	87.666664	69.666664	92.0	107.666664	109.666664	123.333336	141.66667	141.66667	126.0	68.333336	
60.0	72.666664	77.666664	69.666664	77.0	107.666664	105.666664	80.666664	73.666664	59.666668	45.333332	56.0	101.333336	108.666664	106.0	85.666664	68.666664	97.0	138.0	157.66667	159.33333	141.33333	126.0	135.33333	136.66667	133.66667	131.0	120.666664	129.66667	145.0	147.66667	142.33333	148.0	146.33333	129.0	76.666664	
64.333336	77.666664	88.333336	84.0	90.666664	106.666664	89.666664	56.0	56.666668	60.0	50.333332	76.666664	124.0	127.666664	110.666664	87.0	76.0	92.333336	127.666664	150.66667	152.66667	143.33333	127.333336	129.33333	138.33333	145.66667	147.66667	149.66667	154.66667	156.66667	151.33333	149.33333	152.33333	146.66667	130.0	78.666664	
68.333336	83.666664	99.333336	106.666664	107.0	100.666664	86.666664	82.666664	101.666664	104.333336	98.333336	114.0	125.333336	128.33333	107.0	86.666664	83.333336	89.333336	120.333336	146.33333	153.66667	143.33333	131.0	133.0	143.33333	149.66667	153.33333	157.0	157.66667	156.33333	153.66667	153.66667	158.33333	149.0	131.33333	79.0	
69.0	84.666664	103.666664	120.0	122.333336	110.0	116.0	133.0	137.66667	136.0	134.33333	137.66667	136.33333	133.66667	113.0	98.0	91.333336	89.333336	106.666664	136.0	150.66667	142.0	131.33333	138.0	145.0	149.33333	156.0	162.66667	158.33333	157.33333	156.33333	156.0	159.0	150.33333	132.66667	76.666664	
64.0	83.0	104.0	122.666664	132.0	125.0	127.333336	141.0	145.33333	145.66667	147.0	148.66667	150.66667	140.33333	119.0	101.333336	95.666664	90.0	96.666664	127.666664	147.0	141.0	129.66667	135.66667	144.0	151.66667	156.33333	159.66667	159.33333	162.33333	158.33333	155.66667	153.33333	143.33333	125.666664	67.666664	
61.0	78.333336	100.0	120.333336	135.0	138.66667	132.33333	132.0	141.33333	144.66667	151.66667	156.66667	153.66667	135.33333	120.333336	104.0	98.0	86.666664	98.666664	128.0	146.33333	143.66667	130.66667	132.0	140.66667	150.0	158.33333	157.0	158.0	161.66667	157.0	152.33333	145.0	136.66667	119.666664	61.333332	
56.333332	70.333336	91.333336	114.333336	133.0	142.0	137.33333	123.666664	133.33333	147.33333	155.33333	155.0	147.0	135.0	118.666664	103.333336	93.666664	82.666664	110.333336	137.33333	152.33333	150.0	137.33333	132.66667	139.33333	151.66667	162.66667	159.0	157.0	157.66667	151.66667	147.0	141.0	128.66667	113.666664	58.333332	
51.0	65.666664	84.666664	106.666664	124.666664	136.66667	141.33333	134.0	135.66667	147.0	152.33333	150.33333	144.0	136.0	114.666664	102.0	88.0	80.0	117.333336	144.66667	160.33333	156.0	148.0	133.66667	138.33333	150.0	159.33333	162.0	160.66667	158.33333	150.33333	143.66667	134.0	124.0	113.0	55.666668	
41.333332	54.666668	72.666664	97.0	115.0	127.333336	137.0	138.0	141.66667	148.33333	148.66667	147.66667	143.33333	131.0	118.333336	105.666664	78.0	73.0	111.666664	147.0	167.0	166.33333	161.0	134.0	129.0	146.66667	155.66667	162.0	162.66667	157.33333	147.33333	139.33333	130.33333	123.333336	110.0	49.666668	
36.666668	49.333332	61.333332	86.0	105.0	119.333336	126.0	126.0	132.33333	142.33333	145.66667	147.66667	141.66667	132.0	126.333336	106.0	71.666664	69.0	92.666664	133.33333	162.66667	165.33333	155.66667	119.333336	121.666664	147.33333	160.0	163.66667	162.66667	155.33333	143.66667	135.66667	126.333336	119.333336	103.666664	45.666668	
30.666666	47.0	54.666668	73.333336	94.0	111.333336	118.0	118.333336	125.666664	134.66667	143.66667	148.66667	141.66667	134.33333	128.66667	103.0	69.666664	57.666668	55.333332	89.333336	128.0	132.66667	111.333336	87.0	119.666664	152.66667	162.33333	164.66667	161.0	151.0	140.33333	133.33333	124.333336	115.666664	98.333336	42.666668	
31.666666	42.666668	52.0	66.666664	89.333336	104.0	111.666664	115.0	121.666664	129.66667	141.66667	151.0	144.66667	133.0	124.666664	107.666664	71.333336	58.333332	40.333332	53.333332	94.333336	102.0	97.0	107.0	130.33333	157.33333	164.66667	165.0	160.0	148.0	137.66667	132.33333	123.0	111.666664	93.0	37.333332	
37.0	36.333332	49.0	64.0	88.0	100.333336	107.666664	111.0	121.0	130.0	139.0	151.33333	146.66667	130.33333	122.0	120.333336	92.0	80.333336	65.666664	44.666668	60.333332	76.666664	99.0	122.333336	141.33333	155.66667	160.0	161.0	157.66667	144.66667	134.0	130.0	121.333336	106.666664	89.0	31.333334	
36.0	29.0	44.0	58.0	84.333336	101.666664	106.0	103.0	117.0	126.666664	134.0	147.66667	153.0	140.66667	128.33333	126.333336	114.666664	96.666664	67.333336	52.0	60.0	67.333336	78.666664	100.666664	125.333336	144.33333	154.33333	156.33333	153.66667	141.0	129.66667	125.0	118.0	103.333336	85.0	26.666666	
14.666667	20.666666	40.333332	52.0	76.333336	100.666664	107.666664	102.333336	108.666664	119.333336	127.333336	142.66667	155.33333	154.0	143.0	131.66667	114.666664	75.333336	49.666668	54.333332	68.333336	57.333332	48.0	63.666668	84.333336	101.666664	115.333336	129.33333	141.33333	134.66667	125.666664	123.0	113.333336	102.0	78.333336	20.333334	
3.0	10.333333	33.0	49.0	70.0	90.666664	104.333336	104.333336	106.666664	115.666664	122.333336	137.0	150.33333	150.33333	138.66667	118.0	89.0	57.666668	51.333332	62.0	71.0	58.333332	51.333332	53.0	56.333332	57.333332	60.333332	76.0	105.666664	118.0	125.666664	122.333336	109.333336	100.333336	70.666664	14.0	
4.0	7.6666665	25.0	44.333332	62.333332	81.0	96.666664	103.333336	107.333336	112.333336	119.333336	130.0	139.0	127.333336	98.666664	70.666664	53.333332	53.666668	66.0	69.333336	83.0	75.0	66.333336	59.666668	53.666668	49.333332	46.0	46.666668	61.0	88.0	118.0	117.0	105.666664	95.0	59.0	9.666667	
9.666667	8.333333	15.666667	37.666668	56.666668	73.333336	89.333336	99.0	105.666664	112.333336	118.0	123.0	122.333336	90.333336	60.666668	44.333332	44.666668	52.0	70.333336	72.333336	80.666664	83.333336	69.666664	62.333332	60.666668	65.0	56.666668	42.666668	39.333332	62.333332	99.666664	109.666664	102.666664	92.666664	44.333332	7.6666665	
9.0	7.6666665	10.333333	29.333334	49.666668	67.0	84.0	94.333336	99.0	110.666664	119.0	120.0	97.333336	56.333332	41.333332	40.0	49.333332	63.0	67.333336	73.0	86.666664	90.333336	89.666664	74.0	61.333332	74.666664	83.0	74.666664	51.333332	48.0	83.666664	103.666664	99.333336	87.333336	31.0	6.6666665	
6.0	7.0	8.666667	20.333334	43.0	62.666668	79.333336	91.0	95.0	106.0	112.0	107.333336	70.666664	39.333332	42.0	52.0	57.333332	66.333336	82.333336	95.0	115.333336	123.333336	110.333336	90.0	84.333336	100.0	110.666664	110.0	84.333336	47.0	66.0	92.333336	94.333336	71.333336	18.333334	5.6666665	
6.0	7.3333335	8.666667	14.0	32.333332	55.333332	73.333336	87.0	94.0	101.333336	98.333336	90.333336	55.333332	36.666668	64.333336	89.333336	91.0	89.333336	97.333336	109.666664	118.0	117.666664	102.0	105.333336	114.333336	111.0	110.333336	113.0	99.333336	58.0	49.0	79.333336	90.0	49.666668	9.333333	5.3333335	
6.0	6.6666665	10.0	13.333333	19.0	42.0	63.666668	80.0	88.0	91.333336	89.333336	78.0	49.333332	54.333332	88.0	89.0	82.0	90.333336	100.666664	105.0	111.666664	116.0	116.0	118.0	112.333336	110.0	111.666664	104.333336	97.666664	67.333336	45.0	69.666664	82.333336	31.333334	6.6666665	4.3333335	
8.0	8.333333	19.0	20.333334	13.333333	29.333334	52.333332	73.333336	85.333336	88.333336	80.0	63.333332	42.0	65.666664	94.666664	92.666664	81.0	71.0	76.333336	90.0	99.0	92.0	82.666664	83.333336	94.333336	107.333336	106.0	101.666664	105.0	76.666664	45.0	66.0	73.666664	23.333334	5.6666665	3.3333333	
8.666667	10.0	33.666668	35.666668	20.333334	17.0	39.333332	62.666668	78.333336	83.333336	70.333336	47.666668	35.333332	51.333332	79.0	91.333336	91.0	82.0	71.666664	72.0	67.666664	58.333332	62.666668	81.666664	101.0	115.0	116.666664	112.0	106.333336	84.333336	45.666668	62.666668	88.666664	36.666668	5.6666665	4.6666665	
9.333333	12.666667	39.333332	57.0	32.666668	17.333334	22.666666	47.333332	66.0	73.666664	62.666668	39.666668	29.666666	42.666668	72.333336	88.666664	101.0	104.333336	99.0	100.333336	100.666664	104.0	113.0	128.0	134.33333	133.33333	129.33333	121.666664	103.0	80.333336	38.0	51.333332	102.333336	50.333332	7.6666665	3.0	
10.666667	16.333334	42.333332	70.333336	55.666668	32.0	21.0	32.0	52.666668	66.333336	59.666668	35.666668	21.666666	37.666668	67.333336	77.666664	88.666664	112.333336	128.66667	127.666664	133.33333	138.0	139.33333	139.33333	136.33333	131.66667	128.66667	118.333336	96.0	65.0	32.666668	44.666668	103.333336	56.0	9.0	3.6666667	
11.666667	17.333334	43.0	73.666664	88.333336	55.0	35.0	25.333334	35.666668	50.0	50.666668	28.666666	18.333334	27.0	43.666668	62.0	77.666664	96.0	106.666664	109.333336	119.333336	126.666664	124.333336	118.666664	115.666664	109.333336	110.666664	103.333336	86.0	54.666668	40.333332	82.666664	116.0	70.333336	16.0	8.666667	
12.333333	15.666667	40.333332	69.666664	104.333336	97.666664	57.333332	33.333332	30.0	37.0	40.333332	23.666666	17.333334	20.0	31.0	53.0	66.0	77.333336	80.0	88.333336	100.333336	105.0	96.0	97.0	91.333336	82.666664	85.666664	85.333336	79.0	59.666668	68.0	123.666664	118.0	103.0	32.0	14.0	
11.666667	16.0	35.0	66.333336	101.666664	124.0	105.0	67.0	40.0	31.666666	36.666668	26.333334	15.666667	17.666666	26.333334	46.333332	56.0	67.666664	68.333336	78.666664	79.0	73.333336	78.0	80.0	68.333336	62.333332	60.666668	66.0	67.0	59.0	99.333336	133.0	114.333336	123.666664	52.333332	18.333334	
