145.66667	152.66667	160.0	162.66667	158.33333	154.66667	158.0	169.33333	168.66667	171.33333	173.66667	176.33333	183.33333	184.66667	184.66667	187.66667	188.33333	186.66667	181.0	173.66667	169.66667	174.66667	173.0	168.66667	164.66667	159.66667	156.0	148.66667	139.33333	126.333336	101.666664	77.666664	97.333336	91.0	87.333336	80.333336	
159.66667	160.33333	159.33333	158.33333	156.0	154.66667	163.33333	173.33333	170.0	169.66667	172.66667	180.66667	188.0	191.33333	194.33333	198.0	195.0	191.0	187.0	178.66667	171.66667	173.0	172.66667	170.33333	165.66667	161.0	159.0	153.33333	147.0	134.66667	111.666664	88.333336	96.0	88.0	86.666664	83.333336	
162.66667	161.33333	160.0	160.66667	159.33333	160.66667	164.66667	168.33333	168.66667	172.0	178.0	186.0	193.0	196.33333	199.0	201.33333	200.33333	195.66667	193.0	188.33333	180.66667	179.33333	177.66667	176.0	171.33333	166.0	163.66667	157.66667	149.0	137.0	118.333336	97.666664	94.666664	81.666664	82.666664	72.666664	
160.66667	158.0	160.0	162.33333	163.66667	166.33333	168.0	171.0	172.33333	176.0	181.33333	183.33333	192.66667	199.33333	202.66667	208.0	209.0	203.33333	196.66667	195.33333	190.0	186.0	183.33333	179.0	174.66667	169.33333	166.0	161.66667	150.0	136.33333	120.0	103.0	99.0	80.0	70.666664	56.0	
158.0	158.0	159.0	161.33333	165.66667	166.66667	169.0	173.0	175.0	178.66667	182.66667	187.33333	192.66667	195.66667	200.0	207.0	207.66667	205.33333	202.0	198.33333	190.66667	184.0	182.66667	179.66667	176.33333	171.33333	165.33333	163.0	152.0	136.0	122.666664	105.666664	100.333336	87.666664	69.666664	54.666668	
157.0	157.33333	160.33333	164.0	167.66667	168.33333	168.66667	170.66667	173.66667	177.0	181.33333	191.0	195.66667	198.66667	201.0	202.66667	200.66667	199.66667	200.66667	197.66667	189.33333	181.66667	181.66667	182.33333	177.0	171.33333	161.0	157.0	150.33333	137.66667	124.666664	107.0	99.666664	90.0	65.666664	49.0	
156.33333	159.66667	164.33333	166.66667	168.0	170.33333	168.33333	168.33333	173.33333	177.33333	183.33333	192.66667	197.0	197.0	200.0	202.66667	201.33333	197.0	196.0	194.0	188.33333	179.66667	179.0	182.0	175.0	172.66667	162.33333	154.33333	149.0	141.33333	125.666664	112.0	96.333336	84.333336	67.0	42.666668	
157.33333	165.33333	168.0	169.66667	171.33333	173.66667	169.33333	165.0	169.66667	178.66667	184.33333	190.66667	197.66667	198.66667	200.33333	203.33333	202.66667	199.33333	195.66667	192.33333	188.66667	180.0	178.33333	181.66667	176.0	176.0	167.0	157.66667	154.0	147.0	127.333336	115.666664	93.0	81.0	67.0	44.333332	
155.66667	159.66667	165.33333	170.0	170.33333	169.0	167.0	167.33333	173.66667	178.66667	184.0	189.33333	196.33333	201.66667	201.66667	204.33333	202.33333	201.0	196.0	192.66667	190.66667	183.33333	178.0	179.0	177.66667	178.66667	168.0	159.33333	158.0	149.33333	129.66667	117.0	91.0	83.0	67.333336	41.0	
157.33333	164.0	168.66667	171.0	170.33333	169.33333	165.66667	172.0	177.66667	181.0	185.66667	188.33333	194.66667	201.0	203.0	208.33333	206.33333	201.33333	196.0	193.66667	192.33333	186.33333	176.66667	176.33333	179.33333	184.0	170.0	162.33333	162.0	152.0	132.0	119.0	92.333336	84.333336	70.0	40.333332	
160.0	172.0	172.33333	172.33333	171.0	169.0	165.33333	170.0	175.66667	182.0	186.66667	192.0	196.0	198.66667	201.0	205.66667	205.33333	200.66667	195.0	193.0	193.0	187.66667	182.33333	179.66667	180.33333	185.66667	169.33333	165.0	165.0	152.33333	135.33333	120.666664	96.0	86.0	78.666664	41.0	
158.66667	166.66667	169.66667	172.0	171.33333	169.0	168.33333	167.66667	174.0	181.33333	179.0	173.33333	172.66667	177.0	183.33333	192.33333	194.0	193.66667	190.66667	190.66667	194.66667	188.33333	185.0	184.33333	182.0	187.33333	168.33333	167.0	165.66667	152.66667	138.0	121.333336	96.333336	82.333336	83.0	42.666668	
157.66667	165.33333	168.33333	172.0	171.33333	170.33333	168.66667	167.33333	171.33333	170.0	157.66667	133.66667	122.333336	120.666664	117.666664	121.333336	124.666664	141.33333	159.0	177.0	191.33333	191.33333	185.33333	184.66667	183.33333	187.33333	167.33333	158.66667	144.0	123.333336	110.0	98.333336	76.666664	77.666664	81.333336	45.333332	
158.33333	165.0	167.33333	169.0	171.66667	171.33333	167.0	159.66667	154.66667	150.33333	147.0	124.333336	97.0	83.0	79.0	78.333336	69.0	81.0	105.333336	138.66667	165.33333	179.33333	185.0	183.0	179.0	183.66667	160.33333	126.666664	88.666664	64.333336	55.666668	50.666668	49.333332	65.666664	80.0	46.666668	
160.0	164.0	168.0	168.66667	173.66667	168.66667	163.33333	145.0	141.66667	151.0	153.33333	141.33333	123.0	120.666664	122.333336	115.666664	110.666664	112.0	113.0	119.0	138.0	161.66667	177.0	176.33333	172.33333	171.66667	134.66667	89.333336	70.666664	70.666664	68.0	64.666664	63.666668	59.0	78.666664	52.0	
161.33333	166.0	170.66667	170.33333	173.66667	164.33333	152.66667	142.33333	146.66667	148.66667	152.66667	163.0	168.0	166.66667	158.33333	154.66667	154.66667	159.33333	155.0	146.33333	145.33333	156.66667	173.33333	175.33333	166.33333	147.0	101.666664	92.0	117.333336	132.33333	129.0	110.0	87.0	63.333332	80.0	61.666668	
159.66667	166.33333	171.0	171.66667	171.33333	162.66667	149.66667	145.33333	133.66667	142.33333	156.0	155.66667	139.0	122.0	118.666664	131.0	139.33333	156.0	168.66667	166.33333	164.66667	169.33333	180.33333	175.0	158.66667	121.666664	104.333336	136.0	147.66667	139.66667	117.333336	103.666664	91.666664	60.333332	77.0	65.333336	
158.33333	165.0	171.0	172.66667	173.0	178.66667	167.0	152.0	138.66667	139.66667	135.0	118.666664	79.666664	74.333336	76.666664	136.66667	127.666664	138.33333	152.0	168.33333	175.0	175.33333	187.0	180.66667	158.33333	118.0	116.666664	143.0	171.33333	128.0	52.333332	53.0	66.666664	56.666668	74.0	64.333336	
158.66667	164.33333	171.0	173.33333	175.0	181.66667	181.0	166.66667	146.33333	132.33333	131.66667	133.33333	75.333336	63.333332	87.333336	160.66667	138.33333	139.33333	165.33333	172.66667	179.0	175.0	186.33333	189.33333	167.0	131.0	131.33333	159.0	197.0	116.333336	40.0	48.666668	56.333332	69.333336	72.333336	60.333332	
158.66667	162.66667	169.66667	169.33333	175.0	185.33333	183.0	165.66667	156.33333	153.0	148.66667	150.0	130.0	117.333336	123.0	148.0	136.33333	139.66667	181.0	188.33333	181.33333	174.66667	180.0	191.33333	175.0	151.33333	149.0	156.66667	170.0	118.0	80.0	84.666664	82.333336	96.666664	86.0	67.0	
157.33333	162.0	166.33333	166.0	174.0	185.33333	188.66667	176.66667	167.33333	164.33333	161.66667	161.33333	160.66667	156.33333	152.66667	149.66667	148.0	151.0	176.66667	186.33333	174.66667	170.33333	176.66667	190.0	183.33333	162.66667	153.66667	149.0	149.33333	141.0	118.333336	106.333336	106.666664	120.0	86.666664	69.666664	
153.66667	160.66667	167.0	171.33333	175.66667	181.66667	187.33333	185.33333	175.33333	167.0	161.33333	160.66667	162.0	159.0	157.0	159.66667	165.0	178.33333	182.66667	181.66667	172.33333	169.33333	176.66667	187.66667	187.66667	167.66667	147.33333	148.33333	142.33333	136.66667	120.0	96.0	110.0	131.0	85.666664	66.666664	
151.66667	159.66667	167.66667	173.66667	178.0	179.66667	181.66667	183.66667	184.0	179.0	167.66667	163.0	165.33333	171.66667	175.66667	179.33333	188.33333	198.0	185.33333	172.66667	169.66667	170.33333	178.66667	184.0	187.0	170.33333	139.66667	136.66667	138.33333	122.666664	104.0	99.666664	125.0	144.33333	96.333336	71.333336	
145.66667	156.66667	165.0	173.33333	178.66667	178.66667	179.33333	183.33333	188.66667	192.33333	186.0	178.33333	175.33333	186.33333	193.66667	194.33333	199.0	196.0	178.33333	169.33333	173.33333	177.66667	183.66667	182.66667	185.66667	181.66667	145.0	131.0	136.0	125.333336	117.666664	127.0	138.0	154.33333	112.0	73.666664	
138.0	148.33333	158.0	171.33333	178.33333	182.0	185.33333	187.0	190.33333	194.33333	194.66667	194.0	193.33333	198.66667	200.0	196.66667	195.0	189.33333	175.66667	171.66667	178.66667	181.0	181.0	184.33333	190.33333	191.0	154.66667	129.0	142.66667	142.33333	135.33333	130.33333	132.33333	157.66667	120.666664	74.0	
133.33333	140.33333	152.66667	169.66667	177.33333	185.0	191.0	185.66667	181.66667	189.33333	197.0	203.66667	203.0	199.66667	200.33333	200.66667	198.0	190.33333	179.66667	174.33333	176.66667	179.0	182.33333	187.33333	190.0	197.33333	166.0	126.666664	137.0	145.0	147.66667	139.0	132.33333	160.33333	127.0	77.666664	
133.0	139.33333	150.0	167.0	174.66667	185.33333	189.0	182.66667	182.0	190.0	200.66667	209.0	209.0	205.0	205.33333	194.66667	177.33333	165.66667	154.0	154.0	161.0	171.66667	183.66667	187.66667	194.66667	205.33333	176.66667	129.66667	132.33333	141.66667	147.0	137.33333	128.66667	150.66667	126.666664	80.0	
133.0	135.0	145.33333	161.66667	170.33333	180.66667	183.33333	183.0	187.33333	194.0	202.33333	207.33333	205.66667	193.66667	172.66667	149.33333	140.66667	137.66667	140.0	154.33333	158.33333	165.33333	179.66667	189.0	202.33333	215.33333	185.33333	131.33333	127.666664	142.0	144.33333	139.33333	125.666664	142.66667	132.66667	86.0	
135.66667	131.66667	142.0	159.66667	166.66667	172.66667	179.33333	185.0	187.0	187.66667	185.66667	185.0	172.66667	147.33333	131.66667	142.33333	153.66667	138.33333	148.0	170.33333	169.66667	169.33333	182.66667	194.33333	202.66667	209.0	175.0	123.0	112.666664	133.66667	141.33333	139.0	118.666664	138.0	143.0	98.666664	
140.33333	134.0	141.33333	158.0	164.0	165.0	171.0	179.66667	179.0	176.0	165.33333	148.66667	127.666664	129.0	151.66667	166.33333	171.33333	154.66667	132.33333	147.0	154.33333	166.66667	179.66667	197.0	202.66667	197.33333	161.66667	119.0	106.666664	123.666664	136.66667	134.0	112.333336	145.0	147.66667	108.0	
138.33333	132.33333	138.0	154.33333	162.33333	162.33333	158.33333	161.66667	159.66667	149.0	132.0	114.0	128.0	149.33333	161.33333	169.66667	171.33333	162.66667	142.66667	120.333336	116.0	127.0	156.66667	186.33333	202.0	191.33333	157.66667	108.666664	92.333336	110.666664	122.333336	114.333336	105.333336	158.0	152.0	115.666664	
137.0	129.0	134.66667	151.0	156.66667	157.0	149.66667	145.33333	135.33333	119.666664	110.0	129.66667	145.66667	152.66667	158.66667	169.66667	171.0	168.33333	166.66667	159.33333	137.66667	105.333336	101.333336	136.0	167.33333	165.33333	142.33333	79.0	77.0	103.333336	105.0	94.333336	116.666664	166.0	152.0	123.666664	
134.0	128.33333	130.33333	142.0	150.66667	155.66667	153.66667	144.33333	130.33333	121.333336	123.333336	137.0	147.33333	149.33333	156.33333	163.33333	168.33333	173.66667	176.66667	177.0	162.33333	141.33333	110.0	88.0	103.0	110.333336	87.0	55.333332	83.333336	121.333336	121.0	103.333336	138.66667	162.0	151.66667	130.33333	
131.0	129.33333	129.33333	132.33333	141.0	150.66667	153.0	149.0	144.33333	133.66667	125.333336	127.333336	134.33333	144.0	153.0	162.66667	169.0	175.0	180.33333	187.33333	178.33333	170.66667	164.0	124.333336	69.333336	48.0	44.666668	66.666664	119.333336	153.33333	141.33333	117.333336	151.33333	154.33333	149.33333	133.33333	
130.33333	127.666664	128.33333	131.0	138.33333	147.33333	149.33333	152.33333	154.66667	143.33333	141.66667	121.666664	80.666664	94.0	104.333336	112.666664	124.333336	138.0	148.66667	164.0	168.0	166.0	167.66667	154.0	113.666664	66.666664	49.333332	112.666664	170.66667	172.33333	131.0	119.0	144.66667	136.33333	137.0	119.333336	
128.33333	125.0	125.333336	127.666664	136.0	145.66667	148.33333	150.33333	160.0	152.0	150.33333	160.66667	128.0	135.0	136.0	103.0	96.333336	115.666664	122.666664	114.666664	119.333336	112.333336	112.333336	100.666664	73.333336	59.666668	102.333336	161.33333	187.33333	167.66667	117.0	146.33333	157.33333	130.66667	135.66667	112.666664	
125.666664	121.666664	119.333336	120.666664	128.66667	143.0	148.0	147.0	158.0	158.0	155.33333	171.0	173.0	159.66667	128.0	108.666664	120.333336	151.66667	170.66667	148.0	143.0	108.333336	103.666664	99.333336	76.333336	104.333336	149.0	175.33333	179.33333	135.0	114.333336	145.33333	144.0	137.33333	145.0	130.0	
125.0	118.0	117.666664	116.666664	121.666664	141.0	148.66667	143.66667	148.66667	157.66667	160.33333	170.66667	178.33333	178.0	158.0	131.33333	120.666664	132.0	146.0	158.66667	160.33333	125.0	112.666664	96.666664	94.666664	123.0	157.0	169.0	155.0	103.666664	112.666664	113.0	102.666664	126.0	130.66667	118.333336	
123.0	117.666664	119.333336	120.0	114.0	129.66667	142.33333	137.0	133.66667	152.0	164.66667	168.33333	175.33333	184.0	183.33333	182.33333	172.66667	167.0	146.0	132.0	124.666664	111.666664	108.333336	100.0	102.0	129.33333	155.0	158.0	114.333336	100.666664	122.666664	121.333336	114.0	129.0	134.33333	121.666664	
118.0	118.666664	118.0	123.0	113.0	114.0	128.66667	131.66667	128.0	142.66667	164.66667	167.33333	171.33333	178.66667	185.66667	182.66667	178.0	179.66667	167.66667	142.33333	129.66667	122.666664	117.333336	108.0	108.0	132.66667	147.33333	131.66667	93.0	105.0	115.333336	119.666664	127.333336	134.66667	142.66667	139.66667	
118.0	120.0	115.333336	119.666664	120.666664	120.333336	127.333336	138.33333	135.66667	132.66667	158.66667	171.66667	171.0	174.0	178.33333	178.0	173.0	164.66667	156.66667	146.66667	138.33333	133.66667	127.333336	118.666664	118.0	132.66667	134.33333	100.666664	88.666664	95.666664	108.666664	112.333336	115.333336	116.0	124.666664	138.0	
120.333336	116.333336	112.0	110.333336	119.0	125.666664	132.66667	148.66667	156.0	139.66667	148.66667	170.33333	174.33333	175.33333	173.66667	173.33333	169.0	165.33333	155.33333	149.0	138.66667	131.33333	131.0	126.0	124.666664	133.66667	110.0	68.0	69.0	98.666664	122.333336	119.0	118.666664	116.0	120.333336	137.33333	
119.666664	121.0	115.0	106.333336	109.333336	123.666664	137.33333	152.33333	164.0	153.0	143.66667	165.33333	179.33333	181.0	176.66667	181.0	181.0	179.0	170.33333	159.33333	145.0	140.0	137.66667	130.66667	138.33333	133.66667	75.666664	29.0	27.333334	44.0	64.0	58.333332	57.0	63.0	62.0	60.666668	
117.333336	125.0	122.666664	112.0	102.0	108.0	132.33333	149.66667	163.33333	157.0	137.66667	152.33333	175.0	182.33333	180.33333	184.33333	190.0	190.0	186.0	173.0	164.33333	157.66667	143.0	134.66667	146.66667	118.0	44.666668	19.0	19.333334	19.333334	24.333334	25.333334	25.0	24.0	24.0	24.333334	
119.333336	121.666664	122.666664	116.0	111.333336	96.333336	111.666664	135.33333	154.66667	157.33333	140.33333	141.0	164.33333	180.0	184.66667	184.66667	189.33333	190.66667	187.33333	176.66667	169.66667	158.66667	144.66667	134.33333	143.0	91.666664	22.666666	13.333333	13.666667	19.0	23.0	24.333334	23.333334	23.0	24.333334	25.0	
124.0	124.0	124.666664	118.333336	119.666664	104.666664	95.333336	110.666664	133.33333	147.0	137.66667	128.33333	146.33333	170.66667	187.33333	192.0	191.66667	192.33333	188.66667	177.33333	169.66667	161.0	147.66667	135.66667	131.0	62.333332	10.666667	8.666667	13.333333	19.0	22.333334	22.0	23.333334	25.666666	26.666666	26.0	
127.0	123.666664	122.333336	117.0	116.0	113.0	99.0	93.666664	104.0	122.666664	132.66667	122.0	126.0	154.0	168.0	186.0	189.0	194.0	186.0	171.0	165.33333	158.0	149.0	135.33333	96.333336	30.0	7.3333335	11.333333	17.0	18.666666	21.333334	22.0	23.666666	25.0	24.333334	24.666666	
132.0	127.0	122.666664	118.333336	116.666664	113.666664	106.333336	98.333336	94.0	100.333336	116.333336	118.333336	110.333336	124.666664	146.33333	155.0	159.66667	170.66667	165.0	153.0	150.0	149.66667	141.33333	107.666664	43.0	9.666667	10.0	15.333333	19.666666	22.666666	23.666666	21.0	22.0	22.0	21.666666	21.333334	
145.0	135.33333	131.66667	126.666664	122.333336	116.0	108.666664	104.666664	102.0	96.0	97.0	107.666664	108.0	97.0	100.333336	110.666664	120.666664	126.666664	126.666664	124.666664	135.33333	127.0	92.666664	40.333332	9.666667	5.6666665	13.666667	19.0	22.0	26.333334	26.666666	24.0	23.666666	22.333334	21.333334	21.333334	
