116.0	124.666664	140.66667	145.66667	166.66667	190.66667	201.66667	209.66667	215.33333	217.0	219.33333	221.33333	222.33333	221.66667	222.33333	224.0	221.66667	222.33333	225.0	226.0	226.33333	227.66667	229.0	229.66667	231.66667	233.66667	235.0	235.66667	235.33333	233.66667	227.33333	203.0	142.66667	130.66667	134.0	158.33333	
112.333336	120.0	133.33333	149.33333	179.0	200.0	211.33333	216.33333	220.0	218.66667	220.66667	221.66667	222.0	219.0	223.0	227.33333	227.0	227.33333	225.66667	227.0	227.33333	228.33333	227.66667	228.0	230.0	231.0	232.33333	233.33333	232.33333	231.0	226.66667	213.33333	164.0	126.0	135.0	166.0	
111.333336	119.333336	140.66667	159.66667	183.66667	203.33333	213.0	216.0	217.66667	218.0	217.33333	220.0	220.66667	219.0	222.66667	226.33333	227.66667	228.66667	226.66667	227.0	227.0	227.33333	226.66667	225.66667	226.33333	228.33333	230.66667	229.66667	229.33333	226.0	222.0	211.66667	186.66667	132.0	129.0	144.66667	
127.666664	136.66667	152.33333	170.33333	187.33333	204.33333	210.66667	212.0	213.66667	214.66667	213.33333	217.33333	221.33333	222.0	223.33333	221.0	221.0	226.0	225.66667	225.0	222.33333	220.66667	221.66667	223.33333	224.0	226.0	230.0	229.33333	226.66667	222.0	218.66667	206.66667	195.33333	149.33333	137.33333	142.0	
144.0	156.66667	169.66667	178.0	185.66667	194.0	202.0	207.33333	210.33333	208.0	209.33333	212.33333	217.0	218.0	219.66667	219.33333	219.33333	222.0	220.0	216.0	212.66667	212.66667	214.0	219.33333	220.66667	221.33333	222.0	221.66667	221.0	217.66667	211.33333	198.33333	191.66667	168.0	145.33333	144.0	
166.33333	172.0	181.0	179.66667	181.66667	188.66667	197.66667	204.0	205.66667	204.66667	200.66667	204.66667	207.66667	210.66667	213.0	214.33333	213.0	215.66667	214.0	209.66667	208.33333	211.66667	213.33333	213.33333	214.0	213.66667	213.66667	215.33333	214.66667	212.33333	203.33333	190.33333	184.0	177.0	160.0	139.66667	
165.66667	176.0	180.66667	173.66667	180.33333	188.33333	192.66667	197.0	200.33333	200.33333	198.66667	201.66667	201.66667	206.66667	206.66667	203.66667	204.0	208.66667	206.33333	208.0	210.0	212.0	210.33333	210.0	212.33333	214.0	212.33333	212.33333	208.33333	205.66667	195.66667	184.0	180.33333	180.33333	176.33333	151.66667	
157.33333	171.33333	169.66667	169.33333	182.33333	190.33333	190.0	191.0	193.33333	194.0	198.66667	201.33333	201.33333	202.33333	198.66667	199.33333	204.66667	209.33333	209.33333	212.66667	213.66667	211.66667	210.33333	211.33333	213.0	213.66667	211.66667	211.0	208.33333	204.0	190.0	180.33333	177.0	178.33333	179.33333	162.33333	
154.0	160.66667	158.33333	169.66667	184.0	190.33333	187.0	185.33333	190.33333	193.33333	195.0	197.33333	201.33333	202.33333	205.33333	210.33333	211.33333	214.66667	217.0	216.33333	215.0	215.0	215.0	216.0	214.33333	214.33333	213.0	212.66667	210.33333	205.33333	192.0	179.33333	172.33333	178.66667	177.0	159.66667	
143.0	147.33333	150.66667	174.0	185.66667	188.66667	186.66667	186.33333	192.0	190.33333	192.0	200.66667	208.0	209.66667	213.33333	217.33333	219.0	221.66667	223.33333	220.0	216.0	215.0	217.66667	218.66667	217.66667	218.0	217.33333	217.33333	216.0	209.66667	198.33333	186.0	176.33333	178.66667	170.33333	140.0	
132.0	132.66667	143.33333	171.33333	181.66667	183.0	183.0	183.66667	190.66667	196.0	205.66667	210.66667	213.33333	219.0	223.33333	224.0	223.66667	224.66667	224.66667	221.0	218.0	217.33333	219.66667	219.0	218.0	219.33333	219.66667	221.66667	221.0	217.66667	209.33333	195.33333	185.33333	184.0	169.66667	130.66667	
118.0	118.666664	142.66667	167.33333	176.33333	178.0	182.33333	187.0	195.66667	203.33333	206.66667	210.66667	213.0	216.66667	218.66667	220.66667	220.0	219.66667	217.66667	215.33333	215.0	214.33333	216.33333	214.33333	213.66667	215.33333	215.66667	215.33333	216.0	217.66667	217.0	208.0	197.0	190.66667	170.66667	129.0	
101.0	111.666664	144.66667	170.33333	177.66667	181.33333	185.66667	193.0	200.66667	202.33333	197.33333	183.66667	174.33333	182.0	183.66667	188.66667	189.33333	181.0	187.66667	189.66667	195.0	201.33333	205.66667	201.33333	200.0	198.33333	188.33333	180.0	186.66667	197.33333	204.0	203.66667	200.0	196.0	168.33333	120.666664	
97.0	121.333336	154.66667	175.33333	180.0	184.66667	188.66667	192.66667	199.0	191.33333	169.66667	145.33333	131.33333	132.66667	129.33333	132.33333	137.33333	129.0	140.0	153.33333	163.33333	179.0	184.0	179.33333	175.0	165.66667	152.33333	144.66667	141.33333	148.66667	159.33333	169.66667	169.33333	179.33333	168.66667	112.0	
105.0	143.0	171.66667	180.0	184.0	186.66667	191.33333	191.66667	185.0	165.0	147.66667	136.0	117.333336	110.666664	100.0	92.333336	96.0	101.333336	111.0	127.666664	136.66667	151.33333	156.66667	154.0	151.0	140.66667	129.33333	118.0	105.666664	104.666664	110.666664	119.0	128.33333	148.0	163.66667	108.333336	
123.0	156.0	180.33333	187.66667	190.33333	188.66667	188.33333	177.33333	156.33333	143.33333	146.33333	150.0	139.66667	131.66667	115.0	97.0	88.666664	90.0	99.666664	111.0	117.0	127.0	138.33333	141.33333	136.0	127.333336	112.666664	99.0	85.666664	80.666664	84.0	93.333336	111.333336	131.0	154.33333	106.333336	
126.666664	160.0	184.0	187.66667	185.0	186.33333	182.66667	165.33333	147.33333	142.33333	151.33333	140.66667	127.333336	125.666664	116.333336	105.0	101.333336	96.0	91.333336	94.333336	108.333336	133.0	153.33333	151.66667	120.333336	99.0	91.333336	91.0	93.0	104.0	117.666664	127.333336	131.33333	135.66667	155.66667	117.0	
122.666664	151.66667	181.0	191.66667	185.66667	185.33333	179.0	169.33333	161.66667	150.0	114.333336	74.333336	61.333332	66.666664	76.0	74.0	73.333336	83.333336	83.0	97.0	124.666664	165.0	189.33333	176.33333	106.333336	64.666664	50.0	45.333332	54.0	74.333336	87.0	109.0	130.33333	146.33333	167.66667	136.66667	
138.33333	155.66667	179.66667	195.0	196.66667	195.66667	181.33333	173.66667	167.33333	134.66667	99.0	81.666664	71.666664	72.333336	101.666664	107.666664	88.333336	90.333336	97.666664	118.333336	146.33333	183.66667	207.66667	194.0	115.0	64.666664	44.333332	50.666668	72.666664	95.333336	72.0	74.333336	110.0	154.66667	183.33333	155.66667	
153.33333	165.0	176.66667	187.33333	185.0	187.33333	189.0	177.66667	164.33333	168.33333	180.33333	183.66667	172.0	156.66667	154.66667	149.66667	143.33333	144.33333	149.33333	152.66667	162.33333	188.33333	212.33333	205.0	150.33333	122.333336	119.333336	125.666664	131.33333	139.66667	143.33333	143.66667	135.66667	157.66667	186.33333	159.66667	
163.33333	169.0	172.0	178.66667	186.33333	192.66667	198.33333	198.66667	196.0	193.0	182.0	170.66667	171.66667	164.33333	162.0	158.33333	158.66667	170.33333	177.66667	171.33333	174.0	192.33333	211.66667	213.66667	180.0	160.33333	156.66667	161.0	171.33333	183.33333	192.0	190.66667	179.33333	177.0	189.33333	161.0	
160.0	168.33333	167.66667	169.66667	182.0	200.66667	206.33333	203.66667	198.66667	192.33333	190.0	182.0	169.66667	162.33333	163.33333	168.33333	181.66667	191.33333	188.33333	178.66667	184.0	195.33333	214.0	220.0	194.33333	178.0	176.0	159.66667	155.0	163.66667	168.33333	171.66667	181.0	197.66667	203.0	178.66667	
153.66667	156.66667	163.0	170.33333	179.66667	193.0	202.0	211.33333	215.0	215.0	212.33333	211.33333	208.66667	206.66667	203.66667	202.66667	206.33333	203.66667	195.33333	194.33333	199.0	203.0	220.0	224.33333	205.33333	184.33333	190.33333	189.66667	176.33333	171.33333	177.66667	190.66667	203.0	208.0	199.0	180.0	
147.66667	156.0	163.33333	171.33333	170.0	172.66667	185.0	201.66667	211.66667	217.33333	217.66667	218.33333	217.66667	219.33333	217.33333	211.33333	210.33333	208.33333	204.33333	207.0	211.66667	213.33333	225.66667	229.0	219.0	196.0	192.0	194.66667	201.66667	205.0	208.33333	210.66667	216.33333	211.66667	190.0	169.0	
150.66667	158.33333	165.33333	171.0	166.66667	163.0	172.0	187.33333	198.0	207.33333	212.0	215.66667	217.33333	220.66667	217.0	210.0	202.66667	188.33333	180.33333	196.33333	210.66667	216.33333	223.66667	228.0	225.0	204.0	192.0	195.66667	206.66667	212.66667	214.33333	212.66667	206.0	191.66667	176.66667	162.66667	
149.0	153.33333	160.66667	162.0	160.33333	160.66667	164.66667	171.0	177.66667	192.0	205.0	211.66667	212.66667	211.33333	203.66667	191.0	168.0	159.66667	175.66667	191.33333	197.0	199.66667	212.66667	222.0	219.33333	193.33333	176.66667	177.66667	195.0	205.0	208.0	208.33333	191.33333	170.0	162.0	154.66667	
153.0	152.0	154.33333	153.0	151.0	155.66667	157.66667	157.33333	164.66667	180.33333	192.33333	200.0	196.66667	191.33333	179.66667	158.0	142.66667	170.66667	207.33333	214.66667	210.33333	201.66667	208.0	213.0	207.0	189.0	191.66667	172.33333	169.33333	186.33333	195.33333	198.66667	186.33333	164.33333	153.33333	140.0	
158.33333	159.66667	160.33333	154.33333	151.66667	154.33333	156.0	154.0	157.66667	168.66667	173.33333	177.66667	175.66667	170.33333	155.33333	136.66667	139.66667	160.33333	186.33333	191.33333	197.66667	198.0	196.33333	192.66667	193.66667	187.33333	192.33333	172.0	150.33333	164.66667	175.0	181.66667	177.66667	166.0	150.66667	114.0	
164.33333	164.0	163.66667	157.0	154.33333	155.66667	157.0	155.33333	153.66667	157.33333	156.33333	157.66667	157.66667	150.66667	138.33333	137.0	157.0	152.33333	129.33333	105.0	112.333336	139.66667	148.0	148.66667	152.0	149.66667	129.0	137.0	130.0	137.33333	156.33333	168.0	165.0	158.0	145.0	93.666664	
166.0	164.66667	165.33333	159.0	155.66667	157.66667	157.33333	152.66667	149.66667	148.0	145.33333	140.66667	144.0	136.33333	133.33333	158.66667	180.0	172.33333	138.0	107.666664	97.666664	95.333336	104.333336	104.0	108.333336	115.333336	118.333336	145.66667	134.0	125.666664	139.0	152.66667	155.0	153.0	151.0	135.33333	
161.66667	154.33333	160.0	160.66667	160.33333	161.66667	156.66667	149.33333	146.33333	141.0	139.0	136.0	136.0	130.33333	149.33333	179.33333	187.66667	183.0	176.33333	152.33333	136.0	107.666664	93.0	93.0	110.666664	131.0	152.0	160.66667	149.0	128.33333	129.0	138.0	141.33333	148.66667	155.66667	163.33333	
156.66667	153.66667	157.66667	161.66667	161.66667	162.33333	156.33333	151.33333	145.33333	141.0	139.33333	141.66667	137.0	139.66667	163.0	184.0	192.66667	193.66667	190.0	177.0	159.0	138.0	120.0	112.333336	127.666664	148.0	161.33333	163.66667	155.33333	129.33333	122.666664	130.0	133.66667	146.0	154.66667	159.0	
156.33333	153.0	156.0	162.0	162.33333	161.0	157.33333	154.0	147.66667	150.0	153.66667	150.33333	143.33333	157.66667	173.33333	185.66667	197.66667	198.66667	195.66667	186.33333	175.66667	165.0	150.66667	146.66667	156.66667	170.0	176.33333	170.66667	158.0	130.66667	119.333336	125.0	136.33333	149.0	154.33333	157.33333	
155.33333	151.0	151.0	159.33333	160.33333	156.33333	155.66667	159.0	159.66667	164.33333	167.66667	153.33333	148.0	170.33333	174.33333	180.66667	194.33333	197.33333	193.0	186.66667	179.66667	172.66667	169.66667	168.0	172.33333	179.33333	182.33333	178.33333	163.0	139.0	123.0	126.666664	146.66667	151.66667	152.66667	155.33333	
150.66667	148.0	146.33333	157.0	160.66667	156.0	156.33333	163.66667	168.0	174.33333	177.33333	160.33333	155.33333	169.33333	173.33333	178.0	178.0	181.66667	179.0	176.66667	176.0	173.0	175.66667	179.66667	180.66667	178.66667	179.66667	180.0	166.33333	152.33333	137.66667	135.0	152.33333	149.33333	152.33333	154.0	
146.33333	144.66667	142.0	153.0	159.33333	157.66667	156.0	164.0	169.66667	178.0	182.66667	169.66667	163.33333	165.33333	163.0	162.0	152.66667	139.66667	125.333336	112.666664	107.333336	104.666664	119.0	133.0	136.33333	132.0	140.0	160.33333	169.33333	159.66667	150.33333	149.33333	154.0	145.66667	150.66667	154.0	
138.33333	139.33333	139.66667	147.0	155.66667	157.33333	157.0	162.66667	170.0	174.66667	178.66667	176.0	165.66667	158.0	137.66667	117.666664	104.0	87.666664	77.333336	68.666664	50.0	35.0	41.333332	48.0	49.333332	51.666668	61.333332	95.0	141.33333	160.66667	161.0	160.0	149.0	142.66667	151.33333	151.33333	
129.0	131.33333	137.66667	137.0	147.33333	159.33333	164.0	166.0	169.33333	168.66667	173.33333	180.0	163.0	139.66667	129.66667	133.66667	132.33333	133.33333	141.33333	149.33333	139.33333	115.333336	103.666664	100.0	110.0	124.0	115.0	98.333336	106.0	134.0	164.33333	164.33333	148.33333	143.0	151.66667	149.33333	
128.66667	126.333336	134.33333	133.0	140.0	156.66667	161.0	159.33333	164.66667	159.33333	162.66667	168.33333	159.66667	148.66667	156.0	164.66667	150.33333	131.66667	120.333336	122.0	127.666664	128.33333	132.66667	143.66667	156.33333	158.0	146.0	136.33333	128.66667	139.66667	165.66667	159.33333	143.66667	144.33333	149.0	147.0	
127.333336	122.333336	121.333336	124.666664	130.0	143.66667	152.33333	148.33333	154.0	151.66667	151.66667	151.66667	154.66667	156.33333	165.33333	174.0	163.0	139.33333	113.0	96.666664	87.333336	78.666664	76.666664	84.666664	94.666664	107.666664	124.666664	154.66667	157.66667	157.0	156.33333	145.33333	127.666664	126.666664	144.33333	145.66667	
136.0	124.333336	115.666664	113.666664	117.0	127.333336	140.33333	138.33333	140.66667	140.0	140.66667	139.0	147.66667	158.0	161.66667	163.66667	161.33333	152.33333	131.33333	111.0	93.666664	79.666664	74.0	73.0	79.0	101.0	136.66667	165.66667	167.0	155.33333	139.0	126.333336	84.333336	88.0	133.66667	142.33333	
134.33333	136.0	114.333336	99.666664	99.0	110.0	125.666664	128.0	125.0	127.333336	131.0	132.66667	145.66667	163.66667	168.0	157.33333	148.0	142.0	136.66667	127.0	112.0	99.333336	93.333336	98.0	105.666664	120.0	141.66667	156.0	163.0	148.33333	125.333336	92.333336	33.333332	49.666668	114.0	137.66667	
129.33333	129.66667	118.666664	92.666664	86.0	91.666664	108.0	113.666664	115.666664	121.666664	129.66667	138.66667	153.33333	170.33333	173.33333	162.66667	156.0	153.0	149.0	143.0	137.66667	136.0	133.0	128.33333	127.333336	132.0	141.66667	148.33333	154.33333	133.0	94.666664	38.0	9.666667	16.333334	69.0	121.333336	
111.666664	115.0	110.0	92.666664	80.0	79.0	91.0	103.333336	108.333336	116.0	126.666664	138.0	156.33333	171.0	177.0	177.33333	179.0	177.33333	175.33333	172.33333	169.66667	164.0	161.0	160.0	156.66667	159.33333	159.66667	153.0	147.33333	114.333336	59.0	25.333334	5.6666665	4.0	20.666666	76.0	
65.666664	68.333336	71.333336	71.0	71.666664	63.0	68.333336	87.666664	98.0	103.666664	114.333336	124.0	139.33333	155.66667	162.66667	177.66667	190.0	195.33333	195.33333	191.0	185.0	179.0	176.66667	178.33333	180.33333	180.66667	175.0	167.0	141.33333	84.0	49.0	41.333332	7.0	3.6666667	4.3333335	23.0	
56.666668	51.0	47.666668	40.666668	37.333332	33.0	32.666668	50.333332	72.666664	88.333336	95.0	104.666664	120.333336	138.33333	154.0	169.66667	179.0	183.33333	179.33333	177.33333	176.0	176.0	177.66667	177.66667	178.33333	181.0	181.33333	163.33333	98.333336	46.333332	55.0	42.0	9.0	3.0	2.6666667	5.3333335	
56.0	52.0	45.666668	37.666668	31.0	23.333334	15.666667	14.333333	27.666666	47.333332	61.666668	80.0	102.666664	118.666664	135.0	149.0	150.0	148.66667	149.66667	155.33333	158.66667	160.33333	164.66667	165.0	162.0	167.66667	165.66667	124.666664	41.333332	22.0	39.333332	42.333332	16.666666	2.6666667	1.6666666	3.0	
48.666668	47.0	43.666668	39.333332	35.0	29.0	21.0	14.333333	8.0	10.333333	20.666666	39.0	62.0	83.666664	98.666664	110.666664	115.666664	109.666664	107.666664	119.666664	127.333336	132.33333	132.0	133.33333	140.33333	144.33333	133.33333	96.333336	27.0	13.0	22.666666	36.666668	29.0	8.666667	3.0	2.3333333	
43.0	40.666668	41.333332	39.0	35.666668	29.0	21.333334	17.333334	12.666667	7.3333335	4.6666665	8.0	19.0	36.0	52.0	67.666664	78.0	78.0	76.333336	85.333336	95.333336	99.333336	98.333336	94.333336	96.666664	100.666664	105.333336	88.0	57.333332	22.666666	14.333333	22.333334	35.0	22.333334	7.6666665	3.3333333	
