10.0	15.0	39.333332	53.666668	56.333332	56.666668	59.333332	67.666664	88.0	108.333336	114.666664	121.333336	135.66667	145.66667	155.33333	161.66667	170.66667	174.33333	185.0	195.33333	196.66667	192.66667	192.66667	188.0	174.66667	166.33333	165.0	162.33333	159.0	152.33333	143.33333	111.0	69.666664	50.0	37.0	34.333332	
11.333333	21.666666	44.666668	56.0	64.333336	65.0	66.0	77.0	96.333336	117.666664	126.666664	132.66667	139.66667	149.0	160.66667	168.33333	175.66667	180.33333	185.0	190.66667	193.33333	193.0	191.33333	188.66667	175.33333	166.66667	166.33333	167.66667	163.33333	154.66667	141.0	113.333336	70.666664	55.666668	55.333332	53.0	
22.666666	31.333334	45.0	55.333332	67.333336	72.0	75.333336	83.0	98.0	118.666664	134.66667	145.0	147.0	152.0	161.33333	168.33333	176.66667	182.33333	186.33333	192.33333	198.66667	199.0	195.33333	194.33333	182.33333	173.0	171.0	170.33333	162.33333	152.66667	144.0	118.333336	78.333336	49.333332	46.333332	48.0	
29.666666	33.666668	46.0	53.333332	65.333336	75.333336	82.333336	85.666664	99.333336	120.333336	137.66667	148.0	150.0	154.0	157.33333	170.33333	180.33333	181.0	182.66667	188.33333	193.0	195.33333	193.66667	193.0	186.66667	176.33333	173.66667	170.33333	161.66667	153.66667	148.0	127.0	89.666664	56.0	52.666668	64.0	
30.0	34.0	47.0	53.333332	63.333332	79.0	91.333336	92.0	100.0	114.666664	131.66667	146.0	152.66667	152.33333	157.33333	166.33333	174.0	181.33333	186.33333	191.33333	194.66667	196.66667	195.66667	193.0	189.66667	181.66667	179.33333	175.66667	162.33333	153.66667	148.33333	130.33333	92.666664	66.0	64.333336	66.333336	
26.666666	33.0	47.333332	53.333332	62.333332	81.333336	99.666664	99.0	102.666664	118.333336	132.0	149.0	156.33333	160.0	164.66667	174.0	180.33333	183.33333	185.33333	193.0	194.66667	195.33333	195.0	190.33333	188.0	187.66667	184.0	178.0	169.0	158.0	151.0	138.33333	99.666664	70.0	60.333332	58.0	
24.666666	31.0	47.666668	53.666668	58.0	76.0	101.0	107.0	109.666664	119.0	130.33333	142.66667	151.0	156.33333	158.66667	169.0	177.33333	177.33333	182.33333	190.33333	193.33333	194.0	189.66667	186.0	188.0	185.0	179.33333	172.66667	168.66667	165.33333	155.66667	139.0	110.666664	80.333336	71.333336	59.0	
23.666666	31.333334	44.333332	50.333332	56.666668	76.333336	102.333336	114.333336	119.0	122.666664	131.33333	142.33333	153.33333	157.33333	164.0	171.66667	180.0	182.0	190.66667	196.66667	195.33333	192.33333	190.0	191.66667	193.0	190.33333	186.0	179.0	172.66667	165.33333	159.33333	144.33333	118.0	89.0	84.0	70.0	
24.333334	31.666666	43.0	51.0	58.666668	75.666664	100.666664	115.666664	127.0	134.33333	138.66667	146.33333	158.66667	162.66667	167.66667	171.33333	178.0	184.33333	193.0	197.0	194.0	189.66667	188.66667	191.66667	194.33333	193.66667	187.66667	179.0	174.33333	165.0	156.66667	154.0	136.33333	97.0	88.666664	73.0	
24.0	31.666666	40.333332	50.666668	58.333332	73.666664	97.333336	112.0	127.666664	140.0	146.0	153.66667	160.0	165.33333	171.0	172.0	179.0	187.33333	195.66667	191.66667	189.33333	191.66667	196.66667	201.0	202.0	197.0	187.33333	171.33333	163.33333	162.33333	157.66667	157.33333	147.66667	100.0	82.333336	71.666664	
24.0	28.333334	36.333332	46.666668	56.333332	71.666664	91.666664	109.666664	131.33333	146.0	155.33333	165.33333	172.33333	171.33333	171.66667	170.0	180.66667	188.66667	195.0	185.0	181.33333	192.33333	201.0	203.0	197.33333	185.0	165.66667	142.0	133.0	145.66667	152.66667	155.0	155.33333	114.333336	87.666664	77.666664	
19.333334	27.0	38.0	45.333332	53.666668	70.666664	87.333336	106.0	129.66667	143.0	155.66667	165.0	171.33333	178.33333	175.66667	168.0	179.0	186.33333	193.33333	182.33333	175.66667	183.33333	185.0	177.33333	157.0	126.333336	107.666664	109.0	111.0	130.66667	145.33333	154.33333	160.0	129.0	93.333336	86.333336	
17.333334	25.666666	38.333332	45.666668	53.0	65.333336	72.333336	82.333336	101.333336	114.333336	135.0	149.0	155.66667	170.66667	174.33333	176.0	180.66667	183.0	189.33333	174.0	158.0	156.0	151.66667	134.33333	102.666664	94.0	86.666664	102.333336	117.666664	129.33333	138.33333	144.0	155.0	133.33333	93.0	94.333336	
17.333334	25.666666	40.666668	46.666668	52.333332	52.0	46.666668	51.0	58.0	77.333336	105.333336	118.333336	122.0	141.66667	144.33333	161.66667	175.0	176.33333	181.0	172.0	153.33333	140.0	132.66667	112.666664	105.0	112.333336	109.333336	120.0	134.66667	137.33333	127.666664	132.33333	151.66667	137.33333	104.666664	108.0	
20.333334	29.0	43.0	46.0	44.333332	41.0	41.0	50.666668	51.0	61.0	58.666668	60.666668	74.0	96.0	121.666664	149.33333	164.66667	170.0	175.66667	172.0	156.66667	136.66667	120.0	107.0	105.333336	108.0	111.333336	108.666664	101.666664	128.0	138.66667	137.0	152.0	143.66667	119.666664	119.0	
25.333334	31.333334	45.333332	45.666668	36.333332	40.0	50.0	62.333332	65.333336	56.333332	41.666668	30.666666	36.666668	49.333332	76.333336	114.666664	135.0	166.33333	182.33333	169.0	140.33333	122.666664	118.0	103.666664	88.0	86.666664	102.0	124.666664	116.666664	113.666664	145.66667	152.0	157.66667	149.0	131.33333	134.66667	
32.666668	38.0	47.0	44.666668	31.666666	44.666668	61.0	58.666668	68.666664	68.666664	61.0	53.0	40.333332	38.666668	41.666668	59.333332	90.333336	162.0	191.66667	167.0	136.66667	131.66667	127.0	113.333336	88.666664	53.333332	65.0	105.666664	120.0	129.33333	152.66667	166.33333	165.33333	157.0	147.0	152.0	
39.0	40.0	48.666668	45.333332	38.333332	53.333332	47.333332	47.333332	63.666668	48.666668	46.333332	87.333336	86.666664	56.666668	56.0	49.666668	71.0	152.0	193.33333	171.66667	172.0	167.66667	161.33333	154.33333	125.333336	78.333336	92.666664	154.33333	162.33333	159.0	175.66667	184.0	172.66667	161.0	152.33333	153.33333	
50.666668	44.666668	53.666668	56.0	59.333332	66.666664	54.333332	89.0	100.333336	74.333336	67.0	111.666664	131.66667	82.333336	73.0	62.0	73.333336	151.66667	194.66667	176.66667	180.66667	177.66667	164.0	155.66667	154.66667	144.33333	160.66667	181.66667	183.0	181.0	183.66667	185.0	178.0	163.33333	156.0	157.0	
57.333332	51.666668	59.666668	74.666664	95.0	86.666664	77.666664	95.333336	120.333336	116.666664	127.333336	145.66667	143.0	101.0	74.666664	66.666664	84.333336	151.0	186.0	179.0	179.33333	174.66667	154.0	148.66667	160.66667	172.33333	182.0	189.66667	188.66667	190.33333	190.66667	188.66667	177.66667	162.0	154.33333	149.33333	
64.333336	55.333332	61.333332	86.666664	114.333336	112.0	104.666664	116.666664	131.66667	137.0	145.66667	144.33333	130.33333	96.0	80.666664	72.333336	95.666664	151.0	176.0	176.0	177.33333	179.66667	166.0	153.66667	155.0	165.0	171.66667	178.0	187.66667	196.66667	195.33333	192.0	181.66667	159.33333	150.0	142.0	
56.333332	53.666668	59.0	87.333336	117.666664	126.0	122.666664	121.666664	127.0	128.33333	129.66667	130.66667	113.0	92.0	86.0	76.333336	95.333336	150.0	172.66667	174.66667	177.0	188.0	187.66667	180.0	180.66667	178.66667	178.33333	184.33333	193.33333	197.33333	199.66667	196.66667	183.66667	160.0	148.33333	139.33333	
47.0	49.333332	58.333332	84.666664	116.0	138.0	151.0	145.66667	137.33333	130.0	132.0	136.66667	109.333336	101.0	87.666664	73.666664	87.666664	147.0	171.33333	175.33333	176.0	188.66667	201.33333	197.66667	196.0	190.66667	188.66667	195.0	200.0	201.33333	199.66667	195.66667	183.66667	160.0	148.33333	141.66667	
50.666668	48.666668	57.0	76.333336	105.0	132.0	152.66667	157.66667	145.66667	138.0	143.66667	142.0	111.0	100.0	84.333336	70.0	83.666664	142.66667	172.33333	173.66667	175.66667	187.66667	201.66667	205.33333	203.66667	202.0	200.66667	201.0	203.33333	204.33333	197.0	191.33333	179.0	156.0	150.33333	144.66667	
53.0	48.333332	55.333332	73.333336	97.666664	124.333336	143.66667	154.66667	153.0	153.66667	159.0	136.33333	103.666664	95.0	82.333336	73.333336	87.0	143.66667	172.0	171.33333	173.66667	185.66667	199.33333	203.66667	205.66667	205.66667	205.66667	203.66667	205.0	203.0	194.66667	186.0	171.66667	154.33333	155.0	144.66667	
60.666668	49.0	53.0	67.666664	89.0	113.666664	133.33333	145.66667	151.0	158.33333	157.33333	121.333336	101.666664	93.333336	78.666664	75.333336	95.666664	152.33333	179.0	175.66667	169.66667	178.66667	194.0	198.66667	205.0	208.0	206.0	203.0	202.66667	199.33333	190.33333	181.66667	167.33333	157.33333	161.0	146.0	
60.666668	48.666668	51.0	60.0	80.333336	103.333336	124.333336	139.33333	147.66667	149.66667	135.0	109.333336	101.0	86.666664	72.333336	76.333336	98.666664	153.66667	182.66667	179.66667	169.33333	169.0	183.33333	193.33333	202.0	205.0	204.33333	203.0	198.66667	192.0	183.0	176.33333	166.0	163.0	165.66667	149.0	
50.0	46.0	47.666668	55.0	71.0	89.0	112.333336	127.666664	139.33333	139.66667	113.666664	102.0	99.0	89.333336	79.0	81.333336	113.666664	164.66667	182.0	188.0	174.33333	164.66667	175.66667	186.0	195.33333	201.0	201.0	198.33333	194.0	190.33333	182.0	176.66667	167.0	168.33333	166.0	146.66667	
50.666668	50.666668	49.666668	54.666668	66.0	77.666664	98.333336	114.666664	124.0	119.333336	100.0	97.666664	97.0	93.666664	73.333336	74.666664	115.0	166.0	173.33333	184.0	178.0	167.0	176.66667	189.33333	193.66667	197.33333	198.66667	198.33333	195.33333	191.66667	183.0	175.0	166.0	171.33333	165.33333	141.33333	
33.0	45.666668	50.333332	53.666668	66.0	76.0	91.666664	103.333336	101.0	94.333336	90.333336	92.333336	96.666664	91.0	62.0	52.333332	88.666664	140.66667	153.0	159.33333	148.66667	142.0	171.0	196.0	200.33333	197.66667	198.66667	197.66667	194.0	190.66667	181.66667	171.33333	163.66667	170.33333	163.0	138.0	
16.0	31.0	50.0	51.666668	61.0	74.333336	84.666664	91.333336	87.666664	87.666664	90.0	95.666664	99.0	93.0	62.0	39.666668	55.666668	94.333336	118.0	148.66667	156.33333	140.0	175.66667	196.33333	202.33333	203.0	201.33333	198.33333	193.66667	189.66667	175.66667	160.0	166.0	171.33333	160.66667	135.0	
13.666667	22.333334	48.333332	52.0	56.666668	67.0	76.0	82.666664	85.0	88.0	90.0	96.333336	97.333336	91.0	87.0	82.333336	86.333336	92.666664	124.666664	167.33333	188.33333	183.0	191.66667	200.66667	205.33333	208.33333	204.0	196.0	189.33333	184.0	174.66667	163.66667	168.33333	170.66667	160.33333	132.33333	
13.666667	18.0	45.0	54.0	56.0	62.666668	73.0	84.333336	92.0	96.666664	102.333336	98.666664	99.0	95.0	108.333336	115.666664	131.66667	136.0	147.0	175.66667	195.66667	199.33333	195.33333	199.0	204.66667	206.33333	202.0	192.0	187.0	183.66667	173.66667	170.0	172.66667	170.0	157.33333	123.333336	
11.333333	15.333333	39.0	53.666668	57.0	60.333332	66.333336	82.666664	101.666664	114.333336	118.666664	99.666664	91.666664	97.333336	117.0	127.0	144.0	149.66667	144.33333	171.0	195.33333	195.33333	190.0	189.33333	192.33333	195.0	193.0	188.0	185.33333	181.66667	172.33333	171.0	173.0	168.66667	153.33333	113.0	
11.0	14.0	34.0	52.0	60.666668	61.666668	62.0	76.333336	102.666664	112.666664	94.666664	80.666664	78.666664	92.0	117.0	132.66667	144.0	153.33333	142.66667	161.33333	188.0	193.33333	187.0	181.33333	177.0	175.66667	179.0	183.0	185.0	180.66667	173.0	173.33333	173.66667	167.0	149.33333	100.333336	
12.333333	14.333333	30.333334	50.0	61.333332	65.333336	63.333332	70.0	97.333336	101.0	76.333336	68.333336	66.0	78.666664	96.666664	116.0	120.0	141.66667	143.0	148.0	160.0	168.33333	169.0	166.33333	161.33333	160.33333	171.0	180.0	185.0	177.0	172.0	174.66667	173.0	161.33333	141.66667	80.0	
12.666667	14.333333	24.666666	46.666668	58.666668	64.666664	65.0	63.666668	86.0	89.0	75.0	65.333336	56.333332	56.666668	48.666668	51.0	56.333332	67.666664	75.333336	66.333336	62.666668	69.666664	96.666664	132.66667	143.66667	147.0	166.33333	176.0	178.66667	171.66667	169.0	172.0	170.66667	156.0	132.33333	62.666668	
13.666667	15.666667	22.666666	41.666668	54.0	61.666668	65.333336	62.333332	77.666664	95.666664	85.666664	79.666664	75.333336	68.333336	68.666664	64.333336	58.666668	64.666664	65.0	52.666668	46.0	70.333336	123.333336	160.0	172.33333	169.33333	171.33333	177.66667	174.0	165.0	167.0	169.0	165.0	149.66667	125.0	46.0	
12.666667	15.0	21.0	38.666668	48.666668	55.666668	62.666668	61.666668	65.666664	100.666664	110.333336	98.666664	87.666664	91.666664	125.666664	130.66667	130.66667	138.0	135.66667	112.666664	123.333336	160.66667	176.66667	173.33333	181.66667	182.33333	178.33333	175.33333	166.66667	160.33333	167.66667	167.0	157.33333	142.33333	114.333336	32.0	
11.333333	15.666667	20.0	35.666668	43.0	48.0	57.666668	60.666668	57.333332	80.333336	98.333336	86.666664	79.666664	72.333336	100.333336	133.0	155.33333	160.66667	154.33333	156.66667	172.0	179.33333	164.0	173.0	187.33333	181.66667	180.33333	173.33333	161.33333	161.66667	169.33333	164.33333	149.0	140.33333	108.666664	30.0	
11.333333	15.0	19.0	34.333332	44.333332	42.333332	53.333332	62.333332	58.0	61.333332	75.333336	73.333336	73.0	68.333336	67.333336	96.0	133.66667	146.0	143.66667	142.0	148.66667	154.0	163.33333	178.0	182.33333	178.66667	178.33333	171.66667	161.33333	162.33333	166.33333	157.66667	144.0	152.0	154.33333	56.0	
12.333333	15.333333	17.333334	30.0	49.0	43.0	46.666668	60.0	60.666668	55.333332	64.666664	69.666664	72.333336	70.333336	63.666668	80.333336	117.333336	123.0	126.666664	130.66667	141.33333	160.33333	175.33333	180.66667	179.66667	181.33333	179.66667	167.0	166.33333	170.33333	165.66667	149.33333	148.33333	158.33333	202.66667	124.333336	
11.333333	15.666667	18.333334	27.666666	49.333332	48.666668	44.333332	53.666668	62.666668	56.0	59.0	72.666664	79.666664	84.333336	83.666664	89.0	119.666664	135.0	143.0	149.66667	160.0	172.0	181.66667	183.66667	183.33333	185.66667	180.66667	163.33333	166.66667	169.33333	154.0	148.66667	154.33333	160.33333	216.66667	166.0	
12.333333	16.0	20.333334	35.333332	53.333332	51.0	44.666668	48.0	59.0	61.0	55.333332	68.0	87.0	103.666664	110.0	117.0	131.66667	146.33333	152.0	161.0	168.0	178.0	182.66667	186.33333	189.33333	189.33333	178.33333	160.66667	160.0	156.0	148.0	159.0	156.66667	167.66667	222.0	200.66667	
14.333333	16.333334	25.333334	77.333336	71.666664	53.0	48.666668	44.0	52.333332	59.666668	55.666668	65.0	87.666664	109.666664	123.666664	136.0	146.33333	154.66667	158.0	170.0	178.33333	182.33333	187.0	189.33333	191.66667	189.0	174.0	157.0	153.0	146.0	159.33333	164.33333	160.66667	177.66667	217.66667	214.33333	
15.0	18.333334	47.333332	113.333336	96.0	56.0	52.666668	47.666668	45.333332	54.333332	57.0	61.0	83.0	102.0	118.666664	128.33333	145.33333	153.66667	162.0	170.0	180.66667	186.0	190.66667	193.33333	194.66667	187.0	166.0	149.33333	145.33333	152.0	167.33333	165.0	171.66667	208.66667	225.0	218.0	
14.333333	30.0	74.333336	126.333336	117.333336	77.666664	56.0	55.0	44.333332	44.666668	49.0	53.0	71.333336	89.0	110.666664	119.0	138.66667	155.33333	165.0	168.66667	183.0	192.0	192.33333	187.66667	190.33333	180.66667	156.33333	144.33333	154.66667	166.0	165.0	166.66667	195.0	234.33333	229.66667	213.0	
28.666666	50.0	99.333336	134.33333	126.666664	114.0	66.333336	59.333332	55.333332	44.333332	45.333332	50.0	61.333332	79.666664	96.666664	112.333336	129.33333	143.0	158.33333	159.66667	172.33333	185.66667	186.66667	184.33333	184.33333	168.0	146.66667	153.66667	168.33333	165.33333	165.0	187.33333	229.0	237.0	232.66667	211.66667	
48.0	53.666668	116.666664	131.33333	130.0	132.0	100.666664	65.333336	69.0	58.333332	45.0	46.666668	52.666668	67.666664	79.0	90.666664	116.666664	130.33333	145.33333	152.33333	156.33333	168.0	171.0	174.66667	165.33333	151.66667	157.0	171.66667	171.0	162.0	182.66667	229.33333	240.0	239.0	237.0	212.66667	
