13.0	10.333333	8.666667	8.333333	12.666667	20.333334	27.333334	32.333332	34.666668	36.0	40.666668	44.0	43.333332	46.0	49.333332	53.666668	64.0	76.0	89.333336	95.666664	91.0	95.333336	114.333336	128.0	120.666664	120.666664	125.0	122.666664	135.66667	131.66667	122.333336	104.666664	83.666664	68.0	51.333332	45.0	
10.0	9.333333	9.333333	11.666667	16.333334	25.333334	33.333332	37.333332	39.0	40.0	42.333332	44.666668	46.666668	50.333332	53.666668	55.333332	63.333332	82.0	92.333336	91.0	89.333336	95.0	115.333336	123.666664	119.666664	118.0	121.0	123.666664	130.66667	136.66667	130.0	114.666664	93.333336	81.0	60.666668	41.666668	
12.666667	11.666667	10.666667	14.666667	24.0	36.333332	45.666668	47.0	49.333332	52.0	54.0	58.333332	61.0	61.333332	62.333332	60.333332	73.666664	96.666664	101.333336	91.333336	95.333336	108.666664	127.666664	129.33333	129.0	129.0	123.0	126.333336	126.0	135.0	133.0	121.0	101.333336	91.666664	74.0	47.0	
12.666667	15.333333	17.666666	21.666666	34.333332	48.0	57.666668	60.666668	65.333336	70.666664	72.666664	73.333336	73.0	74.666664	73.666664	76.0	92.333336	110.666664	102.0	89.333336	101.666664	120.666664	134.66667	139.33333	141.0	141.33333	134.66667	139.0	139.33333	139.66667	135.66667	124.333336	109.333336	98.666664	82.333336	54.666668	
12.0	21.333334	23.333334	31.0	46.666668	59.0	66.666664	69.333336	77.0	85.333336	87.0	84.333336	83.666664	82.666664	84.666664	95.666664	108.0	113.333336	96.333336	97.666664	121.0	130.66667	138.33333	148.33333	147.0	145.0	144.66667	143.0	144.0	144.0	139.33333	130.66667	116.666664	102.666664	85.333336	56.333332	
16.666666	33.333332	40.0	48.333332	62.0	72.0	79.0	82.666664	89.0	97.333336	101.333336	99.666664	105.0	101.0	102.0	111.0	120.666664	120.333336	113.333336	125.0	144.0	149.33333	152.0	162.33333	162.66667	158.33333	153.66667	148.0	148.0	147.0	141.0	136.33333	126.666664	111.0	90.666664	60.666668	
18.333334	40.333332	57.333332	63.666668	71.0	80.333336	89.666664	96.333336	102.666664	109.333336	114.333336	119.0	129.33333	127.0	126.0	132.33333	144.66667	143.0	135.0	147.33333	161.0	159.0	159.33333	167.33333	172.33333	167.33333	161.0	154.66667	153.66667	148.66667	139.0	135.66667	132.33333	122.0	100.666664	68.0	
22.666666	47.333332	66.0	75.333336	83.666664	92.333336	100.0	108.666664	115.333336	120.0	124.666664	132.0	142.0	140.0	139.0	142.66667	152.33333	151.33333	145.66667	152.66667	166.33333	166.0	162.66667	166.33333	168.0	165.66667	166.0	160.33333	160.0	151.33333	140.0	134.33333	134.66667	130.66667	107.666664	71.0	
26.0	53.0	68.666664	79.0	92.666664	103.333336	110.333336	118.333336	123.333336	125.0	128.0	136.0	145.33333	147.0	141.0	139.66667	149.33333	143.0	143.33333	146.33333	156.66667	162.66667	163.33333	170.66667	173.33333	173.66667	175.0	172.0	169.33333	159.66667	148.66667	139.0	134.66667	128.33333	110.666664	77.666664	
27.0	55.0	69.666664	85.333336	104.666664	114.0	118.666664	124.0	124.0	122.333336	122.333336	129.0	138.33333	143.66667	134.66667	132.33333	136.66667	124.0	131.33333	138.33333	144.33333	154.66667	164.0	172.0	176.33333	174.0	166.66667	160.33333	157.66667	162.0	159.33333	148.33333	134.0	125.0	117.666664	91.333336	
26.0	55.666668	77.0	98.333336	120.0	122.666664	121.666664	128.0	128.33333	123.666664	117.0	118.0	123.666664	129.33333	122.0	123.0	133.66667	120.333336	122.333336	132.33333	132.33333	134.66667	141.0	140.33333	137.66667	132.0	119.0	108.666664	110.333336	126.0	145.33333	151.33333	141.0	129.0	123.0	101.333336	
26.333334	56.0	77.666664	87.333336	102.333336	103.0	98.333336	102.0	99.666664	95.666664	93.333336	100.0	110.0	113.666664	114.666664	115.0	126.0	115.333336	110.0	114.0	103.0	97.0	89.666664	79.333336	72.333336	72.0	73.333336	72.0	72.666664	79.0	100.666664	127.333336	138.66667	129.0	125.666664	112.333336	
28.333334	55.333332	66.0	59.666668	58.666668	57.0	54.333332	52.0	45.666668	46.666668	54.0	69.666664	86.0	96.0	103.0	104.333336	121.0	116.666664	94.666664	87.333336	71.333336	65.0	56.0	45.666668	40.333332	41.666668	47.0	47.333332	47.333332	52.0	64.666664	86.333336	109.666664	120.0	123.666664	120.0	
31.333334	51.666668	48.0	34.0	29.333334	30.0	33.0	31.333334	26.666666	32.0	39.666668	47.0	60.0	70.666664	81.666664	101.333336	123.666664	125.333336	96.0	71.0	54.333332	43.333332	37.0	34.333332	40.0	54.0	66.333336	65.666664	60.0	53.0	53.0	62.333332	77.666664	104.666664	121.666664	122.666664	
36.333332	48.666668	35.666668	28.666666	31.0	35.0	43.0	46.666668	43.0	42.0	43.0	42.666668	43.666668	51.333332	73.333336	113.333336	139.66667	145.66667	111.333336	65.333336	46.666668	39.333332	39.666668	42.333332	38.0	42.0	49.0	60.666668	67.333336	65.0	59.333332	54.666668	67.0	93.333336	118.666664	123.666664	
39.0	47.666668	34.666668	35.0	38.333332	39.666668	45.333332	50.0	53.666668	55.0	48.666668	45.666668	44.333332	43.333332	74.666664	130.0	163.33333	167.33333	124.666664	69.333336	47.0	43.666668	42.0	43.333332	31.0	21.333334	29.666666	55.0	58.333332	51.666668	53.0	64.0	72.333336	93.0	116.333336	123.0	
39.333332	51.333332	41.333332	41.0	34.666668	28.0	24.333334	20.666666	27.333334	49.333332	52.0	43.333332	47.666668	47.666668	83.333336	145.0	177.66667	179.33333	131.0	81.666664	64.666664	59.333332	56.333332	62.666668	56.666668	45.0	59.666668	85.666664	80.333336	67.666664	62.666668	68.0	84.666664	100.666664	121.0	126.666664	
39.666668	51.0	41.0	37.666668	29.333334	32.0	31.0	25.0	37.333332	72.0	77.666664	64.333336	64.0	57.333332	99.666664	159.33333	189.66667	182.0	137.33333	101.333336	89.333336	82.0	74.666664	79.0	84.666664	90.666664	96.666664	99.666664	95.0	94.333336	92.333336	93.666664	116.333336	127.0	135.66667	129.33333	
38.0	51.333332	42.0	35.333332	30.0	42.666668	52.333332	55.333332	68.0	85.333336	85.666664	87.333336	82.333336	69.333336	108.333336	169.66667	197.66667	175.0	139.33333	124.666664	109.0	97.0	81.666664	71.666664	76.333336	87.333336	97.333336	102.333336	101.666664	105.0	112.0	130.0	143.33333	145.33333	141.0	129.66667	
37.0	55.333332	51.333332	42.333332	37.333332	47.333332	60.333332	66.333336	68.333336	70.0	68.0	74.666664	78.333336	79.333336	120.333336	182.0	201.33333	169.0	142.66667	142.0	130.66667	121.0	110.333336	88.333336	71.0	69.666664	76.0	82.666664	88.666664	102.666664	124.333336	152.0	156.66667	147.33333	134.66667	128.66667	
35.333332	56.0	60.333332	58.666668	53.0	48.333332	52.333332	53.333332	55.0	60.666668	71.0	87.666664	87.0	93.333336	140.66667	192.66667	201.33333	169.66667	149.33333	149.33333	149.66667	141.0	141.0	129.0	104.0	91.0	93.0	99.0	108.0	125.333336	147.0	163.0	158.66667	146.33333	133.66667	125.0	
31.0	56.666668	63.333332	68.666664	72.0	66.333336	62.0	63.666668	66.666664	83.0	98.0	101.0	92.333336	114.0	158.66667	201.33333	204.66667	180.33333	163.0	157.33333	158.66667	155.33333	152.33333	155.33333	147.66667	133.33333	130.66667	136.33333	145.33333	154.0	155.33333	153.33333	149.33333	142.66667	134.33333	124.333336	
31.333334	59.333332	71.0	80.333336	90.333336	96.333336	93.0	96.0	99.333336	106.0	110.666664	103.333336	97.666664	136.66667	172.66667	204.33333	207.33333	185.33333	167.66667	154.33333	155.66667	153.0	162.33333	174.33333	165.66667	152.66667	144.0	144.0	146.66667	149.33333	144.0	136.33333	135.33333	132.66667	128.0	123.333336	
37.0	59.0	72.0	81.0	92.0	102.0	107.0	111.333336	109.333336	112.333336	113.666664	100.666664	106.333336	150.33333	180.33333	206.66667	215.0	191.66667	169.33333	158.33333	157.0	140.0	149.66667	173.66667	172.33333	160.33333	150.0	142.33333	135.33333	134.66667	134.66667	133.0	124.0	118.666664	120.0	121.666664	
53.333332	58.666668	66.333336	77.666664	86.333336	98.666664	111.0	120.666664	118.0	117.666664	114.666664	94.0	95.666664	135.33333	164.33333	185.33333	199.0	185.66667	170.33333	171.0	173.0	147.0	126.333336	144.33333	161.66667	159.33333	153.66667	149.66667	140.33333	131.33333	133.66667	136.33333	127.0	118.333336	121.666664	120.666664	
38.333332	55.0	62.666668	70.666664	84.333336	99.333336	107.666664	119.333336	123.666664	120.0	109.666664	85.333336	69.333336	91.333336	119.0	128.66667	142.33333	137.33333	132.0	142.33333	155.0	144.0	120.666664	120.333336	142.0	155.33333	157.66667	152.66667	144.66667	142.66667	149.0	145.0	136.0	125.666664	120.666664	114.333336	
34.0	56.0	61.0	69.666664	82.666664	99.333336	109.666664	119.666664	122.666664	115.666664	98.333336	75.0	50.666668	53.0	72.0	80.333336	83.666664	82.0	76.333336	84.666664	101.333336	111.666664	126.333336	120.666664	127.0	144.0	153.0	151.0	145.0	146.0	151.33333	148.0	137.33333	124.333336	115.333336	103.333336	
36.333332	54.0	61.333332	68.666664	80.333336	98.0	112.0	117.0	115.666664	107.0	93.333336	69.666664	40.0	32.666668	43.0	52.0	52.666668	45.666668	34.666668	39.0	60.333332	105.333336	141.66667	131.66667	122.333336	136.33333	144.66667	146.66667	144.0	140.0	142.33333	145.66667	136.66667	122.333336	109.666664	94.0	
33.0	53.0	60.333332	65.333336	74.666664	90.333336	103.0	105.333336	106.666664	104.333336	98.666664	71.333336	36.666668	24.666666	29.333334	40.333332	41.333332	44.333332	47.333332	51.333332	78.666664	130.33333	156.66667	146.33333	128.66667	125.666664	131.33333	137.0	138.0	138.33333	141.0	140.0	133.66667	121.666664	100.333336	92.666664	
21.666666	46.666668	57.666668	61.333332	70.333336	82.666664	92.666664	97.666664	103.333336	103.333336	98.666664	71.0	43.666668	34.333332	37.333332	47.666668	51.333332	63.666668	80.333336	95.0	124.666664	154.66667	163.0	162.33333	143.33333	124.666664	124.666664	129.0	128.66667	139.33333	145.0	128.33333	121.666664	118.333336	97.333336	102.333336	
22.333334	41.666668	55.0	58.333332	64.666664	74.333336	85.666664	90.333336	96.666664	100.666664	93.333336	71.666664	54.333332	49.333332	57.666668	70.0	72.333336	81.666664	104.333336	126.666664	144.0	160.0	163.0	160.0	148.33333	130.33333	118.0	121.333336	121.0	133.33333	134.33333	119.333336	113.333336	112.666664	102.666664	105.666664	
35.0	42.666668	49.0	52.333332	57.666668	68.666664	80.333336	86.666664	91.666664	93.0	88.666664	76.666664	62.666668	64.0	79.333336	89.666664	91.0	98.0	124.666664	146.0	148.33333	153.33333	156.0	152.0	146.66667	130.66667	111.666664	111.666664	114.333336	122.333336	122.666664	116.333336	112.333336	104.666664	105.666664	101.666664	
40.0	44.0	49.333332	50.0	53.0	64.0	74.0	82.666664	90.0	88.0	85.333336	84.666664	74.333336	79.333336	100.0	112.333336	113.666664	123.666664	147.66667	155.66667	140.66667	134.66667	140.66667	140.66667	141.66667	132.66667	115.666664	103.333336	105.0	110.666664	116.666664	110.0	108.0	102.666664	105.666664	94.333336	
35.0	33.666668	45.333332	49.0	50.666668	59.666668	67.0	75.666664	85.333336	81.0	76.0	81.0	80.333336	82.666664	94.0	112.333336	124.666664	129.0	134.0	130.66667	127.666664	128.33333	120.666664	117.333336	123.0	127.0	115.0	98.333336	100.333336	103.333336	109.666664	104.0	102.666664	103.666664	101.0	84.333336	
48.666668	40.333332	47.0	49.333332	49.0	54.333332	62.333332	68.333336	72.666664	66.0	64.666664	66.0	60.333332	54.0	54.666668	66.333336	77.333336	70.666664	61.333332	67.666664	87.333336	100.666664	100.666664	93.666664	94.0	101.666664	102.666664	96.666664	99.0	99.666664	103.333336	100.333336	99.666664	102.333336	94.333336	79.333336	
64.0	59.666668	55.666668	51.333332	47.666668	53.0	63.666668	59.666668	53.666668	46.0	43.333332	37.666668	30.666666	31.0	32.666668	32.666668	37.666668	35.0	34.0	33.0	36.333332	42.333332	55.333332	62.666668	64.0	71.0	84.333336	98.666664	107.0	105.666664	102.666664	98.0	102.333336	100.0	85.0	74.0	
73.666664	74.0	69.333336	56.333332	47.333332	55.0	63.0	53.666668	43.666668	36.0	28.0	19.0	18.0	22.666666	30.666666	31.333334	30.333334	33.333332	34.333332	34.0	32.666668	32.333332	39.333332	54.0	54.333332	54.0	67.666664	99.0	121.0	115.666664	102.0	95.0	100.333336	95.0	76.666664	69.0	
77.0	80.333336	79.333336	62.666668	49.0	57.0	64.0	61.0	61.333332	61.0	57.333332	53.333332	59.0	58.333332	57.666668	60.666668	62.333332	65.666664	79.333336	89.333336	93.0	92.333336	96.333336	107.0	100.333336	88.0	84.333336	105.0	125.333336	117.333336	101.0	93.666664	99.666664	89.0	68.0	69.666664	
78.666664	85.0	83.333336	70.333336	48.333332	51.333332	64.0	65.666664	72.0	74.333336	72.333336	75.666664	88.333336	99.0	102.0	103.666664	108.333336	114.333336	121.333336	116.333336	112.0	114.0	119.0	119.0	112.0	101.666664	89.333336	93.0	110.333336	112.0	100.0	92.333336	92.333336	76.666664	63.333332	81.333336	
80.333336	86.333336	86.666664	75.666664	52.333332	46.666668	53.666668	60.0	69.0	72.0	69.0	72.0	76.0	87.333336	100.0	108.333336	114.666664	114.333336	113.666664	109.666664	108.333336	108.666664	109.666664	110.666664	109.333336	103.0	93.666664	84.333336	92.666664	99.0	93.333336	85.666664	81.333336	68.0	68.333336	95.333336	
76.333336	87.0	89.333336	79.333336	57.0	44.333332	47.0	58.666668	65.0	64.666664	60.666668	63.333332	66.666664	73.666664	84.666664	93.333336	98.333336	94.666664	98.333336	100.666664	97.0	91.333336	93.0	100.666664	106.333336	105.666664	97.666664	81.666664	81.0	81.666664	82.333336	80.0	74.333336	68.666664	78.333336	122.333336	
73.333336	84.0	85.666664	78.333336	61.333332	44.333332	43.666668	56.666668	64.333336	62.0	53.333332	49.666668	49.333332	52.666668	55.333332	57.0	58.666668	58.666668	62.333332	67.666664	73.666664	81.333336	89.333336	95.0	102.0	107.666664	100.333336	81.666664	68.333336	67.333336	72.0	74.0	70.333336	73.666664	84.666664	151.66667	
68.666664	78.333336	80.333336	76.0	61.333332	46.0	43.333332	50.333332	62.333332	66.333336	58.0	51.0	49.333332	50.333332	51.666668	52.666668	55.666668	60.0	65.333336	71.333336	83.333336	94.666664	103.333336	102.666664	99.0	100.333336	95.333336	75.333336	58.333332	59.333332	61.333332	63.333332	66.333336	74.0	95.666664	182.0	
70.333336	76.0	72.0	64.666664	51.0	41.0	42.666668	43.333332	57.666668	70.333336	68.666664	63.333332	62.0	69.666664	78.666664	86.666664	98.0	107.666664	116.0	122.333336	127.0	128.33333	126.0	114.0	106.333336	100.666664	86.0	63.0	52.666668	56.0	52.666668	55.0	63.666668	74.333336	116.333336	205.0	
65.666664	63.0	52.333332	41.333332	30.333334	28.333334	38.666668	38.666668	50.0	68.666664	78.0	81.0	83.666664	91.333336	105.333336	121.666664	129.66667	139.0	152.66667	160.33333	157.0	152.0	139.66667	125.0	115.333336	98.0	73.0	53.0	47.666668	48.666668	46.0	51.333332	68.333336	85.333336	149.0	210.0	
45.666668	40.333332	35.0	26.666666	19.0	16.333334	33.333332	35.666668	41.666668	61.0	77.333336	86.666664	94.0	99.666664	110.333336	126.666664	134.0	132.33333	141.33333	148.33333	146.66667	140.66667	129.0	119.333336	104.0	80.0	57.666668	46.333332	42.666668	44.0	47.666668	60.0	72.333336	109.0	180.33333	210.0	
32.666668	28.0	24.333334	17.666666	14.333333	11.333333	32.666668	36.333332	34.0	48.333332	66.0	77.333336	89.0	95.0	99.0	108.0	116.0	114.333336	120.666664	126.333336	122.666664	118.333336	113.333336	105.0	81.333336	58.666668	49.0	44.666668	42.333332	44.666668	52.0	68.333336	86.333336	146.66667	198.33333	210.33333	
26.0	23.333334	20.666666	13.666667	10.666667	15.333333	42.0	41.0	32.333332	36.666668	49.666668	58.0	70.333336	77.0	79.666664	84.0	87.0	88.333336	91.0	93.666664	92.333336	91.333336	88.0	76.666664	55.666668	47.0	45.0	44.0	44.666668	50.0	61.666668	79.333336	123.666664	178.66667	204.0	205.33333	
22.666666	21.666666	16.333334	11.666667	6.6666665	19.333334	54.0	44.0	34.666668	31.0	37.333332	42.0	50.666668	57.0	61.333332	62.333332	61.333332	61.666668	64.0	68.333336	67.0	63.666668	59.0	51.666668	43.666668	44.0	44.333332	45.333332	49.0	58.333332	69.333336	109.333336	162.33333	191.33333	202.66667	193.0	
