79.666664	168.0	196.66667	221.66667	220.66667	211.33333	231.0	246.33333	250.66667	252.66667	253.0	252.66667	253.0	252.33333	251.33333	252.0	251.0	251.33333	250.33333	243.0	244.66667	250.33333	249.66667	248.66667	247.66667	248.33333	251.0	252.0	252.33333	252.33333	249.33333	238.0	207.66667	194.33333	217.33333	198.66667	
98.0	179.0	207.33333	225.66667	228.0	239.0	247.33333	249.33333	252.0	252.33333	252.33333	251.66667	251.33333	249.66667	248.0	250.33333	250.0	245.33333	244.0	247.33333	243.33333	248.0	251.0	250.33333	248.66667	249.33333	251.33333	252.33333	252.66667	252.66667	251.33333	248.0	237.66667	221.0	221.0	218.0	
116.666664	205.33333	226.0	238.0	247.0	250.66667	251.33333	252.0	252.33333	250.66667	248.66667	246.33333	244.0	241.66667	238.33333	239.33333	240.66667	243.33333	242.33333	244.0	245.33333	247.66667	248.66667	249.66667	250.0	249.33333	250.0	251.0	251.0	251.0	249.66667	251.33333	250.0	244.0	239.66667	224.33333	
140.0	221.33333	239.0	250.0	251.66667	251.33333	251.66667	250.66667	248.33333	243.66667	242.0	244.0	245.0	245.33333	245.33333	243.66667	241.33333	244.33333	245.66667	243.0	241.33333	242.66667	243.33333	243.66667	245.33333	244.33333	241.66667	240.0	240.66667	242.33333	245.33333	247.66667	251.0	252.0	250.0	242.0	
169.0	237.33333	250.0	252.0	253.66667	253.33333	250.0	248.33333	246.0	242.66667	245.0	249.33333	251.0	250.66667	250.0	248.0	246.66667	246.66667	245.66667	243.66667	242.33333	242.33333	243.0	243.0	246.66667	249.66667	247.66667	244.0	242.33333	242.0	242.33333	241.0	243.33333	249.66667	253.0	251.66667	
180.33333	246.0	251.0	251.66667	253.0	253.0	251.0	249.33333	251.0	250.33333	249.33333	247.66667	245.33333	242.66667	238.33333	235.66667	235.33333	232.33333	232.0	231.33333	231.33333	231.66667	231.33333	230.33333	231.0	231.66667	234.33333	240.0	243.66667	247.0	248.66667	248.0	246.0	248.0	251.0	251.66667	
172.66667	245.0	251.0	252.0	253.0	252.66667	250.0	245.33333	239.33333	231.0	225.0	223.0	225.0	229.0	231.33333	234.0	237.0	238.33333	239.33333	238.66667	239.33333	239.0	236.66667	233.33333	227.33333	220.66667	216.0	214.33333	210.33333	213.0	218.0	226.66667	237.33333	241.33333	243.66667	247.0	
190.33333	247.33333	251.33333	250.66667	249.33333	243.33333	228.66667	209.33333	205.66667	221.33333	233.66667	242.33333	247.66667	250.0	250.33333	251.0	252.33333	252.66667	252.66667	253.0	254.0	254.0	253.33333	253.0	252.0	250.66667	247.66667	245.66667	241.33333	236.33333	220.33333	203.66667	191.0	195.33333	207.66667	225.0	
210.33333	249.66667	245.66667	238.33333	216.66667	194.0	194.66667	218.33333	239.66667	248.66667	251.66667	252.66667	252.66667	252.33333	253.0	253.33333	252.66667	252.0	252.33333	252.0	252.66667	252.66667	253.0	254.0	254.0	253.66667	253.33333	252.33333	250.33333	249.66667	248.66667	244.66667	223.0	190.33333	172.0	185.0	
214.33333	246.0	238.33333	201.66667	179.0	204.33333	237.0	248.66667	251.0	251.66667	251.66667	252.0	252.66667	251.0	250.33333	249.0	243.33333	236.33333	230.0	229.33333	234.66667	242.66667	248.66667	251.33333	252.66667	254.0	253.66667	252.33333	252.0	251.0	250.66667	251.66667	248.33333	239.0	212.0	179.66667	
215.66667	238.66667	207.33333	189.66667	222.33333	246.33333	250.66667	250.66667	251.33333	252.33333	251.0	250.33333	248.33333	239.66667	221.33333	195.0	170.33333	150.33333	137.33333	135.0	143.33333	165.66667	194.66667	220.0	239.66667	247.66667	250.66667	252.66667	253.66667	252.0	253.33333	253.33333	252.33333	251.33333	247.66667	232.0	
213.66667	225.66667	209.66667	234.66667	249.0	252.66667	251.33333	251.33333	252.33333	252.0	249.66667	237.0	206.66667	167.66667	134.0	108.333336	97.666664	95.333336	94.666664	91.0	89.666664	94.0	104.0	128.66667	165.33333	203.33333	232.0	246.0	250.33333	251.0	252.0	253.66667	253.66667	254.0	252.0	248.0	
211.0	234.0	241.66667	249.0	252.66667	252.0	251.33333	251.66667	250.66667	243.33333	217.66667	159.66667	104.0	85.0	87.0	95.333336	99.0	103.0	101.333336	95.0	94.0	96.666664	96.666664	92.0	93.666664	105.333336	139.33333	194.66667	234.33333	247.33333	251.33333	252.66667	253.0	253.0	251.33333	249.66667	
208.0	245.66667	250.0	252.0	252.66667	252.0	251.33333	248.33333	233.66667	192.0	138.66667	104.666664	90.0	82.333336	80.333336	88.666664	100.0	109.0	108.333336	102.333336	102.666664	105.666664	97.666664	84.666664	75.333336	70.333336	79.0	114.0	165.66667	213.0	243.33333	252.0	253.0	252.66667	251.66667	252.0	
187.0	239.66667	249.0	253.0	252.66667	251.33333	245.66667	222.33333	169.66667	117.333336	95.0	100.0	108.0	111.333336	105.666664	105.666664	110.0	115.666664	116.0	113.0	111.0	110.666664	104.0	99.0	101.0	100.666664	106.666664	107.0	108.333336	132.0	190.66667	233.66667	249.33333	252.0	251.66667	252.0	
183.66667	195.66667	233.0	247.33333	246.33333	234.0	201.66667	154.33333	117.333336	101.333336	98.666664	97.666664	101.333336	106.333336	107.333336	112.0	117.666664	120.666664	121.333336	120.333336	118.0	116.666664	115.333336	114.333336	109.333336	107.0	106.0	104.333336	101.333336	102.0	125.333336	172.66667	217.0	241.33333	248.0	250.33333	
194.33333	150.66667	166.0	200.0	193.66667	169.0	140.66667	121.0	112.666664	105.666664	88.666664	77.0	76.666664	82.0	91.666664	100.666664	108.0	117.333336	123.333336	121.666664	120.0	116.666664	112.666664	106.333336	90.666664	80.666664	75.666664	80.666664	87.0	97.0	109.0	124.666664	152.0	190.33333	218.66667	230.66667	
179.66667	143.66667	142.0	165.33333	154.66667	140.33333	129.66667	120.0	99.666664	72.666664	52.0	44.0	44.333332	49.666668	60.0	84.333336	92.666664	104.333336	121.0	123.0	124.333336	116.333336	104.666664	88.333336	55.0	40.0	41.666668	55.0	58.666668	75.0	100.333336	118.666664	133.0	146.0	155.66667	166.66667	
177.66667	154.66667	156.66667	172.0	165.66667	146.66667	127.333336	110.333336	75.0	41.0	35.666668	27.333334	44.333332	81.666664	71.666664	63.333332	77.0	93.0	111.666664	120.0	125.333336	111.0	91.666664	61.0	32.0	32.333332	52.0	97.333336	74.333336	50.0	70.333336	106.0	130.66667	149.66667	151.66667	157.33333	
160.33333	165.0	166.33333	176.33333	174.66667	156.66667	140.66667	118.0	87.666664	56.0	44.666668	37.666668	59.333332	112.333336	97.0	59.666668	66.333336	92.333336	106.333336	115.333336	120.0	103.333336	79.0	47.0	30.666666	33.0	58.666668	95.666664	82.666664	77.0	104.333336	121.0	142.66667	157.33333	155.66667	157.0	
140.66667	149.0	168.66667	180.33333	179.66667	168.33333	156.0	131.33333	119.666664	104.0	84.0	63.333332	66.333336	76.666664	67.0	73.666664	86.333336	97.333336	100.333336	106.0	108.333336	99.666664	88.333336	74.333336	64.0	61.666668	70.333336	89.0	112.666664	122.666664	131.66667	142.0	155.66667	161.66667	161.0	161.0	
145.33333	140.33333	171.66667	180.33333	181.0	175.0	165.66667	144.33333	123.333336	120.333336	115.0	108.0	101.666664	99.666664	99.333336	104.666664	102.666664	99.0	99.333336	100.0	101.666664	103.666664	101.333336	104.666664	104.333336	104.333336	109.666664	117.0	122.666664	123.333336	132.66667	148.66667	157.0	161.0	164.0	167.0	
142.33333	142.0	178.0	183.33333	184.0	175.66667	166.33333	151.0	130.33333	116.333336	113.666664	112.666664	111.666664	115.0	116.666664	113.333336	109.0	105.333336	106.333336	101.666664	104.333336	118.0	112.666664	110.333336	112.666664	116.0	114.666664	117.666664	117.0	122.333336	136.0	153.66667	159.33333	159.0	165.33333	173.0	
128.66667	144.33333	184.0	188.66667	187.33333	174.66667	165.66667	153.66667	136.33333	123.0	116.0	112.333336	114.333336	120.333336	119.333336	120.333336	119.333336	118.0	114.333336	108.666664	115.0	130.0	127.333336	122.666664	117.666664	112.333336	111.666664	114.0	121.0	134.66667	147.0	159.0	159.66667	158.0	166.33333	174.66667	
148.0	139.0	181.66667	190.0	188.0	176.33333	166.0	154.0	139.0	133.33333	129.33333	123.666664	123.666664	125.333336	122.666664	127.333336	129.33333	124.666664	117.333336	115.666664	121.0	133.33333	136.66667	136.66667	126.0	119.666664	117.333336	120.0	132.0	144.0	152.33333	161.66667	160.0	159.33333	164.33333	167.33333	
173.33333	158.66667	184.0	191.66667	186.66667	180.0	173.0	158.0	140.33333	132.0	131.0	129.0	128.33333	126.333336	127.666664	133.33333	131.33333	131.0	124.666664	126.0	133.0	142.33333	143.33333	145.33333	135.66667	128.66667	127.333336	126.666664	138.0	148.33333	157.33333	163.33333	160.0	160.0	163.0	164.0	
155.0	143.33333	173.0	193.0	186.0	178.66667	174.0	159.66667	142.33333	131.33333	129.66667	130.33333	130.66667	128.0	130.0	131.33333	130.33333	144.0	143.0	149.0	154.33333	151.33333	142.33333	141.0	135.33333	131.66667	130.66667	128.33333	139.0	149.33333	156.66667	161.33333	160.0	158.66667	162.0	163.33333	
154.33333	150.33333	153.0	186.66667	184.0	176.0	171.66667	159.66667	143.66667	133.66667	132.0	134.33333	134.0	131.33333	130.33333	130.66667	142.66667	154.33333	153.66667	156.0	157.33333	155.0	147.0	138.66667	133.0	128.0	133.66667	135.0	140.33333	149.0	153.0	157.33333	158.33333	155.33333	162.66667	181.0	
151.66667	125.333336	121.666664	174.33333	177.33333	173.0	172.0	160.66667	146.0	137.0	136.33333	138.0	138.33333	138.0	137.0	142.33333	144.66667	137.66667	152.33333	152.66667	149.66667	146.33333	152.0	146.33333	139.0	132.66667	134.66667	138.33333	139.66667	147.33333	150.0	153.66667	154.66667	153.0	166.33333	197.0	
178.0	106.666664	93.333336	157.0	174.0	167.0	169.0	159.33333	147.66667	140.0	139.0	138.66667	139.33333	141.0	139.66667	140.33333	127.0	102.0	128.0	140.33333	130.66667	111.0	131.66667	145.0	145.0	139.66667	131.0	139.33333	142.0	149.33333	151.33333	154.66667	150.33333	151.66667	163.33333	183.33333	
146.0	100.0	90.0	144.0	174.66667	166.33333	164.33333	155.0	146.66667	142.0	140.66667	136.0	136.0	138.66667	138.0	139.66667	142.66667	139.0	132.0	127.333336	131.33333	139.0	146.0	144.33333	146.33333	141.66667	133.0	137.33333	142.33333	150.0	149.66667	149.33333	146.66667	149.33333	152.66667	171.66667	
115.0	85.333336	86.666664	139.66667	173.33333	166.33333	159.66667	152.33333	144.33333	142.0	140.33333	137.33333	138.66667	139.33333	141.0	146.33333	145.0	142.0	132.0	126.333336	133.66667	147.33333	156.0	152.66667	153.33333	146.33333	136.66667	134.66667	141.66667	148.0	148.66667	149.0	144.66667	147.0	141.66667	153.33333	
117.333336	101.333336	104.666664	145.33333	169.0	167.33333	160.33333	152.0	144.66667	142.66667	141.66667	141.0	142.66667	141.0	142.66667	147.33333	146.33333	143.33333	129.66667	122.333336	128.66667	139.66667	155.0	161.33333	157.0	149.33333	140.0	135.33333	141.66667	144.33333	145.66667	144.66667	142.33333	146.66667	129.0	135.66667	
123.0	131.33333	126.333336	144.0	170.66667	167.0	159.66667	153.66667	146.33333	143.66667	142.33333	143.0	144.66667	138.33333	137.66667	135.0	134.0	127.666664	119.666664	115.666664	120.0	122.666664	127.0	135.66667	146.33333	145.0	138.66667	138.66667	146.0	145.66667	145.33333	145.0	143.33333	141.33333	110.333336	118.666664	
126.666664	146.0	136.66667	144.0	168.33333	166.33333	160.0	156.0	148.33333	146.0	146.0	144.33333	135.0	113.0	101.0	87.666664	103.333336	121.0	137.33333	138.33333	148.0	145.66667	121.333336	93.333336	106.0	126.666664	136.0	142.33333	148.0	147.33333	145.66667	149.0	147.66667	131.0	96.0	103.333336	
119.666664	152.0	156.0	136.0	160.66667	167.33333	162.0	157.66667	152.33333	151.0	150.66667	145.33333	126.333336	90.333336	64.666664	41.666668	54.333332	80.0	103.0	104.666664	108.666664	104.666664	77.666664	52.333332	81.333336	121.666664	137.66667	146.0	148.66667	150.33333	147.33333	149.33333	147.33333	112.0	89.0	93.333336	
115.333336	137.33333	168.0	145.66667	148.33333	157.66667	165.33333	157.0	153.66667	151.0	149.66667	142.33333	131.33333	120.0	101.666664	79.666664	61.666668	68.0	74.666664	75.0	80.333336	82.666664	71.666664	82.333336	111.0	135.0	140.33333	145.33333	146.66667	148.33333	145.66667	148.33333	130.66667	93.333336	87.333336	89.666664	
116.0	134.33333	146.33333	162.33333	166.0	155.66667	175.66667	162.0	153.0	149.66667	146.33333	142.66667	144.0	146.0	134.33333	117.666664	106.0	106.666664	113.0	118.666664	119.0	109.666664	108.333336	119.0	131.33333	143.66667	145.0	145.33333	146.0	147.0	147.33333	140.33333	105.0	88.666664	88.666664	85.666664	
117.666664	127.666664	120.0	143.66667	164.66667	146.33333	181.33333	179.33333	154.33333	151.33333	148.0	144.0	147.33333	148.33333	148.0	143.66667	125.666664	114.333336	111.333336	109.666664	108.666664	115.0	122.333336	133.0	146.66667	148.66667	146.33333	145.0	146.33333	148.66667	146.0	114.666664	88.666664	89.0	88.666664	87.666664	
97.0	108.666664	124.333336	154.33333	166.33333	175.0	197.0	155.66667	164.66667	152.0	150.0	148.33333	147.33333	144.33333	143.66667	144.33333	138.66667	129.33333	116.333336	116.333336	120.666664	125.0	136.0	146.66667	148.33333	146.33333	145.0	146.0	148.33333	149.0	127.0	91.0	86.666664	90.0	92.333336	90.666664	
81.0	108.333336	155.33333	191.33333	223.66667	237.0	185.0	153.66667	163.66667	159.66667	149.0	149.33333	148.0	145.33333	142.33333	143.0	140.33333	137.66667	132.33333	127.333336	128.0	135.66667	143.0	146.33333	146.33333	145.66667	146.66667	149.66667	148.0	135.0	99.333336	85.0	86.666664	91.333336	92.0	92.0	
114.0	129.66667	191.66667	235.33333	248.0	238.0	176.33333	155.0	114.0	144.33333	152.66667	151.0	146.66667	146.33333	143.0	143.0	143.33333	140.0	133.33333	129.66667	134.0	140.0	145.0	149.33333	148.0	147.0	147.66667	147.33333	136.66667	110.0	91.666664	86.666664	86.333336	94.666664	92.0	96.333336	
182.0	197.66667	237.0	249.0	247.66667	227.33333	150.33333	112.666664	79.0	107.0	127.0	147.66667	149.33333	146.0	143.33333	144.33333	143.0	142.66667	146.33333	147.0	148.0	151.33333	153.0	151.33333	148.66667	146.33333	145.66667	137.0	112.333336	98.0	94.333336	87.666664	87.333336	92.666664	92.666664	97.0	
243.33333	249.0	251.0	247.33333	236.33333	210.33333	119.0	81.666664	63.666668	87.666664	100.666664	124.333336	147.66667	148.0	146.33333	142.0	137.66667	140.33333	145.66667	147.0	149.33333	148.66667	148.0	147.33333	147.33333	145.33333	135.66667	115.0	102.0	99.333336	95.666664	88.666664	88.0	92.0	91.333336	104.0	
248.66667	250.33333	245.66667	227.0	219.33333	202.66667	113.666664	66.666664	55.666668	76.333336	93.333336	97.333336	117.0	139.0	147.33333	145.0	139.66667	137.33333	138.0	138.0	140.66667	139.66667	141.0	144.66667	143.66667	131.66667	115.333336	106.333336	102.666664	100.666664	94.0	87.333336	88.333336	92.0	91.0	120.666664	
250.33333	245.33333	233.66667	206.33333	189.0	172.0	111.0	59.333332	51.333332	66.666664	84.666664	87.666664	96.666664	108.0	129.66667	144.66667	145.66667	144.66667	137.66667	134.66667	136.66667	138.66667	139.33333	135.66667	123.0	115.0	110.0	109.0	103.666664	98.666664	89.666664	85.666664	89.0	94.333336	94.666664	140.66667	
245.33333	239.0	231.33333	213.0	175.66667	154.33333	136.33333	66.0	49.333332	60.0	76.666664	79.333336	90.333336	94.666664	100.0	115.0	126.0	131.33333	131.33333	131.66667	132.66667	130.66667	121.333336	108.333336	102.666664	107.666664	109.666664	108.333336	104.333336	97.0	87.666664	85.0	90.333336	95.0	101.0	161.33333	
230.33333	216.66667	192.33333	171.33333	156.0	153.66667	154.66667	83.0	44.0	54.0	64.333336	72.333336	84.0	88.666664	93.666664	93.666664	97.333336	103.333336	106.0	107.333336	109.666664	109.0	104.0	97.0	96.666664	102.0	106.0	109.0	104.333336	96.666664	88.0	85.0	92.333336	95.0	109.666664	177.0	
215.66667	186.66667	167.33333	174.0	167.66667	156.33333	158.0	113.0	43.0	42.0	49.0	62.0	76.0	83.0	87.333336	91.666664	92.333336	92.666664	94.333336	95.333336	99.0	102.666664	102.666664	98.0	94.666664	96.333336	104.0	108.333336	104.666664	97.0	88.666664	86.666664	93.666664	93.0	124.666664	184.0	
