71.0	113.0	136.0	150.0	154.0	158.0	163.0	164.0	165.0	169.0	167.0	164.0	156.0	143.0	136.0	128.0	128.0	128.0	131.0	133.0	132.0	129.0	126.0	122.0	107.0	83.0	79.0	100.0	115.0	121.0	121.0	119.0	104.0	77.0	51.0	26.0	
90.0	122.0	134.0	144.0	152.0	157.0	161.0	162.0	163.0	168.0	170.0	169.0	164.0	154.0	143.0	133.0	130.0	129.0	127.0	129.0	132.0	132.0	129.0	123.0	114.0	115.0	120.0	124.0	121.0	117.0	115.0	119.0	116.0	103.0	74.0	42.0	
106.0	124.0	134.0	141.0	149.0	155.0	157.0	155.0	160.0	163.0	168.0	169.0	168.0	162.0	153.0	141.0	133.0	128.0	129.0	130.0	131.0	135.0	134.0	128.0	121.0	125.0	127.0	121.0	119.0	113.0	110.0	110.0	117.0	110.0	88.0	67.0	
117.0	124.0	130.0	132.0	138.0	143.0	147.0	151.0	156.0	159.0	163.0	163.0	163.0	161.0	154.0	144.0	137.0	134.0	131.0	131.0	136.0	136.0	134.0	129.0	124.0	127.0	125.0	117.0	115.0	110.0	108.0	106.0	110.0	106.0	94.0	86.0	
122.0	123.0	126.0	129.0	133.0	137.0	142.0	148.0	154.0	157.0	158.0	159.0	157.0	155.0	150.0	144.0	139.0	135.0	132.0	137.0	138.0	139.0	134.0	127.0	120.0	119.0	117.0	113.0	114.0	111.0	102.0	99.0	103.0	104.0	102.0	94.0	
120.0	122.0	121.0	125.0	130.0	131.0	136.0	140.0	145.0	152.0	152.0	155.0	154.0	151.0	147.0	143.0	142.0	138.0	137.0	136.0	137.0	138.0	130.0	122.0	113.0	109.0	104.0	102.0	104.0	105.0	100.0	95.0	99.0	103.0	106.0	99.0	
115.0	118.0	120.0	124.0	128.0	127.0	130.0	133.0	138.0	144.0	144.0	145.0	146.0	145.0	143.0	141.0	136.0	134.0	133.0	134.0	136.0	132.0	125.0	118.0	108.0	103.0	103.0	101.0	100.0	98.0	100.0	99.0	96.0	98.0	100.0	92.0	
113.0	116.0	116.0	121.0	126.0	125.0	129.0	132.0	132.0	131.0	136.0	142.0	141.0	137.0	136.0	136.0	131.0	130.0	125.0	127.0	126.0	122.0	118.0	109.0	105.0	106.0	108.0	104.0	98.0	94.0	97.0	98.0	93.0	95.0	95.0	86.0	
111.0	113.0	113.0	117.0	121.0	123.0	128.0	130.0	127.0	129.0	137.0	137.0	138.0	138.0	143.0	143.0	143.0	141.0	137.0	137.0	133.0	130.0	127.0	122.0	121.0	118.0	120.0	114.0	109.0	104.0	103.0	96.0	92.0	92.0	90.0	85.0	
114.0	115.0	115.0	118.0	122.0	122.0	123.0	123.0	123.0	129.0	131.0	126.0	125.0	125.0	126.0	127.0	128.0	131.0	134.0	135.0	134.0	136.0	134.0	129.0	119.0	116.0	118.0	116.0	112.0	113.0	109.0	100.0	97.0	96.0	93.0	88.0	
113.0	117.0	117.0	117.0	121.0	122.0	130.0	136.0	138.0	141.0	145.0	142.0	141.0	140.0	133.0	134.0	134.0	135.0	140.0	144.0	142.0	142.0	141.0	131.0	119.0	112.0	108.0	111.0	106.0	102.0	100.0	101.0	97.0	90.0	87.0	85.0	
110.0	117.0	123.0	125.0	128.0	128.0	131.0	138.0	146.0	152.0	151.0	153.0	155.0	156.0	154.0	150.0	150.0	152.0	157.0	156.0	149.0	143.0	131.0	122.0	112.0	108.0	108.0	114.0	111.0	109.0	106.0	110.0	100.0	91.0	88.0	84.0	
113.0	120.0	129.0	138.0	134.0	126.0	120.0	121.0	130.0	140.0	140.0	141.0	145.0	151.0	148.0	131.0	137.0	145.0	147.0	142.0	138.0	133.0	123.0	116.0	109.0	105.0	107.0	112.0	116.0	121.0	122.0	122.0	108.0	95.0	90.0	86.0	
116.0	122.0	128.0	141.0	146.0	145.0	138.0	127.0	119.0	129.0	138.0	144.0	147.0	146.0	142.0	125.0	132.0	136.0	133.0	134.0	135.0	130.0	119.0	106.0	105.0	117.0	123.0	129.0	131.0	127.0	128.0	126.0	113.0	95.0	87.0	86.0	
120.0	126.0	135.0	144.0	152.0	155.0	153.0	146.0	133.0	128.0	134.0	138.0	134.0	125.0	125.0	114.0	117.0	124.0	122.0	123.0	121.0	120.0	115.0	114.0	113.0	114.0	114.0	119.0	117.0	118.0	119.0	117.0	111.0	95.0	89.0	89.0	
126.0	129.0	135.0	136.0	132.0	128.0	127.0	127.0	128.0	128.0	129.0	124.0	119.0	105.0	108.0	98.0	102.0	114.0	105.0	105.0	107.0	107.0	101.0	94.0	88.0	87.0	87.0	89.0	88.0	89.0	91.0	94.0	106.0	101.0	93.0	91.0	
128.0	129.0	122.0	113.0	95.0	88.0	92.0	86.0	82.0	88.0	87.0	86.0	96.0	94.0	92.0	79.0	84.0	108.0	98.0	90.0	85.0	83.0	72.0	62.0	55.0	56.0	62.0	67.0	70.0	76.0	76.0	76.0	95.0	98.0	93.0	96.0	
123.0	126.0	116.0	90.0	73.0	73.0	73.0	67.0	52.0	40.0	34.0	40.0	53.0	61.0	76.0	73.0	72.0	81.0	80.0	65.0	56.0	48.0	36.0	28.0	29.0	35.0	35.0	39.0	45.0	54.0	64.0	69.0	83.0	94.0	96.0	94.0	
126.0	128.0	120.0	81.0	59.0	47.0	40.0	40.0	29.0	15.0	11.0	12.0	17.0	32.0	68.0	100.0	106.0	91.0	70.0	43.0	26.0	22.0	19.0	21.0	41.0	49.0	28.0	23.0	29.0	31.0	51.0	61.0	78.0	89.0	95.0	90.0	
128.0	132.0	121.0	88.0	70.0	78.0	83.0	78.0	62.0	49.0	33.0	21.0	20.0	25.0	67.0	127.0	142.0	126.0	90.0	45.0	30.0	29.0	30.0	40.0	64.0	76.0	72.0	77.0	81.0	75.0	66.0	75.0	84.0	87.0	91.0	96.0	
119.0	123.0	127.0	123.0	128.0	139.0	130.0	118.0	99.0	79.0	62.0	51.0	48.0	49.0	83.0	143.0	149.0	133.0	105.0	66.0	50.0	52.0	57.0	67.0	82.0	94.0	104.0	101.0	102.0	107.0	98.0	103.0	101.0	95.0	96.0	96.0	
120.0	125.0	136.0	143.0	147.0	141.0	125.0	103.0	87.0	79.0	74.0	78.0	88.0	90.0	117.0	155.0	153.0	133.0	114.0	89.0	71.0	74.0	79.0	82.0	83.0	81.0	85.0	93.0	103.0	110.0	112.0	111.0	106.0	99.0	96.0	97.0	
124.0	128.0	133.0	141.0	150.0	149.0	135.0	120.0	114.0	115.0	118.0	123.0	124.0	122.0	140.0	156.0	152.0	134.0	123.0	110.0	99.0	101.0	103.0	98.0	90.0	85.0	88.0	100.0	113.0	121.0	119.0	113.0	109.0	101.0	94.0	97.0	
121.0	124.0	130.0	137.0	146.0	152.0	152.0	150.0	145.0	144.0	146.0	144.0	137.0	134.0	144.0	158.0	155.0	139.0	126.0	121.0	120.0	114.0	115.0	120.0	121.0	118.0	122.0	132.0	130.0	127.0	121.0	115.0	108.0	94.0	87.0	90.0	
111.0	116.0	128.0	137.0	141.0	140.0	142.0	145.0	142.0	144.0	142.0	135.0	138.0	143.0	150.0	161.0	161.0	145.0	133.0	127.0	121.0	111.0	112.0	123.0	136.0	140.0	138.0	137.0	132.0	128.0	120.0	112.0	103.0	90.0	84.0	87.0	
111.0	108.0	123.0	134.0	138.0	141.0	141.0	145.0	144.0	138.0	129.0	120.0	130.0	147.0	162.0	167.0	166.0	151.0	140.0	129.0	116.0	101.0	99.0	120.0	134.0	146.0	147.0	143.0	135.0	126.0	113.0	102.0	92.0	87.0	86.0	87.0	
110.0	108.0	120.0	129.0	135.0	137.0	138.0	140.0	134.0	122.0	107.0	119.0	139.0	146.0	162.0	169.0	162.0	148.0	136.0	122.0	107.0	108.0	95.0	103.0	127.0	141.0	143.0	141.0	135.0	122.0	108.0	96.0	88.0	84.0	85.0	88.0	
115.0	103.0	112.0	122.0	128.0	129.0	133.0	132.0	121.0	99.0	86.0	137.0	155.0	148.0	160.0	169.0	161.0	145.0	130.0	123.0	125.0	129.0	104.0	77.0	98.0	124.0	134.0	133.0	127.0	117.0	104.0	91.0	86.0	84.0	88.0	89.0	
124.0	100.0	102.0	112.0	121.0	123.0	125.0	119.0	101.0	88.0	98.0	144.0	158.0	158.0	164.0	169.0	159.0	145.0	132.0	134.0	138.0	129.0	99.0	78.0	86.0	99.0	116.0	119.0	113.0	103.0	96.0	89.0	87.0	86.0	90.0	88.0	
124.0	100.0	94.0	101.0	111.0	115.0	116.0	110.0	94.0	106.0	126.0	133.0	144.0	148.0	151.0	154.0	146.0	131.0	123.0	125.0	123.0	111.0	91.0	98.0	105.0	87.0	99.0	103.0	100.0	96.0	96.0	91.0	90.0	86.0	87.0	90.0	
142.0	115.0	94.0	91.0	97.0	101.0	106.0	98.0	93.0	125.0	143.0	118.0	99.0	108.0	125.0	122.0	116.0	108.0	104.0	97.0	91.0	83.0	83.0	104.0	116.0	101.0	90.0	90.0	93.0	94.0	99.0	98.0	91.0	85.0	88.0	89.0	
151.0	127.0	96.0	87.0	88.0	92.0	92.0	86.0	106.0	141.0	149.0	126.0	70.0	53.0	78.0	85.0	85.0	87.0	62.0	45.0	40.0	50.0	77.0	101.0	120.0	113.0	99.0	91.0	87.0	95.0	99.0	91.0	87.0	87.0	88.0	89.0	
154.0	136.0	102.0	96.0	92.0	86.0	88.0	98.0	127.0	143.0	146.0	138.0	107.0	70.0	51.0	53.0	55.0	46.0	31.0	38.0	49.0	65.0	86.0	104.0	119.0	115.0	101.0	92.0	84.0	94.0	95.0	86.0	88.0	90.0	89.0	89.0	
149.0	136.0	104.0	101.0	97.0	89.0	98.0	107.0	131.0	140.0	141.0	138.0	128.0	107.0	76.0	49.0	39.0	41.0	48.0	60.0	72.0	79.0	91.0	102.0	108.0	114.0	102.0	91.0	89.0	91.0	93.0	87.0	90.0	91.0	88.0	92.0	
140.0	135.0	112.0	101.0	102.0	101.0	107.0	103.0	121.0	122.0	120.0	130.0	132.0	122.0	110.0	84.0	70.0	71.0	74.0	73.0	76.0	82.0	85.0	89.0	91.0	97.0	97.0	88.0	98.0	94.0	90.0	86.0	91.0	90.0	91.0	92.0	
128.0	128.0	114.0	102.0	106.0	112.0	110.0	101.0	99.0	92.0	96.0	108.0	116.0	115.0	107.0	89.0	79.0	77.0	76.0	76.0	79.0	80.0	77.0	74.0	65.0	69.0	82.0	85.0	99.0	97.0	90.0	87.0	93.0	96.0	96.0	92.0	
117.0	120.0	112.0	102.0	108.0	116.0	114.0	106.0	78.0	56.0	56.0	65.0	65.0	63.0	59.0	60.0	59.0	58.0	55.0	53.0	57.0	61.0	59.0	52.0	40.0	51.0	71.0	89.0	101.0	98.0	91.0	88.0	93.0	100.0	100.0	86.0	
105.0	104.0	102.0	103.0	110.0	118.0	114.0	103.0	82.0	75.0	81.0	78.0	69.0	69.0	74.0	73.0	70.0	69.0	68.0	67.0	67.0	69.0	72.0	69.0	61.0	64.0	73.0	93.0	101.0	101.0	95.0	93.0	98.0	102.0	96.0	76.0	
100.0	98.0	92.0	97.0	105.0	111.0	106.0	95.0	93.0	95.0	95.0	91.0	87.0	78.0	70.0	56.0	50.0	50.0	56.0	65.0	68.0	71.0	74.0	80.0	82.0	81.0	78.0	88.0	98.0	102.0	97.0	96.0	102.0	99.0	82.0	69.0	
122.0	119.0	112.0	111.0	107.0	98.0	95.0	95.0	98.0	93.0	76.0	73.0	80.0	75.0	64.0	48.0	45.0	46.0	56.0	66.0	70.0	70.0	70.0	74.0	78.0	78.0	76.0	81.0	93.0	97.0	93.0	100.0	106.0	90.0	67.0	62.0	
167.0	164.0	160.0	156.0	143.0	104.0	88.0	102.0	108.0	103.0	97.0	91.0	83.0	77.0	70.0	56.0	49.0	48.0	57.0	64.0	71.0	77.0	79.0	80.0	79.0	78.0	78.0	79.0	88.0	90.0	94.0	104.0	93.0	70.0	58.0	63.0	
197.0	195.0	196.0	194.0	187.0	148.0	102.0	101.0	113.0	121.0	131.0	126.0	113.0	110.0	111.0	113.0	113.0	106.0	98.0	92.0	91.0	90.0	92.0	95.0	90.0	83.0	82.0	84.0	84.0	84.0	97.0	96.0	69.0	56.0	54.0	65.0	
213.0	211.0	212.0	211.0	208.0	203.0	153.0	106.0	110.0	118.0	130.0	134.0	136.0	139.0	140.0	142.0	141.0	140.0	134.0	124.0	119.0	111.0	107.0	101.0	93.0	85.0	86.0	89.0	84.0	88.0	94.0	67.0	52.0	48.0	52.0	68.0	
219.0	220.0	220.0	219.0	218.0	219.0	205.0	129.0	103.0	110.0	124.0	131.0	137.0	140.0	141.0	139.0	138.0	136.0	132.0	127.0	123.0	115.0	107.0	97.0	90.0	81.0	84.0	89.0	87.0	85.0	67.0	48.0	49.0	47.0	55.0	67.0	
218.0	220.0	221.0	218.0	219.0	220.0	217.0	148.0	99.0	102.0	113.0	122.0	127.0	126.0	124.0	123.0	123.0	122.0	116.0	111.0	109.0	102.0	97.0	92.0	83.0	82.0	89.0	87.0	76.0	63.0	50.0	46.0	48.0	50.0	58.0	65.0	
214.0	214.0	213.0	213.0	212.0	214.0	220.0	176.0	99.0	95.0	99.0	105.0	109.0	108.0	108.0	104.0	101.0	99.0	92.0	85.0	84.0	83.0	84.0	81.0	84.0	87.0	88.0	73.0	59.0	47.0	42.0	46.0	47.0	50.0	55.0	61.0	
193.0	192.0	196.0	199.0	198.0	204.0	231.0	202.0	111.0	100.0	96.0	85.0	81.0	82.0	87.0	83.0	77.0	77.0	76.0	74.0	73.0	72.0	75.0	83.0	87.0	82.0	69.0	52.0	41.0	36.0	40.0	44.0	45.0	50.0	52.0	63.0	
155.0	155.0	160.0	164.0	171.0	206.0	229.0	183.0	116.0	95.0	95.0	87.0	76.0	71.0	73.0	77.0	77.0	77.0	76.0	73.0	70.0	70.0	75.0	80.0	76.0	63.0	45.0	34.0	31.0	36.0	41.0	43.0	44.0	47.0	59.0	119.0	
122.0	121.0	124.0	128.0	165.0	223.0	210.0	150.0	106.0	94.0	89.0	82.0	81.0	80.0	81.0	79.0	78.0	78.0	78.0	76.0	75.0	76.0	77.0	67.0	53.0	36.0	29.0	31.0	36.0	38.0	41.0	41.0	41.0	65.0	133.0	195.0	
