16.0	17.666666	15.0	13.666667	26.0	40.666668	55.0	82.666664	109.0	124.333336	142.33333	145.0	146.66667	147.0	141.66667	133.0	125.0	121.333336	119.666664	113.0	107.0	103.333336	99.333336	90.666664	85.666664	86.666664	83.333336	77.0	74.333336	75.0	74.666664	74.333336	74.666664	72.333336	71.666664	60.0	
13.333333	12.0	9.666667	19.0	42.666668	63.333332	82.0	111.666664	131.66667	143.0	154.0	151.66667	150.33333	149.33333	142.33333	134.66667	127.0	120.0	116.666664	109.333336	106.0	103.333336	100.0	92.666664	89.0	87.333336	83.666664	80.0	76.333336	74.0	73.666664	72.333336	71.0	69.666664	72.666664	64.0	
12.333333	9.333333	10.666667	38.333332	75.0	101.666664	121.666664	142.0	151.0	154.33333	160.0	158.33333	156.66667	154.33333	145.0	134.0	125.333336	119.666664	115.333336	107.333336	104.333336	104.666664	101.333336	95.333336	91.666664	85.666664	82.333336	81.333336	78.333336	75.333336	72.333336	67.666664	65.333336	68.333336	73.666664	66.0	
17.666666	16.333334	17.666666	60.666668	102.666664	126.0	142.66667	149.33333	150.33333	157.66667	164.66667	166.0	162.66667	159.66667	147.0	132.33333	124.0	120.0	112.666664	106.333336	104.333336	103.666664	101.666664	95.333336	91.0	87.0	82.333336	80.333336	76.333336	72.0	67.666664	62.333332	61.0	64.666664	72.333336	64.666664	
19.333334	15.666667	25.666666	81.333336	124.666664	136.33333	147.0	148.33333	149.66667	159.0	167.33333	171.0	166.66667	159.33333	144.0	129.66667	125.333336	117.666664	110.0	104.666664	103.666664	103.666664	103.666664	98.0	92.666664	90.333336	85.333336	79.666664	73.666664	68.666664	63.333332	60.0	58.333332	59.0	66.0	62.666668	
18.0	15.0	36.333332	99.333336	134.33333	142.0	148.66667	149.33333	149.0	159.0	167.66667	170.66667	165.66667	157.0	142.0	130.0	125.666664	116.666664	108.333336	101.666664	101.333336	104.333336	106.0	100.666664	92.666664	90.0	85.333336	79.333336	75.333336	70.666664	64.0	60.0	56.333332	56.333332	61.333332	58.666668	
20.333334	20.333334	47.666668	104.333336	132.0	144.0	152.66667	152.66667	153.66667	163.33333	168.66667	167.66667	163.0	155.33333	142.33333	131.0	124.666664	117.333336	110.0	100.0	98.333336	103.0	107.333336	103.333336	94.333336	89.0	84.666664	80.333336	76.666664	72.0	64.666664	58.333332	56.333332	56.666668	58.666668	54.666668	
27.0	29.0	56.0	101.0	130.0	145.33333	149.66667	148.33333	154.66667	164.66667	168.33333	167.0	165.66667	157.33333	143.33333	131.0	124.333336	118.0	111.666664	101.666664	97.333336	103.333336	111.0	108.666664	96.666664	90.666664	88.666664	84.333336	79.0	71.333336	65.0	60.333332	56.666668	55.0	55.333332	53.333332	
31.333334	37.666668	67.0	104.666664	132.33333	146.0	149.66667	150.33333	155.66667	164.33333	168.0	168.0	166.33333	158.0	146.66667	132.66667	124.0	118.666664	112.0	103.666664	97.333336	104.333336	112.0	110.0	98.333336	90.333336	90.666664	87.333336	81.333336	73.666664	69.666664	64.666664	57.666668	53.333332	52.666668	53.666668	
30.666666	40.666668	66.666664	104.666664	133.33333	146.66667	153.66667	157.33333	159.66667	164.0	168.66667	169.33333	165.0	158.33333	149.33333	133.66667	122.666664	118.333336	112.666664	104.0	97.333336	102.666664	110.666664	110.666664	98.333336	90.333336	91.666664	87.333336	80.666664	74.666664	70.333336	65.333336	57.333332	52.666668	52.0	53.0	
26.0	36.333332	64.333336	102.0	133.0	147.0	153.66667	157.33333	158.0	161.0	168.33333	170.0	166.0	161.33333	151.33333	135.0	123.333336	118.333336	111.333336	103.333336	99.0	99.333336	105.666664	107.666664	98.666664	88.666664	86.0	81.0	73.0	68.666664	66.0	61.0	54.0	50.666668	52.333332	52.0	
22.0	33.666668	63.666668	98.666664	132.0	147.33333	153.66667	156.33333	155.33333	157.33333	164.0	165.66667	164.0	160.33333	148.66667	134.33333	125.666664	118.666664	110.333336	102.666664	99.0	96.333336	99.0	103.0	94.666664	82.666664	77.333336	72.333336	66.333336	62.666668	59.666668	55.0	52.333332	51.666668	54.333332	52.333332	
23.333334	41.0	70.666664	100.666664	131.66667	146.33333	153.66667	157.0	156.33333	155.0	157.33333	155.33333	155.0	152.66667	141.33333	132.0	126.333336	118.333336	111.0	102.0	97.333336	93.333336	93.333336	92.666664	83.333336	72.666664	67.666664	63.0	57.666668	54.0	49.0	44.666668	46.666668	51.666668	59.0	57.0	
26.666666	43.333332	77.333336	114.666664	141.33333	148.33333	150.33333	151.33333	147.66667	144.66667	140.0	140.0	142.0	137.66667	131.66667	126.333336	122.0	115.0	107.333336	98.0	94.333336	91.333336	87.0	84.0	74.0	65.666664	62.666668	59.666668	52.0	45.333332	39.333332	35.666668	40.666668	46.333332	59.0	60.0	
35.333332	48.0	91.0	133.66667	150.0	145.33333	124.0	112.333336	105.333336	106.0	101.0	100.666664	106.0	103.333336	103.333336	105.333336	109.0	105.333336	97.0	92.0	93.333336	87.333336	80.0	80.333336	74.666664	63.0	54.333332	48.0	38.333332	29.333334	23.0	23.0	27.333334	32.666668	44.0	54.666668	
40.666668	56.0	104.666664	144.33333	148.66667	134.33333	87.666664	61.666668	52.333332	52.333332	49.0	40.666668	47.333332	48.333332	51.0	60.666668	80.0	85.0	81.0	81.0	87.333336	81.0	69.333336	70.333336	65.333336	52.666668	38.333332	29.0	21.333334	15.666667	12.666667	13.666667	15.0	16.333334	23.0	34.666668	
39.333332	62.666668	116.333336	149.66667	148.0	130.0	90.666664	74.333336	63.333332	50.666668	47.666668	41.666668	38.666668	37.333332	38.333332	44.0	60.333332	71.0	74.333336	78.0	85.333336	78.0	58.666668	54.666668	50.333332	39.0	27.333334	22.0	23.666666	26.666666	26.333334	25.333334	19.666666	14.666667	17.0	28.666666	
42.0	71.666664	128.0	151.0	147.33333	122.333336	97.666664	96.0	93.0	81.0	74.666664	65.666664	56.0	49.0	54.333332	58.666668	71.0	80.0	85.666664	92.333336	98.0	84.0	58.333332	45.333332	33.333332	22.333334	15.666667	17.666666	25.333334	33.0	38.666668	42.333332	34.333332	25.0	23.333334	34.0	
49.666668	86.333336	133.66667	151.0	146.33333	122.333336	104.666664	103.333336	96.0	84.0	70.333336	52.666668	30.0	27.666666	43.333332	50.0	64.333336	82.0	100.666664	122.333336	124.666664	97.666664	62.666668	37.666668	17.0	9.0	8.333333	12.333333	12.0	13.0	21.333334	29.666666	33.0	34.0	34.666668	40.666668	
50.0	89.333336	130.33333	148.33333	148.0	133.66667	119.666664	107.0	82.666664	66.333336	62.0	54.0	34.0	32.333332	47.333332	44.0	50.333332	76.666664	108.0	136.66667	141.33333	111.0	71.666664	38.0	13.666667	7.6666665	10.333333	18.0	19.666666	17.666666	18.0	19.666666	21.0	30.666666	40.666668	47.333332	
52.666668	83.333336	121.0	150.33333	153.66667	150.0	136.66667	115.333336	93.0	95.333336	96.666664	82.0	62.666668	54.666668	59.0	55.333332	60.666668	90.333336	117.0	137.33333	143.66667	124.0	86.0	43.0	17.666666	13.0	14.666667	27.666666	36.333332	37.333332	31.666666	30.666666	28.333334	26.333334	37.333332	51.333332	
95.333336	109.0	133.33333	152.33333	154.33333	158.33333	153.66667	138.33333	127.0	131.66667	134.66667	117.0	96.333336	84.333336	76.666664	65.666664	70.0	100.666664	125.666664	134.33333	139.66667	127.333336	93.0	47.333332	23.666666	19.666666	15.666667	24.666666	38.0	45.0	43.0	41.666668	41.333332	39.0	50.666668	61.333332	
135.33333	151.0	149.0	155.33333	159.0	164.33333	164.0	155.0	145.66667	135.66667	132.0	115.0	97.0	88.666664	85.666664	81.666664	96.333336	121.666664	134.0	137.66667	142.0	126.0	92.666664	52.0	32.666668	30.333334	24.333334	24.666666	31.333334	37.333332	40.666668	43.666668	49.333332	52.666668	58.333332	61.333332	
140.0	161.0	148.0	152.0	160.66667	165.66667	168.0	163.33333	156.0	146.66667	130.66667	108.0	93.666664	96.333336	105.333336	112.333336	125.333336	136.0	140.33333	146.33333	147.66667	131.66667	93.666664	56.333332	40.333332	37.0	37.333332	40.333332	45.333332	49.666668	54.333332	59.0	61.333332	59.333332	56.0	61.333332	
145.33333	163.33333	149.66667	150.0	161.33333	165.33333	166.66667	165.66667	163.66667	158.0	141.33333	119.666664	111.0	113.0	114.333336	121.333336	131.0	137.33333	145.0	149.66667	149.0	137.0	93.666664	58.666668	45.333332	40.666668	42.666668	48.333332	56.0	61.333332	64.666664	66.0	65.333336	61.333332	53.333332	57.666668	
154.66667	158.0	148.33333	150.66667	160.33333	162.0	163.66667	165.66667	168.0	166.33333	150.66667	129.33333	118.666664	117.666664	117.0	126.0	136.66667	142.66667	147.0	148.33333	150.33333	139.66667	99.0	65.0	50.0	45.333332	46.0	50.666668	59.0	66.0	70.0	70.0	69.0	66.333336	56.666668	56.0	
174.0	165.66667	151.33333	149.0	153.0	155.33333	160.0	165.0	168.66667	169.0	160.66667	139.66667	124.0	121.333336	124.0	135.33333	148.66667	152.33333	152.0	149.66667	151.33333	144.66667	104.666664	71.666664	55.666668	44.666668	39.0	45.333332	57.666668	67.0	71.333336	69.666664	64.666664	62.0	55.666668	56.666668	
180.0	172.0	155.0	150.0	148.66667	151.66667	154.66667	159.33333	166.33333	169.33333	164.33333	148.0	130.33333	122.0	120.333336	130.0	144.66667	147.33333	149.33333	152.0	152.66667	143.66667	108.0	78.0	58.666668	43.333332	33.333332	34.666668	51.0	65.333336	68.666664	65.0	58.0	56.0	56.333332	56.666668	
172.33333	168.66667	155.33333	148.0	143.0	148.33333	153.66667	157.33333	166.0	169.33333	160.66667	141.66667	124.333336	110.0	105.333336	121.0	137.66667	137.0	142.0	148.66667	148.66667	132.66667	103.333336	76.333336	60.333332	53.333332	42.333332	34.333332	44.333332	58.666668	65.0	64.333336	59.0	55.666668	55.333332	56.0	
164.33333	168.0	157.66667	148.66667	144.66667	147.66667	156.33333	160.33333	164.66667	163.33333	151.33333	133.66667	109.0	92.333336	97.333336	122.0	142.66667	149.33333	148.0	147.66667	148.0	123.666664	97.666664	75.0	58.333332	56.0	46.0	34.0	36.666668	49.666668	61.0	64.0	57.0	51.666668	54.0	59.333332	
153.33333	165.0	157.66667	146.33333	145.66667	148.0	156.66667	155.0	155.66667	155.33333	138.66667	115.0	88.333336	90.0	115.0	130.66667	144.0	153.66667	150.66667	148.33333	147.0	117.333336	92.666664	73.0	53.333332	50.333332	41.333332	34.666668	33.0	40.333332	53.666668	60.0	53.666668	48.0	51.666668	58.333332	
143.0	135.66667	132.0	144.33333	146.33333	149.66667	156.0	153.66667	153.0	145.33333	118.666664	87.666664	80.0	106.333336	126.666664	131.66667	136.0	133.0	128.33333	134.33333	130.66667	100.666664	84.666664	69.666664	45.0	36.666668	32.333332	30.0	28.666666	30.333334	44.666668	56.333332	52.0	46.666668	48.333332	50.666668	
144.66667	135.66667	126.0	142.66667	146.0	146.33333	153.0	155.66667	151.0	131.33333	97.666664	78.333336	91.0	112.666664	121.333336	127.0	125.333336	121.666664	116.333336	116.666664	108.666664	83.666664	68.666664	54.0	32.0	27.0	27.666666	27.0	27.333334	29.0	40.666668	52.333332	54.0	48.666668	45.666668	46.666668	
155.0	141.66667	137.66667	147.66667	148.66667	147.0	147.66667	153.0	145.0	121.333336	95.0	92.333336	108.0	116.333336	116.0	120.0	117.0	117.0	114.666664	103.0	86.666664	68.666664	50.0	37.0	27.666666	29.0	29.666666	30.0	32.0	36.333332	42.0	50.333332	58.333332	52.0	46.0	45.666668	
145.0	118.0	124.666664	143.33333	145.33333	148.66667	148.0	151.66667	141.33333	111.666664	97.666664	104.0	113.666664	116.666664	117.333336	120.666664	117.0	112.0	108.666664	92.666664	69.666664	57.666668	50.333332	44.0	36.666668	32.0	31.333334	32.666668	36.333332	40.333332	42.333332	50.666668	60.333332	54.0	46.0	41.0	
148.33333	128.66667	130.0	141.33333	144.66667	149.66667	150.0	147.66667	133.0	109.333336	103.666664	102.0	111.0	127.666664	131.0	126.666664	123.333336	116.666664	111.333336	96.333336	75.333336	63.333332	58.333332	54.333332	43.0	36.333332	33.0	29.0	33.0	40.0	49.0	57.333332	59.0	50.333332	43.666668	34.333332	
151.0	129.66667	125.0	136.33333	144.0	149.33333	149.0	146.33333	128.33333	110.333336	100.0	88.333336	92.666664	109.333336	117.333336	116.666664	115.666664	111.666664	105.666664	94.0	80.0	69.0	57.333332	50.666668	40.666668	33.666668	27.333334	23.0	30.0	41.666668	55.0	62.333332	56.666668	45.0	40.0	28.0	
141.33333	115.0	115.333336	135.66667	144.66667	148.66667	148.66667	145.33333	127.666664	105.666664	88.666664	75.0	90.666664	105.0	107.0	104.0	98.333336	97.0	91.333336	83.666664	74.0	64.0	49.666668	42.333332	34.333332	28.0	28.0	33.666668	42.333332	48.333332	60.0	62.666668	52.666668	41.0	31.666666	15.666667	
146.33333	127.666664	130.0	142.0	144.33333	146.66667	147.66667	142.33333	130.66667	108.333336	92.333336	86.0	111.333336	127.666664	128.33333	124.333336	120.333336	117.333336	98.666664	78.333336	63.333332	54.0	48.666668	45.666668	38.333332	30.333334	32.333332	42.333332	48.0	50.0	59.333332	55.666668	45.0	37.666668	23.666666	10.333333	
157.33333	151.0	150.0	146.66667	144.0	146.0	146.33333	142.0	133.33333	114.333336	103.0	102.333336	124.333336	138.33333	140.33333	134.0	130.66667	134.66667	119.666664	97.666664	79.666664	67.0	62.666668	54.666668	43.333332	34.0	37.333332	45.666668	48.333332	49.333332	54.0	46.0	39.666668	33.333332	19.333334	12.666667	
159.0	158.33333	150.0	142.33333	145.0	145.66667	142.0	137.0	130.33333	121.0	116.333336	119.0	129.33333	141.33333	141.33333	136.0	132.33333	129.33333	120.0	108.0	92.333336	74.666664	63.666668	54.333332	43.666668	35.333332	39.333332	47.666668	49.0	46.0	43.333332	37.0	33.666668	25.333334	18.0	16.0	
161.33333	156.33333	143.0	141.0	148.33333	147.0	139.0	132.33333	130.0	126.666664	124.333336	131.66667	138.66667	139.33333	136.66667	131.33333	128.33333	120.333336	109.666664	93.666664	78.0	66.666664	56.0	48.666668	42.333332	37.0	42.0	51.333332	51.666668	43.0	36.0	32.0	25.333334	18.333334	17.666666	17.333334	
161.66667	152.0	143.33333	144.33333	144.33333	150.0	143.66667	133.33333	129.0	128.66667	128.0	132.33333	136.66667	134.33333	129.33333	120.0	116.333336	112.0	100.666664	86.333336	72.666664	63.0	55.0	49.0	45.0	42.666668	47.333332	52.333332	47.666668	38.333332	30.0	23.333334	17.666666	15.333333	18.666666	21.333334	
159.33333	147.33333	142.0	146.0	143.66667	149.66667	148.33333	136.66667	126.333336	128.66667	131.33333	131.0	136.33333	135.33333	128.0	117.333336	110.666664	106.0	98.666664	87.666664	74.0	65.0	56.666668	51.666668	51.0	52.666668	55.666668	51.666668	42.0	32.333332	28.0	20.666666	19.333334	19.666666	27.0	32.666668	
150.0	135.0	142.0	143.66667	141.0	144.0	145.66667	139.0	128.66667	126.0	131.33333	133.33333	135.66667	136.0	131.0	122.333336	111.0	103.0	99.333336	90.0	76.666664	66.333336	57.333332	54.333332	59.0	65.0	63.0	48.666668	38.0	32.333332	34.333332	42.0	45.333332	50.666668	48.0	48.666668	
137.66667	132.66667	146.66667	140.33333	139.66667	142.0	144.0	145.33333	141.0	129.0	124.666664	132.0	134.66667	139.0	138.0	130.0	116.333336	108.0	107.666664	100.333336	87.666664	78.0	66.0	60.0	64.0	67.0	59.333332	42.0	32.0	30.0	37.333332	44.0	40.0	49.0	53.333332	55.666668	
127.0	117.0	140.33333	139.66667	144.0	143.0	142.33333	144.0	140.33333	131.33333	122.666664	128.66667	134.33333	138.66667	139.66667	132.66667	117.666664	111.0	109.666664	100.666664	90.333336	83.333336	71.666664	62.666668	61.333332	58.666668	48.333332	35.666668	30.0	27.666666	40.0	37.333332	33.0	37.666668	40.333332	38.666668	
110.333336	101.333336	149.33333	140.0	145.0	142.66667	139.0	140.66667	136.33333	131.66667	125.666664	123.0	126.0	132.66667	134.0	130.66667	121.666664	113.666664	102.0	87.333336	81.333336	78.0	70.333336	61.333332	55.666668	50.0	40.666668	31.333334	30.666666	32.333332	46.333332	34.0	33.0	31.666666	32.0	35.666668	
83.333336	96.333336	165.33333	149.33333	144.33333	142.66667	138.0	138.0	134.0	131.33333	127.666664	123.333336	119.666664	121.666664	122.0	121.333336	117.0	108.666664	95.0	81.333336	77.333336	72.333336	63.333332	52.666668	43.0	39.0	34.0	30.666666	31.0	37.0	53.0	36.333332	31.666666	35.666668	33.333332	30.666666	
