20.0	20.0	21.0	22.0	39.0	82.333336	117.0	130.33333	143.0	151.66667	154.0	146.33333	136.33333	130.66667	127.0	123.666664	121.666664	119.333336	115.0	112.666664	109.333336	107.333336	101.0	93.333336	87.333336	88.666664	88.0	87.666664	94.666664	103.333336	106.0	100.0	82.0	53.0	29.666666	22.333334	
21.0	19.666666	21.666666	26.0	43.666668	86.333336	115.666664	130.33333	144.33333	149.0	150.0	144.33333	135.66667	129.33333	126.333336	123.333336	120.666664	116.666664	112.666664	108.666664	109.0	111.666664	105.666664	96.666664	89.666664	89.333336	90.0	93.666664	105.0	114.666664	113.333336	99.333336	79.333336	49.0	25.333334	22.333334	
23.666666	21.333334	22.0	29.0	54.333332	93.0	114.0	125.666664	140.0	145.66667	151.33333	149.33333	138.33333	130.33333	126.333336	123.333336	120.0	116.0	112.666664	109.0	109.666664	112.333336	108.666664	101.0	96.333336	91.666664	93.333336	100.666664	107.333336	108.666664	99.333336	84.666664	71.0	50.666668	29.0	23.0	
23.666666	22.333334	23.333334	30.666666	60.666668	97.0	110.333336	119.333336	134.0	142.0	149.0	147.66667	139.66667	132.66667	127.0	123.666664	121.0	118.666664	116.666664	114.333336	112.0	111.333336	110.0	104.666664	101.0	94.666664	95.666664	102.333336	105.0	97.0	83.666664	74.333336	67.666664	52.0	30.0	22.0	
22.333334	23.666666	23.666666	29.666666	58.666668	94.0	102.666664	110.0	127.666664	134.33333	139.33333	138.33333	135.0	134.0	129.66667	127.333336	126.666664	124.666664	122.333336	121.333336	118.333336	115.666664	113.666664	106.666664	101.666664	97.666664	95.333336	95.0	94.0	85.666664	76.666664	71.0	66.0	48.666668	30.0	24.666666	
20.333334	21.666666	22.0	32.0	63.0	89.333336	96.0	108.666664	125.0	129.66667	134.33333	133.66667	132.33333	135.0	133.33333	130.66667	129.66667	128.0	127.0	125.0	124.0	120.666664	112.666664	106.666664	103.0	97.666664	92.0	85.666664	81.333336	75.666664	73.0	69.666664	65.0	47.333332	31.0	25.333334	
22.666666	24.666666	26.0	37.666668	68.0	92.333336	99.666664	113.0	122.666664	124.333336	128.33333	129.33333	129.66667	133.33333	130.33333	126.666664	127.333336	129.0	127.0	125.0	124.0	121.0	114.666664	109.0	105.666664	97.333336	92.0	85.333336	79.666664	74.666664	72.0	68.0	63.333332	49.666668	31.333334	22.0	
24.0	24.666666	24.666666	36.666668	72.0	100.666664	107.666664	117.333336	124.333336	126.333336	129.33333	131.0	131.33333	133.0	133.0	129.66667	127.666664	128.0	125.666664	124.0	122.0	116.333336	110.0	107.666664	101.666664	93.333336	89.333336	83.666664	79.666664	73.0	68.666664	67.666664	63.666668	52.0	32.0	20.666666	
22.666666	20.666666	25.333334	45.666668	82.0	104.0	109.0	119.0	128.66667	133.0	132.66667	134.0	133.0	132.33333	132.0	131.0	131.33333	128.33333	127.0	126.0	125.333336	121.0	114.666664	108.333336	98.666664	88.333336	82.666664	80.0	77.333336	72.333336	68.333336	69.0	62.0	49.0	32.0	22.666666	
20.333334	19.333334	29.666666	58.0	88.0	102.333336	108.666664	121.333336	137.66667	144.33333	142.33333	140.33333	138.33333	135.66667	132.66667	131.0	131.0	127.666664	127.666664	129.66667	131.0	129.66667	121.333336	112.666664	105.0	94.333336	86.0	83.666664	81.333336	75.333336	70.666664	69.0	61.0	48.0	34.0	24.666666	
20.0	21.333334	33.333332	68.0	94.666664	107.666664	117.666664	132.33333	151.0	159.0	154.0	149.0	146.66667	141.66667	136.0	130.66667	126.0	125.0	125.333336	129.66667	134.33333	135.33333	128.0	121.0	118.0	104.0	95.0	93.666664	88.666664	81.666664	73.666664	67.333336	60.666668	51.0	40.0	29.666666	
20.666666	21.666666	34.333332	75.0	104.666664	114.0	113.666664	121.666664	136.33333	146.66667	144.66667	144.66667	145.66667	139.0	133.33333	128.66667	125.666664	124.0	122.666664	124.333336	126.666664	130.0	134.0	132.33333	127.666664	117.666664	110.0	108.333336	102.333336	93.0	83.333336	70.666664	60.333332	55.333332	47.0	34.666668	
18.0	19.333334	41.0	90.0	112.0	103.0	85.333336	80.333336	85.666664	91.0	94.333336	101.0	112.0	118.333336	119.333336	123.333336	124.333336	122.333336	124.666664	125.333336	121.0	120.0	122.333336	116.0	110.0	105.333336	101.333336	97.0	93.666664	86.0	77.333336	70.333336	61.666668	55.666668	48.666668	38.0	
20.0	23.0	53.0	93.666664	102.0	91.666664	79.333336	62.0	49.0	41.0	41.333332	45.666668	59.333332	86.0	104.333336	114.0	116.333336	112.333336	113.333336	116.0	113.333336	108.333336	95.0	72.0	61.333332	55.0	54.333332	51.666668	53.333332	54.333332	58.666668	66.0	64.666664	56.333332	48.666668	37.0	
21.333334	27.333334	56.666668	80.666664	82.333336	78.666664	81.333336	80.333336	77.666664	61.0	51.666668	51.666668	58.333332	74.333336	92.333336	105.333336	111.0	105.666664	104.333336	104.0	105.333336	99.666664	79.333336	55.666668	43.333332	36.666668	38.666668	38.666668	42.0	47.666668	51.0	54.666668	57.333332	57.333332	47.666668	36.0	
22.0	32.666668	65.333336	77.666664	80.0	84.0	85.666664	83.666664	86.333336	76.666664	67.333336	66.0	68.333336	69.0	75.333336	92.333336	101.0	97.333336	96.666664	95.666664	92.333336	85.0	72.666664	67.0	64.0	70.0	78.666664	85.0	83.666664	74.333336	61.333332	52.0	50.666668	57.666668	52.0	39.666668	
24.0	36.666668	70.0	80.0	76.666664	63.0	56.333332	61.666668	61.0	41.333332	36.666668	43.0	53.333332	61.0	65.0	74.333336	85.0	90.666664	92.0	85.333336	73.0	65.333336	64.0	67.666664	71.333336	78.0	83.0	84.0	83.666664	78.333336	70.0	63.0	55.0	54.666668	50.0	40.666668	
23.0	44.333332	78.666664	76.666664	57.0	39.666668	59.0	102.333336	90.333336	40.666668	33.333332	43.666668	53.0	55.0	66.0	71.333336	87.0	100.333336	97.333336	80.666664	63.0	61.0	63.0	58.333332	58.666668	70.0	62.0	48.0	44.0	48.333332	55.0	61.333332	61.0	56.0	52.666668	44.333332	
27.666666	54.333332	87.666664	84.333336	68.333336	66.666664	92.0	131.0	105.0	40.333332	34.0	74.0	86.333336	64.333336	70.0	84.333336	109.333336	126.666664	114.666664	84.333336	66.333336	64.0	59.666668	53.333332	88.666664	125.333336	77.666664	41.0	29.666666	33.666668	38.0	48.666668	61.0	61.333332	58.666668	49.0	
33.333332	62.666668	99.666664	107.0	102.0	113.666664	112.666664	117.666664	116.0	83.666664	74.666664	94.333336	91.666664	83.666664	84.333336	105.333336	133.33333	148.0	128.0	91.333336	75.333336	70.0	67.0	73.333336	111.333336	148.33333	95.666664	38.666668	40.0	58.0	47.333332	42.666668	53.333332	59.333332	63.0	53.333332	
40.333332	67.333336	107.333336	122.0	119.666664	129.33333	126.0	103.666664	94.666664	89.0	89.333336	95.666664	95.0	98.333336	102.666664	124.333336	150.33333	154.0	130.66667	97.0	80.333336	73.333336	82.666664	86.0	98.333336	133.66667	124.666664	81.333336	78.333336	78.333336	60.333332	52.333332	54.333332	62.666668	67.0	59.333332	
53.0	73.666664	112.666664	130.0	130.33333	132.66667	139.66667	125.666664	111.333336	104.333336	104.0	108.666664	114.666664	122.333336	126.0	144.0	165.33333	157.66667	135.66667	105.0	84.333336	78.666664	84.666664	88.333336	90.0	94.666664	90.666664	84.333336	76.666664	71.666664	71.333336	70.333336	70.333336	74.666664	75.333336	68.333336	
83.666664	79.0	112.0	134.66667	140.0	133.0	129.66667	123.666664	115.0	111.666664	123.666664	137.33333	145.66667	148.66667	148.33333	163.33333	178.33333	163.0	139.66667	110.666664	92.666664	89.0	99.0	99.0	91.666664	90.0	83.333336	82.333336	78.666664	81.333336	81.0	77.333336	78.0	79.666664	79.333336	77.666664	
112.0	90.666664	111.333336	130.33333	140.66667	137.33333	128.33333	120.666664	120.666664	131.66667	148.66667	158.0	154.0	150.0	153.66667	170.33333	182.0	164.33333	140.0	111.0	96.333336	97.333336	109.0	115.333336	108.666664	99.0	93.333336	94.666664	94.333336	92.666664	89.0	86.0	83.333336	82.0	82.0	83.666664	
125.0	101.0	107.0	122.666664	136.66667	137.66667	131.66667	138.0	151.0	164.33333	164.0	159.0	147.33333	142.0	148.66667	169.0	185.33333	166.66667	139.66667	109.333336	94.666664	98.0	116.333336	127.666664	121.0	108.333336	102.333336	104.333336	103.0	99.333336	97.0	92.666664	87.666664	84.666664	85.333336	85.666664	
120.666664	102.666664	98.333336	116.0	127.333336	133.33333	140.0	153.66667	167.33333	169.66667	162.0	153.66667	139.0	134.0	144.33333	168.33333	183.66667	165.0	138.66667	108.666664	90.333336	92.0	114.333336	128.66667	125.666664	115.333336	105.666664	105.0	104.333336	99.666664	97.333336	94.0	88.333336	85.0	87.666664	85.333336	
136.66667	110.666664	89.333336	106.0	123.0	138.66667	153.33333	166.0	169.33333	164.66667	155.0	141.0	131.0	134.33333	148.33333	172.0	178.33333	157.33333	131.66667	107.666664	91.666664	86.333336	103.0	125.666664	134.0	125.0	109.333336	102.333336	102.333336	99.333336	94.666664	89.333336	85.333336	86.666664	89.333336	82.333336	
124.333336	82.333336	78.333336	100.333336	119.666664	138.33333	152.33333	164.0	165.0	152.66667	139.33333	133.66667	142.66667	150.0	161.0	178.0	174.0	153.0	129.33333	109.666664	100.666664	95.0	101.0	114.333336	129.0	128.33333	116.666664	107.0	100.333336	97.0	90.666664	84.666664	82.333336	83.666664	87.333336	76.666664	
133.66667	84.333336	73.333336	96.666664	113.0	130.0	141.33333	148.66667	147.66667	136.66667	127.333336	143.66667	176.0	178.0	174.66667	180.33333	175.33333	163.33333	137.66667	116.666664	115.333336	114.333336	107.666664	102.666664	113.0	122.666664	121.333336	109.333336	98.333336	93.0	85.333336	79.666664	79.0	82.0	81.0	71.0	
144.0	100.666664	65.333336	87.0	106.333336	119.666664	131.66667	135.33333	129.33333	125.333336	124.666664	125.666664	127.333336	149.66667	156.33333	160.66667	159.0	156.66667	135.0	116.333336	115.666664	116.666664	112.0	100.666664	100.333336	109.666664	115.666664	108.333336	97.333336	89.0	81.0	75.333336	73.666664	73.333336	72.0	69.333336	
140.33333	89.333336	52.666668	72.666664	98.666664	111.0	121.666664	125.0	121.0	121.0	132.66667	113.333336	75.666664	79.333336	100.666664	122.0	126.0	124.666664	109.666664	88.333336	79.333336	77.0	81.333336	96.333336	102.0	101.333336	109.0	106.0	93.333336	84.0	79.333336	76.666664	75.666664	70.666664	64.333336	74.666664	
139.33333	95.0	65.666664	68.666664	93.333336	108.333336	117.333336	119.0	111.333336	122.666664	151.66667	147.66667	121.333336	92.666664	78.0	89.0	95.333336	91.0	69.0	45.333332	41.0	45.333332	58.333332	86.0	97.333336	90.666664	98.666664	100.666664	89.333336	81.333336	80.0	81.0	77.666664	71.0	67.666664	81.333336	
157.33333	136.0	111.0	77.666664	84.0	103.0	111.333336	108.333336	105.333336	131.0	159.66667	164.66667	157.33333	124.666664	98.0	80.0	64.0	54.0	43.333332	48.666668	59.333332	63.0	79.0	94.666664	95.0	84.0	87.0	94.666664	86.666664	80.0	80.333336	81.333336	78.0	71.666664	71.333336	72.0	
173.33333	168.0	146.66667	93.333336	76.0	93.0	103.333336	97.333336	104.0	132.33333	141.66667	140.0	129.33333	101.666664	93.0	83.0	75.333336	69.666664	55.0	60.666668	67.333336	68.333336	80.333336	93.333336	97.333336	86.666664	78.666664	90.0	85.333336	79.333336	82.666664	84.0	77.666664	70.333336	68.0	68.333336	
169.66667	165.33333	160.0	118.666664	81.0	90.666664	95.333336	89.333336	98.666664	109.666664	102.333336	102.0	104.0	98.666664	81.666664	70.0	74.333336	74.0	51.666668	48.333332	53.333332	56.333332	62.0	76.333336	86.333336	84.666664	69.666664	80.666664	83.0	81.666664	84.333336	80.666664	71.666664	63.333332	62.666668	72.333336	
170.66667	167.0	165.33333	131.33333	83.666664	90.333336	93.333336	83.666664	89.666664	87.333336	88.666664	112.0	126.0	129.66667	115.333336	83.0	67.666664	74.333336	69.333336	57.333332	59.333332	64.333336	56.666668	54.333332	59.0	68.333336	63.666668	71.0	83.333336	84.333336	82.333336	76.0	68.333336	55.0	60.666668	81.666664	
172.66667	170.33333	169.33333	151.66667	101.666664	85.0	91.333336	80.666664	71.333336	76.0	97.666664	115.333336	111.333336	102.333336	92.0	90.333336	88.666664	89.333336	83.0	73.0	75.333336	81.666664	73.333336	56.333332	49.0	51.0	55.333332	66.333336	84.666664	84.333336	77.0	75.666664	73.333336	58.666668	65.0	84.666664	
173.33333	172.0	171.0	167.33333	122.666664	81.0	85.0	78.0	58.333332	65.666664	75.666664	71.666664	69.333336	68.0	66.0	67.333336	74.0	70.333336	61.666668	63.0	65.0	65.333336	67.333336	66.333336	60.666668	45.666668	45.0	62.0	81.333336	77.333336	69.0	72.0	71.333336	64.0	72.333336	90.0	
172.0	172.0	173.33333	173.66667	125.666664	74.0	72.333336	65.333336	47.0	53.0	66.666664	81.0	89.0	94.333336	92.666664	86.333336	79.333336	74.0	71.666664	74.0	67.0	55.0	47.666668	50.333332	55.333332	44.333332	41.0	59.0	78.333336	71.666664	66.666664	69.0	63.0	67.333336	73.0	88.333336	
173.33333	173.0	173.33333	174.0	132.66667	78.0	69.0	61.333332	45.0	58.666668	82.666664	105.333336	108.333336	117.0	129.0	127.0	112.666664	112.333336	110.666664	100.333336	81.666664	70.0	62.666668	58.0	55.333332	43.0	39.333332	56.0	69.666664	66.0	60.0	55.333332	52.333332	63.0	71.333336	83.0	
176.66667	176.33333	174.33333	174.33333	151.0	97.666664	69.0	60.333332	54.0	78.0	88.333336	93.333336	100.0	105.666664	113.666664	125.0	128.66667	123.333336	114.0	94.0	75.666664	70.666664	71.666664	73.333336	67.333336	47.333332	38.333332	51.333332	60.333332	56.666668	49.0	46.333332	47.0	54.0	65.333336	83.0	
177.0	178.0	175.33333	173.33333	167.66667	131.33333	78.666664	54.0	61.666668	79.333336	89.0	86.0	83.666664	88.333336	95.666664	96.333336	102.0	96.0	86.0	76.666664	73.333336	70.0	72.666664	78.666664	74.0	55.0	45.333332	51.666668	47.333332	43.0	46.0	41.333332	42.333332	52.0	66.333336	88.666664	
176.33333	178.66667	174.66667	172.33333	172.0	151.66667	95.0	52.333332	55.666668	70.0	78.0	79.0	73.333336	64.666664	62.333332	57.666668	56.666668	54.0	56.333332	53.333332	59.0	68.0	76.0	76.666664	65.333336	49.666668	43.0	45.0	38.666668	38.0	44.666668	39.0	38.666668	52.333332	71.666664	92.0	
175.0	178.33333	173.66667	172.66667	172.66667	161.0	95.666664	41.0	41.333332	54.333332	63.666668	69.333336	71.0	63.0	51.333332	40.333332	34.666668	35.0	40.0	44.666668	58.333332	69.333336	74.0	68.666664	58.333332	42.333332	38.0	37.333332	35.333332	35.333332	35.0	35.333332	41.666668	59.666668	80.666664	92.333336	
176.0	178.66667	176.0	173.66667	174.33333	167.66667	104.666664	40.666668	36.333332	47.666668	55.333332	70.666664	80.333336	74.333336	65.0	53.666668	41.333332	43.333332	51.0	57.666668	67.333336	73.0	70.666664	61.333332	49.333332	36.666668	32.333332	33.666668	32.333332	29.666666	28.333334	33.333332	50.0	68.333336	77.666664	88.666664	
179.33333	182.0	180.33333	176.0	176.0	176.0	143.0	65.333336	34.666668	40.333332	50.0	75.333336	102.333336	111.333336	107.666664	100.333336	89.0	89.333336	95.333336	92.0	85.0	83.666664	75.0	55.333332	37.666668	29.666666	27.666666	31.0	27.333334	23.666666	27.0	41.333332	63.333332	75.0	76.0	90.0	
184.33333	183.0	181.33333	177.33333	176.33333	177.0	171.0	114.333336	47.0	36.666668	49.333332	70.0	95.0	113.333336	117.666664	111.0	103.0	99.666664	98.0	100.0	96.0	82.0	63.666668	42.0	28.333334	27.333334	31.333334	31.666666	22.666666	21.333334	33.333332	55.0	71.0	75.333336	79.666664	89.666664	
187.66667	183.66667	180.66667	178.0	176.66667	178.0	180.66667	158.66667	78.0	38.666668	44.666668	52.333332	64.0	76.333336	80.666664	79.0	73.666664	68.666664	66.666664	68.666664	64.666664	54.333332	41.666668	30.0	24.333334	25.0	28.666666	27.0	22.0	30.666666	47.0	65.333336	75.0	83.666664	86.333336	87.0	
185.0	181.33333	178.33333	179.66667	178.0	177.66667	182.66667	175.33333	130.0	66.0	40.666668	36.666668	40.666668	46.0	45.0	49.0	46.333332	47.0	51.0	46.0	38.0	35.0	31.666666	28.333334	24.0	22.333334	22.666666	23.0	25.0	43.0	61.666668	74.0	84.0	95.0	89.333336	86.666664	
