29.333334	37.0	43.333332	82.666664	129.0	144.33333	146.33333	151.0	158.33333	156.0	154.66667	156.33333	159.33333	161.66667	161.66667	162.0	161.33333	164.0	167.66667	167.66667	166.33333	165.0	163.33333	156.66667	144.33333	140.33333	137.33333	133.66667	133.0	121.666664	109.333336	99.0	89.0	81.0	70.666664	45.666668	
42.0	48.666668	58.0	99.333336	137.66667	148.33333	149.33333	155.33333	164.66667	165.33333	164.0	164.0	165.0	167.66667	170.33333	171.33333	174.0	172.33333	171.33333	172.0	169.0	165.66667	163.66667	158.0	144.66667	141.66667	140.0	137.0	138.33333	128.33333	114.0	104.666664	95.333336	86.666664	73.666664	52.333332	
55.666668	59.666668	74.0	112.333336	145.33333	157.0	155.33333	154.66667	160.66667	166.33333	167.33333	163.0	162.66667	163.0	163.66667	167.33333	171.66667	173.0	173.66667	175.0	172.66667	168.0	162.0	157.66667	151.0	146.33333	141.0	141.66667	143.0	131.33333	118.333336	106.333336	94.666664	92.666664	79.333336	61.333332	
69.333336	68.0	79.333336	116.333336	149.0	161.66667	161.33333	159.0	160.0	165.0	167.0	162.66667	162.0	163.33333	162.33333	164.0	162.0	159.33333	160.66667	161.33333	161.0	162.33333	156.33333	152.0	145.66667	143.0	141.66667	142.66667	143.66667	138.66667	126.333336	109.333336	95.0	94.666664	83.333336	69.666664	
77.333336	72.333336	81.0	120.0	151.0	164.66667	164.66667	162.0	162.0	162.33333	163.0	162.0	161.0	163.0	161.0	163.66667	168.0	170.33333	171.66667	171.0	168.0	167.0	162.66667	158.33333	148.66667	145.0	145.0	143.33333	142.66667	140.0	128.66667	112.333336	98.666664	95.333336	84.666664	69.666664	
80.0	78.666664	75.0	117.333336	150.66667	165.33333	168.33333	167.0	166.0	164.66667	162.0	158.66667	155.33333	152.0	148.33333	149.0	150.66667	152.0	157.33333	158.0	155.0	150.66667	146.0	145.0	142.0	142.66667	145.0	146.33333	146.66667	142.33333	131.0	113.666664	100.333336	96.0	86.333336	65.333336	
81.333336	76.666664	73.666664	118.666664	152.0	163.33333	170.33333	172.0	170.66667	166.66667	162.66667	160.33333	161.66667	158.66667	154.66667	149.66667	148.33333	148.66667	151.0	148.0	146.66667	149.0	148.33333	148.0	145.33333	144.66667	146.66667	148.66667	147.0	144.66667	135.0	115.0	101.666664	101.666664	94.0	69.0	
82.333336	70.0	78.666664	121.666664	147.66667	159.0	169.66667	174.66667	172.66667	168.66667	167.0	165.66667	164.0	162.0	162.0	159.66667	157.66667	157.33333	161.33333	160.66667	158.33333	159.0	158.33333	158.0	156.0	154.0	152.66667	150.66667	145.66667	142.0	134.0	113.666664	102.0	105.333336	96.333336	76.666664	
75.0	67.333336	83.333336	120.333336	143.66667	155.66667	167.33333	173.0	172.0	173.66667	175.33333	177.66667	175.66667	170.0	171.0	169.33333	165.33333	163.33333	165.33333	165.0	166.0	170.33333	169.0	168.66667	163.66667	157.33333	153.33333	149.66667	145.33333	139.66667	128.0	112.0	102.666664	105.0	96.666664	81.666664	
64.333336	64.0	81.0	117.666664	143.33333	156.66667	166.0	169.33333	171.0	174.66667	177.66667	179.0	177.33333	175.66667	179.66667	178.0	170.66667	166.33333	166.0	171.66667	177.66667	184.66667	180.33333	176.0	167.0	157.0	150.33333	143.66667	136.33333	137.66667	121.666664	109.666664	102.0	103.333336	97.666664	85.666664	
54.333332	53.333332	79.0	118.0	144.0	158.0	167.0	165.66667	165.33333	167.66667	169.33333	166.66667	164.33333	172.66667	181.33333	182.33333	176.33333	172.66667	176.33333	184.33333	182.66667	183.0	172.33333	158.0	145.33333	138.66667	135.33333	135.33333	127.666664	124.333336	118.0	107.0	98.0	102.666664	98.0	84.666664	
45.666668	44.666668	78.666664	118.666664	143.66667	159.0	164.33333	153.0	149.33333	147.0	137.33333	132.66667	139.66667	156.0	171.0	181.0	180.66667	176.33333	175.33333	180.0	176.33333	175.0	163.66667	146.33333	130.33333	121.0	121.666664	134.66667	132.0	122.0	115.333336	106.333336	95.333336	102.0	98.666664	76.0	
40.333332	40.0	76.333336	117.333336	144.0	161.0	155.66667	143.0	141.0	139.66667	133.0	134.33333	142.66667	156.66667	164.0	173.0	174.0	172.33333	170.66667	171.33333	172.33333	168.33333	159.33333	150.33333	142.0	139.0	145.0	156.33333	149.66667	131.0	116.0	104.666664	96.666664	100.666664	98.333336	73.0	
35.333332	38.0	71.333336	118.333336	147.0	154.66667	142.0	142.0	151.33333	160.0	159.0	157.66667	157.66667	161.33333	161.33333	163.33333	161.33333	166.0	165.33333	158.0	158.66667	156.66667	150.33333	149.0	153.0	163.0	167.66667	169.33333	162.33333	144.0	123.666664	103.333336	94.666664	95.666664	95.0	76.0	
41.333332	32.666668	65.666664	126.333336	149.0	140.33333	141.33333	152.0	162.33333	172.0	167.0	159.0	155.0	157.66667	154.66667	155.66667	158.0	163.0	156.33333	143.33333	142.66667	141.33333	139.33333	138.0	141.66667	155.33333	161.33333	161.66667	154.0	146.0	134.33333	111.666664	95.0	95.666664	93.333336	83.0	
50.333332	38.333332	79.333336	142.0	149.0	138.0	144.33333	153.66667	147.66667	132.0	126.333336	136.33333	143.66667	144.66667	149.33333	149.33333	152.0	155.33333	143.33333	130.33333	127.666664	130.0	136.0	128.33333	127.333336	120.0	107.666664	111.0	123.666664	132.0	132.0	121.666664	111.666664	109.333336	98.333336	88.666664	
58.666668	56.333332	104.0	153.0	151.0	143.33333	138.0	123.0	108.0	84.333336	89.666664	138.0	165.0	145.0	144.0	147.66667	144.0	141.66667	126.666664	113.666664	113.333336	125.0	140.0	137.33333	147.0	122.666664	86.333336	94.333336	113.666664	106.666664	108.333336	122.0	126.0	124.333336	107.666664	93.333336	
65.333336	72.333336	120.0	158.33333	156.66667	152.0	129.0	108.0	122.666664	106.0	104.666664	156.0	172.66667	142.66667	135.33333	142.33333	137.0	134.66667	122.666664	108.333336	101.333336	115.666664	130.33333	129.33333	147.33333	137.66667	111.333336	125.666664	145.0	121.0	102.333336	121.0	136.0	138.66667	120.666664	101.333336	
59.0	72.0	122.0	159.33333	164.0	159.33333	144.0	137.33333	142.0	138.33333	137.66667	155.66667	153.0	139.0	137.33333	139.0	136.0	136.33333	123.0	107.666664	98.0	105.333336	123.666664	132.66667	139.0	144.33333	142.66667	144.33333	146.66667	129.33333	120.333336	132.33333	144.66667	147.33333	130.0	106.0	
55.0	64.0	118.666664	156.66667	163.0	162.33333	160.66667	153.66667	151.66667	153.33333	151.66667	154.0	146.66667	141.0	141.0	140.0	140.66667	138.66667	125.333336	108.666664	95.0	97.333336	117.0	135.0	141.33333	147.66667	152.33333	152.0	144.33333	133.33333	130.0	137.66667	145.33333	143.33333	127.666664	105.333336	
61.333332	58.666668	110.0	155.66667	159.66667	158.33333	159.33333	159.66667	156.66667	156.33333	153.66667	152.33333	150.33333	151.33333	148.33333	144.33333	140.0	133.0	125.0	111.333336	96.333336	96.666664	116.0	135.0	150.33333	159.33333	164.0	160.0	147.66667	137.66667	134.33333	139.0	143.0	132.66667	120.666664	102.0	
45.0	51.666668	102.0	155.0	162.33333	155.0	151.33333	154.33333	155.0	154.33333	153.0	153.0	155.0	156.33333	152.33333	142.33333	135.66667	127.333336	121.666664	109.666664	95.333336	94.666664	111.666664	136.66667	150.66667	156.33333	163.33333	160.33333	149.66667	135.0	133.33333	142.0	145.33333	129.66667	118.333336	96.0	
28.666666	58.0	105.0	151.66667	165.33333	153.66667	146.33333	148.66667	151.33333	155.33333	157.66667	158.0	158.0	154.33333	148.33333	138.0	130.0	125.333336	120.666664	110.0	95.666664	92.0	103.0	127.0	150.0	154.0	156.66667	157.33333	156.0	144.0	135.33333	137.66667	140.66667	133.0	122.0	93.0	
32.333332	83.666664	123.666664	148.33333	163.0	158.66667	155.66667	157.66667	159.33333	160.66667	158.33333	156.66667	156.0	154.0	150.66667	141.33333	133.66667	131.66667	127.333336	118.333336	105.666664	93.666664	108.0	125.0	146.0	150.0	150.0	145.33333	150.33333	151.0	147.0	140.66667	140.66667	135.0	121.333336	90.0	
31.0	87.333336	136.33333	143.33333	158.33333	163.66667	164.66667	164.0	161.33333	159.0	156.0	156.33333	160.0	157.66667	153.33333	145.66667	144.0	138.66667	134.66667	124.666664	112.0	96.0	100.333336	128.0	150.66667	151.66667	150.66667	148.33333	143.66667	142.33333	144.33333	140.33333	140.0	137.33333	123.666664	89.0	
24.0	72.0	139.66667	142.33333	154.33333	163.0	165.33333	164.66667	162.66667	161.66667	161.0	163.33333	164.0	153.33333	149.0	154.0	149.66667	144.33333	141.33333	128.0	115.0	101.0	92.333336	108.333336	145.66667	164.66667	162.0	158.66667	151.33333	143.0	137.66667	134.33333	135.0	135.0	122.666664	89.0	
23.0	57.666668	134.0	144.33333	151.66667	159.33333	164.0	164.33333	163.33333	166.0	169.33333	167.66667	157.0	148.66667	153.66667	156.33333	154.66667	157.66667	158.33333	139.66667	120.333336	106.666664	102.0	105.0	119.0	155.66667	172.33333	170.33333	163.33333	154.0	142.66667	133.0	130.66667	129.33333	120.333336	90.0	
25.333334	48.333332	124.0	146.0	153.0	156.66667	162.66667	164.0	163.0	165.33333	168.33333	160.0	150.0	147.0	146.66667	147.33333	151.66667	159.66667	164.33333	146.66667	123.666664	110.333336	112.0	112.666664	117.0	143.33333	163.33333	173.66667	171.0	163.33333	152.66667	142.0	132.66667	126.0	118.333336	96.0	
29.0	45.0	124.0	146.33333	153.0	156.66667	162.33333	162.0	163.66667	167.33333	160.66667	147.33333	150.0	151.66667	142.66667	140.33333	145.66667	149.66667	150.66667	136.33333	114.0	110.0	118.0	119.0	130.66667	148.33333	151.33333	162.33333	169.66667	166.33333	158.33333	147.66667	136.33333	123.666664	117.0	96.0	
31.666666	42.333332	130.0	151.33333	153.0	156.0	160.33333	160.66667	162.33333	167.33333	154.66667	145.33333	152.0	153.0	150.33333	147.0	143.66667	144.66667	142.66667	124.666664	112.333336	118.666664	124.0	128.33333	139.0	148.0	152.0	157.66667	166.33333	167.33333	159.33333	149.66667	139.66667	126.333336	117.333336	95.0	
27.0	37.333332	122.666664	152.0	151.0	154.0	157.33333	160.33333	159.66667	159.33333	153.0	155.0	154.33333	151.66667	153.33333	151.66667	150.0	153.33333	147.0	141.33333	140.0	129.0	125.333336	129.0	134.66667	142.66667	151.33333	154.33333	159.66667	164.33333	163.66667	155.33333	141.66667	131.33333	119.0	95.666664	
24.666666	36.333332	99.333336	148.0	153.33333	155.66667	155.33333	161.0	159.0	155.66667	156.66667	157.33333	153.66667	151.33333	153.33333	154.66667	156.33333	163.66667	165.66667	165.66667	159.0	136.66667	128.0	126.666664	127.666664	134.66667	146.0	153.66667	153.33333	156.66667	163.66667	156.33333	141.33333	135.0	123.333336	96.333336	
24.0	27.333334	58.0	117.666664	149.33333	156.0	156.33333	162.0	158.66667	157.66667	160.33333	154.0	152.0	157.0	155.66667	157.0	165.66667	170.33333	167.66667	167.0	164.0	142.33333	131.33333	127.666664	124.0	126.333336	136.0	150.66667	154.33333	149.66667	159.0	158.33333	142.33333	138.66667	129.33333	92.333336	
26.333334	27.666666	31.666666	77.666664	139.66667	155.0	157.0	159.66667	156.33333	160.66667	160.33333	152.0	149.66667	153.66667	153.66667	156.33333	165.66667	166.0	159.0	162.0	158.66667	140.0	131.0	127.333336	122.333336	121.0	132.33333	148.66667	157.66667	152.33333	154.33333	162.33333	146.33333	141.0	130.66667	90.0	
31.333334	32.0	26.0	54.666668	131.33333	154.33333	156.66667	160.0	159.66667	165.0	162.66667	153.66667	139.33333	135.33333	138.33333	143.0	150.0	153.0	154.66667	155.0	147.33333	134.0	125.333336	117.333336	113.666664	113.0	126.666664	148.33333	161.33333	158.66667	151.0	163.33333	149.0	141.0	129.0	85.0	
32.0	31.0	25.0	41.666668	116.0	153.0	157.66667	162.33333	165.0	171.0	166.33333	148.66667	121.666664	108.333336	133.33333	150.33333	151.0	146.0	147.33333	142.0	142.0	142.33333	139.33333	130.0	104.333336	97.333336	119.0	146.66667	163.0	160.0	155.33333	166.66667	150.0	140.33333	127.0	80.333336	
29.0	28.0	25.0	33.0	98.0	149.33333	159.66667	163.33333	168.66667	171.33333	162.0	145.66667	122.666664	109.0	127.666664	151.33333	165.33333	176.0	178.66667	173.33333	173.66667	158.33333	140.33333	120.333336	99.333336	102.333336	127.0	150.33333	161.66667	156.33333	157.66667	167.66667	149.33333	140.66667	122.333336	71.666664	
26.0	27.333334	26.0	27.666666	75.333336	145.33333	160.0	162.66667	165.33333	170.33333	166.0	158.33333	147.33333	135.33333	128.0	127.333336	131.66667	144.0	153.66667	153.33333	148.33333	132.66667	117.0	110.333336	111.333336	120.333336	139.66667	152.33333	156.33333	154.66667	151.66667	158.33333	147.66667	140.0	112.0	56.333332	
25.333334	26.666666	26.333334	29.0	51.666668	127.333336	158.0	158.66667	160.33333	168.33333	169.66667	162.66667	157.66667	153.0	146.33333	141.66667	141.0	142.66667	150.0	149.33333	147.66667	139.33333	129.66667	126.666664	127.666664	131.0	140.33333	147.66667	150.33333	150.66667	145.66667	144.33333	143.33333	136.66667	97.333336	38.666668	
25.333334	26.333334	27.0	30.333334	41.666668	107.0	157.66667	161.0	158.0	164.66667	169.66667	164.0	160.33333	158.33333	155.66667	156.0	159.66667	164.33333	168.33333	168.0	162.66667	149.0	142.33333	138.0	137.0	140.0	144.33333	144.0	146.66667	145.66667	141.66667	143.66667	144.0	132.0	81.333336	23.333334	
25.0	26.0	27.0	33.666668	62.333332	132.33333	163.33333	165.33333	158.66667	159.66667	165.66667	164.66667	162.0	158.66667	156.33333	156.33333	157.33333	160.0	162.0	163.0	158.66667	151.66667	149.66667	145.66667	144.0	146.33333	147.66667	140.33333	141.33333	139.33333	134.66667	144.33333	146.0	123.333336	59.666668	14.0	
26.333334	28.333334	29.0	58.333332	117.666664	176.66667	162.33333	164.66667	166.33333	160.66667	161.66667	165.0	162.33333	160.0	158.66667	159.33333	158.33333	162.0	159.66667	161.0	160.0	159.0	156.33333	148.33333	147.66667	150.33333	148.33333	141.33333	138.0	130.66667	128.0	142.0	137.0	99.666664	34.0	11.333333	
25.333334	29.0	49.0	93.333336	155.66667	181.66667	158.33333	160.66667	168.33333	164.66667	160.66667	164.66667	162.0	159.33333	160.0	163.33333	166.66667	172.33333	175.66667	176.33333	173.33333	171.0	163.66667	154.33333	150.0	149.0	145.0	140.0	132.0	120.666664	128.0	139.66667	121.0	64.0	17.333334	11.333333	
25.666666	36.0	80.666664	113.666664	173.33333	171.66667	150.0	154.0	164.0	169.33333	164.33333	163.33333	163.33333	163.0	162.33333	165.0	168.0	172.0	173.33333	173.33333	172.33333	165.66667	156.66667	153.33333	149.66667	145.33333	144.0	138.33333	127.333336	116.666664	129.0	126.0	90.0	36.333332	14.666667	9.333333	
26.333334	58.666668	106.333336	135.66667	190.0	159.33333	134.33333	141.66667	157.33333	169.0	166.66667	163.0	163.33333	163.66667	162.66667	161.0	159.0	154.66667	153.0	156.66667	158.33333	152.66667	145.0	138.66667	138.33333	138.33333	138.0	133.66667	119.666664	112.0	123.0	102.0	55.333332	29.0	22.0	10.0	
57.0	95.333336	117.333336	157.33333	201.33333	137.0	104.333336	128.0	152.33333	162.0	167.0	163.0	163.0	162.33333	161.33333	159.0	155.0	151.33333	153.33333	162.66667	162.66667	156.0	148.0	137.66667	132.33333	133.33333	135.0	126.333336	111.0	107.0	99.333336	62.0	35.0	47.0	59.666668	17.666666	
104.666664	118.0	125.0	179.0	214.0	124.333336	82.666664	122.666664	150.0	153.0	161.66667	163.0	162.66667	160.33333	159.66667	159.33333	158.66667	160.66667	169.33333	182.66667	184.33333	176.33333	161.0	149.33333	140.0	133.66667	129.0	113.666664	99.0	92.333336	69.333336	40.333332	37.666668	83.666664	117.666664	23.666666	
123.0	125.0	132.66667	196.0	221.0	130.33333	74.333336	113.0	145.33333	152.33333	154.33333	156.0	156.33333	155.66667	157.33333	157.66667	157.66667	162.33333	173.33333	184.33333	181.33333	181.0	165.0	152.33333	140.66667	128.66667	118.0	96.0	86.0	82.666664	59.0	46.333332	49.666668	115.333336	136.33333	29.333334	
125.0	124.333336	136.33333	203.0	227.33333	164.33333	84.666664	110.666664	138.33333	151.66667	152.33333	151.0	152.33333	152.0	154.66667	156.33333	158.33333	160.33333	163.0	169.66667	169.0	166.0	155.66667	147.0	136.0	118.666664	100.666664	88.666664	88.333336	81.666664	61.0	62.333332	62.666668	140.0	141.33333	41.0	
