90.0	123.333336	157.66667	171.66667	179.33333	186.0	189.0	194.66667	198.33333	202.33333	205.33333	201.33333	202.0	194.33333	193.66667	196.33333	206.0	199.66667	193.66667	168.33333	158.0	183.66667	181.33333	175.0	174.0	186.66667	194.33333	191.66667	179.66667	170.0	152.33333	115.666664	61.333332	16.666666	12.666667	14.666667	
96.333336	129.66667	160.66667	177.33333	185.33333	187.0	189.0	195.33333	199.0	202.66667	205.33333	201.33333	205.0	207.0	207.66667	209.66667	211.66667	208.33333	197.66667	188.33333	199.0	206.66667	202.0	198.33333	196.0	199.0	201.33333	195.66667	184.66667	177.66667	164.0	147.0	128.0	63.666668	17.666666	13.0	
103.666664	134.66667	164.33333	176.0	180.66667	182.66667	186.66667	194.33333	197.0	200.33333	203.0	202.0	207.0	212.66667	211.33333	213.0	213.33333	212.0	210.0	208.66667	211.0	213.33333	207.0	207.0	204.66667	203.0	203.0	198.33333	189.66667	182.66667	173.66667	165.0	163.0	129.0	69.666664	23.666666	
116.0	140.66667	164.33333	172.33333	175.66667	179.0	186.0	192.66667	196.0	198.33333	201.33333	206.0	209.66667	212.33333	211.33333	212.0	212.0	213.0	211.0	213.33333	214.0	214.66667	211.0	208.66667	203.66667	200.33333	197.0	194.33333	188.33333	182.0	176.66667	174.0	169.66667	151.33333	118.666664	59.666668	
126.333336	143.0	165.0	173.0	172.66667	175.33333	182.33333	190.33333	193.66667	198.0	201.66667	205.33333	208.33333	209.66667	208.66667	208.33333	209.0	211.0	210.66667	214.0	214.0	212.66667	209.66667	206.0	201.33333	196.66667	192.33333	187.33333	182.66667	178.33333	175.33333	173.66667	167.66667	157.33333	129.0	66.0	
127.333336	151.0	164.33333	172.66667	175.33333	176.66667	181.33333	190.66667	195.0	196.66667	201.0	206.0	209.0	211.0	209.66667	208.33333	208.66667	209.33333	209.0	210.66667	212.33333	209.66667	208.33333	203.66667	199.0	193.33333	192.66667	189.0	184.33333	181.0	177.33333	174.0	166.0	154.0	131.0	76.666664	
127.0	149.33333	165.66667	170.0	175.0	177.33333	180.66667	188.66667	195.33333	199.33333	205.0	209.33333	210.66667	214.66667	215.66667	213.66667	211.33333	210.66667	209.0	207.33333	208.33333	208.33333	206.66667	205.33333	202.33333	200.66667	200.66667	197.66667	190.33333	185.66667	182.33333	175.33333	167.0	151.33333	133.33333	93.0	
120.0	139.0	163.33333	168.66667	173.33333	178.33333	179.33333	188.0	196.0	201.0	205.66667	212.0	218.33333	218.66667	221.0	219.66667	215.0	213.33333	212.66667	208.33333	207.0	207.33333	205.33333	208.33333	208.33333	211.0	210.33333	206.0	196.66667	190.0	187.0	178.0	170.33333	150.66667	132.33333	100.0	
115.0	148.66667	165.33333	171.66667	174.66667	178.0	181.66667	186.0	197.0	203.66667	208.0	215.33333	222.33333	221.33333	225.33333	229.0	225.66667	220.0	216.66667	212.0	210.33333	210.66667	211.33333	213.33333	214.0	218.33333	219.0	209.66667	196.66667	194.66667	191.0	181.66667	169.0	151.33333	134.33333	107.666664	
137.66667	159.33333	169.66667	175.33333	175.66667	180.33333	184.66667	188.33333	195.33333	202.0	205.66667	215.0	221.66667	223.33333	224.66667	228.0	230.66667	227.66667	224.66667	218.66667	217.0	214.33333	214.33333	216.0	218.0	222.66667	221.0	209.33333	196.0	199.33333	193.33333	182.0	166.33333	151.0	136.0	113.0	
156.0	164.33333	173.33333	177.33333	176.0	180.0	179.33333	185.0	194.66667	197.0	199.33333	214.33333	221.33333	226.0	225.0	225.33333	226.66667	227.66667	228.0	223.66667	223.33333	222.33333	218.66667	216.33333	213.0	215.66667	213.33333	203.33333	199.33333	202.0	192.33333	182.66667	166.66667	149.0	133.66667	111.0	
170.66667	169.33333	176.0	177.0	175.0	173.66667	173.66667	184.66667	185.33333	180.66667	179.33333	196.66667	197.0	193.66667	193.33333	196.33333	204.33333	217.33333	219.66667	216.66667	226.0	231.0	222.66667	214.0	204.0	200.66667	187.66667	165.0	155.66667	159.33333	158.66667	164.0	152.0	136.33333	128.66667	115.0	
175.66667	172.0	175.0	176.66667	170.66667	169.33333	171.33333	171.33333	159.0	148.66667	138.66667	141.66667	122.666664	126.0	128.0	124.0	165.0	197.66667	198.66667	198.33333	222.66667	230.0	222.33333	206.66667	185.66667	157.66667	121.666664	101.0	97.333336	101.0	94.666664	95.333336	100.333336	95.0	111.0	122.0	
178.33333	176.66667	174.33333	174.0	171.66667	177.66667	173.66667	158.0	153.33333	158.0	136.33333	140.33333	142.66667	142.0	147.66667	150.66667	171.0	190.66667	195.66667	197.0	220.66667	229.66667	221.0	204.66667	181.0	166.33333	164.66667	159.33333	157.33333	147.33333	125.333336	86.0	60.0	56.666668	72.666664	110.0	
176.66667	180.66667	176.33333	172.33333	180.33333	187.66667	192.33333	189.33333	192.33333	192.66667	165.0	175.33333	181.0	163.0	150.66667	151.0	164.66667	169.66667	184.33333	204.66667	218.66667	226.0	216.66667	197.33333	183.66667	184.0	169.33333	157.66667	163.0	172.66667	164.66667	147.66667	130.33333	103.333336	94.333336	101.333336	
178.0	175.0	166.66667	164.66667	167.0	177.33333	185.66667	182.0	183.0	180.66667	181.33333	182.66667	177.33333	152.33333	149.33333	162.66667	183.33333	200.0	188.33333	176.0	198.33333	197.0	182.66667	154.66667	166.0	192.0	193.66667	191.33333	174.33333	160.66667	144.66667	143.0	143.33333	143.66667	140.66667	88.0	
133.0	110.0	99.666664	95.333336	79.0	78.666664	112.333336	172.33333	177.66667	155.66667	141.0	130.66667	92.333336	67.666664	98.333336	139.33333	169.33333	202.33333	206.66667	176.0	182.66667	204.33333	200.66667	160.33333	135.33333	193.33333	200.0	184.33333	141.33333	84.0	65.0	88.0	110.333336	141.33333	155.66667	87.666664	
165.66667	156.33333	156.33333	170.66667	167.0	149.33333	134.66667	163.0	159.0	144.66667	145.0	165.0	136.66667	123.666664	145.66667	153.66667	172.66667	204.0	187.0	168.33333	192.33333	218.0	215.66667	185.33333	137.66667	177.33333	190.0	183.0	178.33333	161.66667	145.33333	129.0	110.0	141.66667	163.66667	124.333336	
170.33333	177.33333	181.33333	191.0	202.66667	203.0	174.0	147.33333	170.33333	181.66667	189.33333	205.0	214.0	205.66667	189.66667	184.66667	202.0	206.66667	192.33333	183.66667	204.33333	216.33333	213.33333	193.0	152.33333	156.0	192.33333	193.0	191.66667	192.33333	181.66667	169.0	153.66667	165.33333	170.0	153.33333	
167.66667	172.33333	177.66667	188.66667	197.33333	202.0	199.33333	164.66667	166.0	194.66667	206.33333	219.0	219.66667	214.33333	207.66667	203.33333	198.0	184.33333	179.66667	198.66667	211.0	213.66667	211.66667	196.66667	170.0	152.66667	152.66667	174.33333	191.0	195.66667	192.0	182.33333	176.33333	174.33333	164.0	143.33333	
164.33333	162.66667	174.33333	183.0	194.66667	203.33333	206.0	203.66667	175.33333	172.66667	191.33333	201.33333	200.0	193.0	185.33333	173.0	171.66667	190.33333	208.33333	213.0	212.33333	215.33333	209.0	198.66667	176.66667	171.66667	175.0	173.0	168.33333	162.0	161.66667	155.33333	147.33333	146.66667	156.0	161.66667	
164.66667	166.33333	170.66667	182.33333	195.66667	206.66667	213.66667	217.66667	220.0	218.33333	212.33333	205.33333	200.33333	198.33333	202.33333	205.66667	206.0	210.66667	215.0	214.0	211.66667	214.0	211.66667	203.0	178.0	169.66667	184.0	194.66667	203.33333	205.33333	202.33333	200.33333	197.33333	196.0	192.33333	178.0	
161.0	168.33333	170.0	180.66667	195.0	208.33333	219.33333	221.66667	224.0	224.0	223.33333	224.0	222.66667	219.66667	216.66667	212.66667	212.66667	214.66667	215.66667	210.66667	209.33333	212.0	214.0	209.33333	186.66667	164.33333	184.66667	199.0	197.33333	200.33333	212.0	220.33333	218.66667	208.33333	196.33333	187.33333	
157.33333	162.0	171.66667	183.33333	197.33333	210.33333	219.66667	224.0	226.33333	224.0	219.66667	217.0	214.66667	212.0	213.0	216.0	220.33333	219.0	204.0	198.33333	207.66667	213.0	215.66667	212.66667	192.33333	164.66667	191.0	208.33333	203.0	204.0	208.33333	215.66667	217.0	209.66667	202.33333	189.66667	
149.66667	154.33333	171.66667	187.33333	200.33333	211.0	217.33333	223.0	227.66667	227.33333	221.33333	215.33333	213.66667	213.33333	215.66667	224.0	229.0	209.33333	185.33333	195.66667	209.0	215.66667	221.66667	221.33333	206.66667	179.0	191.66667	217.66667	216.0	215.0	212.0	210.33333	211.33333	208.0	201.66667	188.33333	
146.0	150.0	168.0	185.0	199.66667	209.66667	216.33333	221.0	226.33333	229.0	222.66667	218.66667	216.66667	216.33333	221.33333	228.0	225.66667	200.66667	200.0	211.33333	216.66667	221.33333	229.66667	231.0	217.33333	194.66667	183.66667	216.33333	227.66667	225.0	218.33333	211.0	209.33333	206.33333	200.0	183.0	
145.66667	147.66667	167.33333	185.66667	195.33333	205.0	214.0	217.0	218.33333	225.33333	224.0	220.33333	220.0	222.0	225.33333	225.33333	219.66667	199.66667	214.0	215.33333	208.0	214.33333	225.66667	226.33333	216.0	197.0	189.66667	207.0	232.0	230.66667	223.0	212.66667	205.66667	202.66667	198.33333	179.33333	
145.0	144.33333	164.33333	184.66667	193.66667	202.33333	208.66667	210.33333	212.0	221.0	221.0	224.66667	228.33333	231.66667	229.0	223.33333	220.33333	197.33333	207.66667	167.66667	143.0	168.0	204.33333	213.66667	187.66667	156.66667	181.0	199.66667	229.66667	232.0	224.66667	210.66667	199.0	198.33333	193.66667	170.33333	
145.0	143.0	160.33333	181.66667	190.66667	198.66667	206.33333	206.33333	210.0	217.0	222.0	227.33333	232.66667	234.33333	226.66667	224.66667	222.0	199.0	202.33333	191.33333	188.0	196.0	189.66667	191.33333	167.0	181.33333	195.33333	194.66667	219.66667	229.66667	223.66667	209.33333	197.66667	193.33333	184.66667	154.66667	
148.0	147.0	158.33333	179.66667	190.0	198.0	202.33333	203.0	205.33333	208.66667	216.33333	226.66667	232.66667	228.66667	222.0	226.0	226.0	216.0	212.33333	216.33333	215.0	216.66667	218.66667	211.33333	182.66667	182.33333	182.66667	191.66667	209.0	225.0	221.66667	210.0	196.0	187.66667	173.33333	133.0	
147.66667	155.66667	160.0	175.33333	187.66667	199.33333	202.0	200.0	200.66667	207.66667	216.0	224.0	228.66667	225.66667	224.0	225.0	222.0	220.33333	213.0	205.0	186.33333	186.33333	192.33333	199.0	149.33333	137.0	152.66667	183.33333	197.33333	215.66667	221.33333	209.66667	192.33333	178.0	170.66667	115.333336	
141.33333	156.0	165.33333	171.66667	184.66667	198.0	202.33333	201.0	200.66667	207.33333	212.33333	218.66667	223.33333	227.0	228.0	223.66667	218.33333	212.66667	194.66667	153.66667	133.0	146.66667	135.66667	179.66667	127.333336	80.666664	86.0	146.0	182.33333	200.33333	216.66667	203.66667	183.66667	171.66667	161.0	99.0	
136.0	151.66667	168.66667	173.66667	183.33333	194.66667	199.33333	197.33333	198.33333	203.66667	206.66667	215.66667	223.33333	226.66667	223.0	212.33333	192.33333	175.0	168.66667	137.0	125.666664	144.0	138.33333	181.0	144.33333	103.333336	70.666664	69.666664	120.0	173.66667	204.33333	196.33333	178.33333	168.0	139.33333	49.0	
126.666664	143.33333	167.66667	177.66667	182.0	188.0	196.33333	196.33333	198.0	205.33333	209.66667	215.66667	222.0	223.33333	206.33333	168.0	131.0	116.333336	140.0	147.0	173.33333	192.66667	199.0	199.0	176.66667	155.0	125.666664	55.0	47.333332	106.333336	177.66667	193.33333	176.0	157.66667	114.333336	27.333334	
113.0	136.0	164.33333	178.66667	184.66667	187.0	193.0	199.33333	200.0	206.0	212.0	216.0	220.0	209.0	156.66667	100.333336	98.666664	117.333336	167.0	168.33333	187.66667	195.66667	207.66667	188.66667	173.33333	174.33333	170.66667	114.0	63.333332	53.0	119.666664	185.33333	167.0	147.66667	97.0	19.333334	
97.333336	128.0	161.66667	177.66667	185.0	189.66667	193.0	199.66667	200.66667	205.0	213.0	217.33333	218.66667	186.33333	107.333336	83.666664	128.33333	148.66667	170.0	166.66667	167.33333	167.0	166.0	155.0	156.0	163.0	165.0	157.66667	128.0	78.0	85.0	163.0	160.33333	143.33333	76.333336	14.0	
82.0	110.0	159.66667	174.0	182.33333	191.66667	195.0	197.33333	200.33333	203.33333	212.0	216.66667	216.0	168.66667	107.333336	110.0	145.0	147.0	142.33333	143.0	148.33333	151.66667	155.0	151.33333	142.0	135.33333	133.0	136.66667	155.66667	128.0	97.333336	145.66667	156.66667	136.33333	57.333332	15.0	
83.0	93.666664	150.33333	170.33333	178.33333	186.66667	193.0	198.0	200.66667	205.66667	212.33333	217.0	213.66667	176.0	151.0	179.0	187.33333	167.66667	153.66667	153.66667	160.33333	175.0	189.33333	190.0	180.0	155.0	134.33333	138.33333	168.66667	162.33333	131.33333	144.33333	151.66667	117.0	34.0	12.666667	
111.0	78.333336	129.66667	162.33333	173.66667	183.33333	191.33333	201.33333	203.33333	206.0	211.66667	216.0	215.66667	195.33333	192.0	206.66667	217.66667	211.0	205.0	202.33333	205.33333	212.33333	202.66667	192.33333	192.0	189.33333	171.33333	166.66667	176.0	176.0	168.33333	156.0	141.33333	85.333336	20.333334	12.666667	
144.66667	91.0	104.333336	151.0	169.0	177.33333	188.66667	195.33333	201.0	206.66667	210.0	211.66667	219.0	216.0	213.66667	214.66667	220.66667	220.33333	217.66667	217.0	215.0	205.33333	179.66667	163.33333	158.0	171.33333	174.0	178.0	183.0	181.0	183.0	166.0	127.666664	57.666668	14.333333	13.333333	
168.0	133.33333	94.666664	130.0	160.33333	170.33333	178.33333	188.66667	197.33333	207.33333	208.0	207.66667	216.33333	218.0	216.66667	217.66667	219.66667	220.33333	218.66667	216.33333	215.66667	205.0	181.66667	149.66667	150.66667	169.33333	184.0	185.66667	179.33333	181.0	178.33333	157.33333	92.0	24.0	14.0	14.333333	
179.0	171.33333	124.333336	113.333336	145.33333	163.66667	173.66667	179.66667	193.33333	203.33333	205.33333	203.33333	210.0	215.0	214.33333	214.0	214.33333	217.66667	220.33333	219.33333	219.0	212.0	192.0	164.66667	173.33333	195.0	200.33333	191.0	178.66667	181.33333	173.0	143.33333	55.0	13.666667	14.0	17.0	
189.33333	192.66667	166.66667	123.333336	120.333336	147.66667	163.33333	175.0	185.33333	196.0	202.0	203.33333	208.66667	216.0	214.66667	212.0	212.33333	216.33333	220.33333	224.0	224.0	218.66667	204.66667	175.0	178.66667	194.66667	199.0	194.33333	182.0	181.0	172.0	124.333336	34.0	14.666667	16.0	17.0	
190.33333	200.33333	191.0	148.0	100.333336	118.333336	148.0	166.33333	177.66667	189.33333	196.66667	204.0	210.33333	215.66667	216.0	214.33333	214.33333	218.66667	223.33333	224.66667	225.0	223.33333	206.0	177.0	175.33333	183.0	191.66667	199.33333	187.66667	182.0	168.33333	100.0	20.333334	14.333333	15.333333	15.333333	
188.0	201.0	200.66667	169.33333	111.0	88.0	114.0	150.0	166.33333	176.33333	189.0	199.33333	208.0	212.66667	215.66667	217.33333	218.0	222.0	227.66667	226.66667	223.0	220.66667	190.0	170.0	174.33333	177.0	185.0	192.66667	188.33333	179.33333	150.66667	56.666668	14.333333	13.666667	14.0	14.666667	
182.33333	198.0	207.33333	198.66667	159.33333	108.666664	95.0	110.666664	135.0	158.33333	175.33333	188.0	200.0	209.66667	215.66667	218.33333	219.66667	222.0	226.0	224.33333	220.33333	212.66667	191.0	163.33333	176.66667	184.0	176.33333	173.33333	184.33333	171.66667	106.666664	24.333334	15.0	13.666667	14.333333	15.333333	
180.66667	197.66667	208.33333	207.66667	194.33333	153.0	97.0	87.0	81.0	100.0	141.66667	160.66667	186.0	203.33333	210.33333	216.66667	217.33333	216.33333	218.33333	211.0	199.0	193.33333	190.0	157.33333	156.0	171.66667	164.66667	145.33333	157.66667	140.66667	65.333336	34.333332	18.333334	14.0	15.333333	15.333333	
177.66667	196.33333	213.0	215.0	211.0	188.66667	127.333336	86.666664	73.0	59.333332	68.333336	100.333336	149.33333	175.33333	186.66667	202.0	199.66667	198.33333	204.66667	188.66667	170.33333	167.66667	167.0	154.33333	159.0	146.66667	143.33333	133.0	121.0	83.666664	69.0	133.66667	47.333332	19.0	18.333334	15.333333	
174.33333	199.0	212.66667	216.0	218.66667	212.33333	182.66667	136.0	90.666664	64.0	51.666668	53.666668	78.333336	116.666664	145.0	164.66667	173.66667	185.33333	189.66667	166.0	155.66667	138.66667	138.0	141.66667	155.33333	139.33333	120.333336	104.666664	89.666664	62.0	88.0	194.33333	131.33333	31.666666	20.333334	20.0	
