23.666666	33.666668	45.0	46.0	64.0	136.0	174.33333	186.66667	188.66667	191.0	197.33333	206.33333	211.33333	208.33333	207.0	209.0	208.0	209.33333	210.0	207.33333	207.33333	205.0	205.66667	204.33333	200.33333	196.66667	193.0	187.33333	179.66667	170.0	164.0	147.33333	122.333336	77.0	39.333332	34.666668	
32.666668	47.0	52.666668	56.0	115.666664	170.0	186.0	188.66667	188.66667	193.0	202.0	210.66667	214.66667	212.33333	206.66667	206.0	209.33333	209.66667	208.66667	210.66667	210.0	210.66667	209.33333	204.0	200.33333	197.0	192.66667	187.33333	180.33333	171.0	167.0	156.66667	139.33333	110.333336	62.666668	28.666666	
54.666668	67.333336	66.333336	107.666664	159.0	179.33333	187.33333	189.0	191.66667	197.33333	205.66667	211.0	213.0	213.0	206.66667	205.0	206.66667	207.33333	207.33333	210.0	212.33333	212.33333	210.33333	206.66667	200.33333	193.33333	187.0	183.0	178.0	171.66667	166.0	160.66667	151.0	129.33333	89.0	51.0	
73.0	68.666664	83.666664	139.66667	167.33333	181.0	188.66667	190.33333	194.66667	200.66667	206.0	210.0	212.33333	211.66667	206.33333	203.66667	203.66667	202.66667	210.66667	211.66667	213.66667	213.0	210.66667	204.66667	197.33333	189.33333	181.66667	177.33333	174.0	170.0	163.66667	161.0	153.66667	140.66667	105.333336	75.333336	
93.333336	83.666664	115.0	157.0	168.0	177.0	187.0	188.66667	196.0	202.0	206.33333	209.0	209.0	208.0	204.0	201.0	202.0	205.0	211.33333	213.33333	216.66667	216.0	209.66667	202.66667	194.33333	187.0	181.33333	179.66667	179.66667	172.33333	167.66667	163.0	154.0	142.33333	114.666664	90.0	
98.0	104.333336	136.0	160.66667	163.0	170.66667	183.0	187.66667	195.0	200.66667	205.0	205.33333	205.66667	206.33333	204.33333	204.0	203.0	203.66667	209.0	212.0	211.66667	211.66667	209.66667	202.33333	196.0	189.66667	187.0	186.66667	183.66667	176.0	169.33333	159.0	147.66667	130.66667	116.333336	102.333336	
102.0	112.0	140.33333	158.66667	160.33333	167.0	177.0	186.0	193.66667	201.0	206.33333	208.33333	211.0	210.0	208.0	204.66667	200.66667	200.0	207.33333	211.0	210.0	211.0	210.66667	199.33333	193.0	192.0	191.33333	186.33333	178.0	172.0	163.33333	153.66667	140.66667	126.333336	118.666664	109.666664	
84.666664	104.0	138.0	153.33333	160.0	168.33333	176.66667	188.33333	199.33333	206.0	209.33333	213.0	212.66667	209.0	210.33333	205.0	199.0	201.0	207.33333	211.0	213.0	213.33333	207.66667	195.0	188.66667	190.66667	192.0	186.33333	177.33333	170.33333	162.0	148.66667	135.66667	123.333336	116.333336	110.0	
69.666664	103.0	134.66667	152.0	161.33333	169.66667	177.66667	187.66667	193.0	187.0	178.0	180.33333	180.33333	186.33333	198.66667	196.33333	195.33333	196.33333	198.0	204.0	205.0	202.0	196.0	184.0	180.66667	175.66667	174.66667	176.66667	178.66667	176.66667	167.66667	155.66667	138.33333	122.0	113.333336	105.666664	
63.333332	100.666664	131.0	150.66667	163.0	162.66667	146.66667	138.0	130.33333	113.333336	106.666664	111.666664	123.0	147.0	162.33333	171.0	179.33333	190.33333	188.33333	194.0	194.0	186.0	175.33333	158.66667	154.33333	131.0	115.333336	122.0	142.0	152.0	150.33333	147.33333	144.0	125.0	112.666664	102.0	
78.0	109.333336	128.66667	148.33333	144.0	119.0	99.0	92.333336	84.0	78.666664	84.0	95.0	102.666664	120.0	126.666664	133.33333	148.66667	175.66667	182.66667	193.66667	194.33333	176.66667	150.66667	133.66667	126.666664	105.0	92.666664	92.666664	92.666664	104.0	107.666664	111.333336	117.0	116.333336	111.0	101.0	
89.333336	99.666664	127.333336	132.33333	101.333336	86.333336	86.333336	84.0	84.333336	94.333336	106.666664	114.0	112.666664	112.333336	114.666664	121.666664	132.66667	162.33333	183.33333	188.33333	180.0	160.0	136.33333	127.0	116.333336	106.666664	102.333336	91.666664	80.666664	88.0	89.333336	87.0	84.0	80.333336	90.666664	95.666664	
76.333336	96.0	127.666664	109.0	90.666664	92.666664	100.666664	110.333336	133.33333	159.66667	171.66667	166.66667	158.66667	145.33333	140.0	135.33333	135.0	158.0	177.66667	177.0	158.66667	141.33333	130.33333	129.66667	129.33333	130.66667	137.0	134.66667	120.0	106.333336	94.666664	88.0	79.333336	77.333336	72.666664	81.0	
72.0	106.666664	127.666664	119.333336	108.333336	112.0	132.66667	161.33333	182.66667	196.33333	188.0	175.0	170.0	165.66667	160.66667	149.66667	144.33333	163.0	183.66667	177.66667	156.0	140.0	144.33333	153.66667	157.66667	160.33333	170.0	172.66667	163.66667	146.0	120.333336	101.666664	93.333336	84.666664	75.333336	71.0	
82.666664	121.666664	139.33333	132.66667	123.666664	133.0	151.66667	168.33333	178.66667	181.0	170.33333	154.66667	145.33333	146.66667	149.33333	149.33333	147.66667	165.33333	196.0	188.33333	161.33333	144.66667	158.0	160.66667	157.66667	155.33333	157.0	166.33333	159.66667	154.0	139.66667	124.666664	107.333336	94.666664	81.666664	74.0	
98.0	134.66667	138.66667	133.66667	137.66667	146.33333	145.33333	136.66667	111.333336	95.0	89.333336	92.0	99.666664	109.0	123.666664	132.0	139.66667	161.66667	193.0	185.33333	156.33333	133.0	148.33333	142.0	123.666664	99.666664	88.666664	100.0	106.666664	113.0	119.0	122.333336	113.666664	97.666664	90.333336	79.0	
114.0	141.0	140.33333	136.66667	142.66667	145.0	115.333336	75.666664	49.0	36.333332	42.666668	76.333336	91.666664	90.666664	108.0	130.0	145.33333	160.66667	188.0	183.0	148.66667	125.333336	141.66667	126.0	86.333336	62.666668	40.0	44.666668	46.0	62.333332	75.333336	97.0	108.666664	97.666664	99.666664	92.0	
130.0	147.0	149.66667	146.0	144.0	127.0	85.333336	73.666664	80.666664	65.333336	80.0	116.333336	124.0	121.333336	122.333336	149.66667	153.0	162.33333	190.66667	188.0	152.0	124.333336	148.66667	136.0	116.666664	113.666664	81.666664	62.0	74.0	74.666664	58.333332	71.0	90.666664	94.666664	105.666664	105.333336	
136.0	150.66667	162.33333	161.33333	148.0	131.66667	129.66667	128.33333	133.66667	141.66667	153.0	158.66667	160.33333	162.33333	157.66667	158.33333	158.33333	172.66667	200.33333	194.33333	158.33333	125.333336	139.0	161.66667	162.66667	164.0	150.33333	133.33333	120.666664	107.0	93.666664	90.666664	86.333336	94.0	114.666664	121.333336	
134.0	151.0	165.66667	171.66667	179.0	184.0	173.66667	161.66667	161.66667	166.0	173.33333	178.66667	179.66667	178.33333	169.66667	157.33333	166.66667	177.33333	201.33333	194.66667	154.66667	126.0	124.333336	144.66667	151.33333	154.0	167.33333	162.0	148.66667	132.0	121.0	112.0	104.666664	113.333336	125.333336	128.33333	
132.0	150.66667	166.66667	179.66667	188.66667	194.33333	182.66667	171.33333	170.0	172.33333	175.66667	177.0	182.66667	184.0	165.66667	153.0	170.33333	177.33333	200.66667	194.66667	156.66667	128.66667	125.333336	129.66667	156.66667	158.66667	156.66667	150.0	140.0	130.33333	119.0	117.333336	136.0	143.66667	137.66667	131.33333	
128.0	148.66667	163.33333	171.33333	185.0	198.66667	195.33333	185.0	180.33333	175.66667	178.66667	184.33333	189.0	183.33333	165.33333	160.66667	170.33333	181.0	203.33333	197.33333	164.0	130.33333	123.0	125.666664	148.66667	165.0	164.0	155.66667	143.66667	133.0	131.33333	138.66667	153.33333	148.33333	132.0	125.333336	
128.0	146.66667	154.33333	159.33333	171.66667	190.0	201.0	203.0	199.33333	198.33333	199.66667	195.33333	193.0	181.0	168.33333	167.33333	169.66667	187.66667	207.33333	195.0	165.0	124.666664	120.333336	131.33333	143.0	159.66667	167.0	168.0	169.0	167.0	168.33333	166.0	157.0	147.0	130.0	118.0	
125.333336	138.0	148.33333	152.66667	161.0	178.33333	192.33333	201.33333	204.0	202.66667	203.66667	198.0	191.66667	174.0	160.33333	169.0	172.33333	190.0	205.0	192.33333	168.33333	127.666664	117.333336	125.666664	142.0	159.0	166.0	162.0	174.66667	180.33333	181.33333	170.66667	157.66667	145.33333	131.66667	113.666664	
121.333336	132.0	144.33333	151.66667	161.66667	175.33333	189.33333	200.33333	206.0	199.33333	200.0	194.66667	188.66667	165.66667	152.66667	173.33333	171.0	166.33333	181.66667	177.0	150.66667	129.0	129.33333	125.333336	142.33333	158.33333	165.66667	163.66667	171.0	179.33333	176.66667	169.66667	155.66667	138.66667	124.0	103.666664	
118.0	127.333336	138.33333	145.0	158.0	171.0	181.66667	194.0	200.0	197.66667	200.66667	198.66667	190.66667	168.33333	166.33333	168.0	133.33333	125.0	140.0	141.0	122.666664	110.333336	131.0	139.33333	151.0	167.33333	167.0	174.0	178.33333	179.66667	175.33333	166.0	148.0	132.66667	118.0	97.0	
116.0	124.0	132.66667	139.66667	150.33333	163.0	170.33333	181.66667	193.66667	199.0	200.66667	194.33333	183.33333	163.0	154.0	110.0	64.333336	76.333336	110.333336	117.0	93.0	66.0	94.0	136.66667	148.0	172.33333	171.66667	176.0	180.0	180.0	172.0	157.0	139.33333	125.0	110.0	92.666664	
118.0	123.333336	127.0	135.0	141.0	152.66667	162.0	173.0	184.0	190.0	192.66667	187.66667	180.66667	160.0	125.0	75.666664	57.666668	61.666668	95.333336	102.0	70.666664	61.333332	60.666668	107.333336	135.33333	171.33333	178.0	179.66667	178.66667	175.0	161.33333	145.33333	130.0	115.0	102.0	90.666664	
118.333336	125.0	129.0	131.0	135.66667	145.33333	153.0	161.0	169.33333	176.0	184.66667	184.66667	187.33333	164.0	122.333336	126.666664	121.0	121.666664	117.0	108.666664	100.666664	91.0	93.333336	117.666664	123.666664	162.0	176.0	175.66667	171.0	163.33333	152.33333	137.33333	119.333336	108.0	97.666664	90.0	
111.333336	123.333336	130.0	132.0	132.33333	138.33333	142.66667	148.0	157.66667	167.33333	175.66667	180.0	189.33333	177.0	148.66667	163.33333	171.66667	168.66667	157.0	149.0	144.66667	137.33333	139.33333	131.66667	115.333336	145.66667	166.66667	168.66667	162.0	154.0	145.0	133.0	118.0	107.333336	98.0	92.0	
106.333336	117.0	130.33333	137.33333	135.66667	133.66667	135.33333	145.66667	153.0	157.66667	166.33333	176.0	188.0	186.0	179.33333	179.0	180.0	185.66667	179.0	174.0	168.0	149.33333	141.66667	136.33333	128.33333	138.33333	154.0	159.66667	150.33333	144.66667	138.33333	127.666664	119.333336	108.333336	102.0	94.666664	
116.0	114.333336	125.333336	135.33333	137.33333	134.0	139.0	146.66667	148.33333	153.0	162.33333	172.66667	182.0	182.0	179.66667	174.66667	175.0	187.66667	174.66667	170.0	166.66667	148.0	138.0	136.66667	133.0	133.33333	142.0	147.33333	143.33333	138.66667	131.66667	121.666664	114.0	111.0	106.666664	94.333336	
117.666664	112.666664	120.0	132.33333	139.33333	141.0	145.66667	150.0	146.66667	149.66667	156.0	168.0	174.0	173.66667	176.33333	172.66667	173.66667	183.66667	171.33333	172.33333	169.33333	147.33333	135.66667	134.0	130.66667	130.0	134.66667	136.33333	136.0	132.0	131.33333	123.666664	114.333336	114.333336	107.333336	89.333336	
120.0	113.0	117.0	128.66667	137.66667	145.33333	148.66667	146.66667	148.33333	143.33333	146.33333	158.33333	163.66667	162.0	163.33333	161.33333	151.0	145.0	156.33333	162.66667	148.0	139.66667	138.33333	135.0	128.0	125.666664	127.666664	127.333336	126.333336	126.666664	128.33333	123.666664	118.0	114.666664	102.333336	82.333336	
123.0	118.333336	118.0	125.0	132.0	141.66667	146.0	147.66667	154.66667	146.0	142.33333	144.33333	142.0	137.33333	124.333336	111.333336	101.666664	100.666664	107.666664	109.666664	101.333336	103.333336	109.333336	120.0	122.666664	117.0	120.333336	120.333336	120.0	122.666664	124.666664	124.333336	117.666664	108.333336	97.333336	81.333336	
118.0	117.0	119.666664	123.333336	127.0	133.66667	144.66667	151.66667	153.0	142.66667	131.66667	120.0	105.666664	85.666664	75.0	75.666664	77.333336	83.666664	80.333336	83.666664	86.333336	81.0	76.333336	86.0	99.333336	109.0	112.0	114.0	120.0	123.666664	123.333336	119.0	111.0	104.666664	98.0	84.0	
115.666664	112.666664	119.0	125.666664	124.333336	125.333336	137.66667	147.33333	151.66667	135.66667	115.333336	96.666664	82.0	63.0	69.666664	83.666664	94.333336	92.333336	92.333336	94.333336	93.333336	85.0	67.666664	68.0	71.666664	92.666664	105.333336	113.0	125.0	126.333336	118.333336	112.0	104.0	100.333336	96.0	82.666664	
116.0	110.666664	114.333336	123.666664	124.0	118.333336	126.666664	140.33333	148.0	141.66667	123.666664	118.666664	123.666664	118.333336	120.333336	126.666664	143.33333	152.33333	146.66667	145.66667	143.0	128.66667	106.666664	95.666664	91.333336	98.666664	106.333336	115.666664	130.0	131.0	117.333336	107.0	99.333336	96.0	92.666664	78.333336	
116.666664	106.666664	108.0	121.333336	124.333336	119.0	119.0	132.66667	139.66667	136.66667	134.66667	138.33333	136.66667	130.0	133.33333	132.66667	138.33333	148.0	151.33333	155.66667	143.66667	122.0	112.666664	107.666664	107.0	111.333336	111.666664	120.666664	132.66667	129.33333	114.0	100.666664	97.0	96.0	88.666664	74.333336	
113.0	108.666664	102.666664	111.333336	118.333336	119.333336	113.0	118.0	130.66667	130.66667	136.0	139.0	143.33333	130.0	114.0	111.0	110.333336	109.333336	114.0	119.666664	113.666664	109.333336	104.0	99.0	106.333336	120.333336	122.666664	121.333336	124.333336	120.666664	108.333336	96.0	94.333336	93.666664	82.666664	69.333336	
105.333336	106.666664	99.0	105.333336	111.333336	113.333336	109.333336	106.333336	116.333336	129.66667	141.0	139.0	140.33333	140.0	129.0	110.333336	97.333336	93.333336	94.0	93.666664	92.666664	95.333336	100.666664	106.666664	119.0	124.0	116.333336	112.666664	113.333336	111.333336	100.666664	92.666664	94.666664	89.333336	73.333336	62.666668	
92.0	98.0	96.0	94.666664	103.0	106.666664	105.333336	97.666664	104.0	122.0	137.66667	142.66667	149.0	146.66667	145.0	137.0	127.666664	124.666664	121.0	115.666664	109.0	109.666664	111.0	114.333336	120.333336	118.666664	112.0	114.0	108.666664	101.0	91.666664	89.0	92.333336	81.0	63.666668	59.666668	
88.666664	83.333336	87.333336	84.0	93.0	102.333336	105.0	99.666664	101.333336	118.333336	131.66667	139.66667	147.0	154.33333	156.33333	156.33333	156.0	157.66667	152.66667	144.0	136.33333	128.0	127.0	125.333336	124.333336	121.0	118.333336	113.333336	102.666664	92.0	86.666664	85.333336	85.666664	69.666664	58.333332	66.0	
102.333336	71.0	78.666664	78.0	79.0	90.0	96.666664	95.666664	99.333336	110.333336	126.0	135.33333	144.66667	153.66667	163.0	166.33333	164.33333	154.66667	152.33333	154.33333	153.66667	140.66667	140.66667	136.0	127.333336	119.333336	117.666664	106.666664	94.666664	83.666664	81.666664	83.333336	77.0	59.333332	57.0	85.333336	
71.0	56.333332	69.666664	71.666664	70.666664	74.333336	80.666664	81.666664	85.333336	95.0	112.0	128.33333	139.0	144.66667	154.33333	156.33333	155.66667	147.0	145.0	139.0	133.66667	134.0	138.66667	134.0	121.333336	116.666664	110.0	95.0	83.0	76.666664	78.0	78.666664	64.666664	54.666668	65.0	112.0	
33.333332	38.333332	60.333332	67.0	65.333336	64.0	68.0	69.333336	70.666664	73.0	84.666664	110.0	127.333336	134.33333	139.0	141.33333	140.66667	139.33333	137.66667	132.66667	127.0	133.33333	132.33333	128.33333	116.666664	110.0	97.666664	84.333336	75.333336	73.333336	75.0	70.0	55.0	55.666668	73.333336	120.666664	
28.0	26.0	42.333332	62.333332	64.666664	61.333332	60.0	62.333332	61.666668	61.0	66.333336	83.0	106.666664	121.333336	124.0	123.666664	123.333336	124.333336	125.0	123.333336	125.0	122.333336	120.666664	116.333336	109.666664	99.0	83.333336	73.333336	70.666664	72.666664	70.0	60.0	58.0	55.0	78.333336	115.666664	
28.666666	24.0	31.666666	65.333336	62.333332	60.333332	58.666668	60.0	60.666668	56.666668	58.666668	62.0	75.666664	93.0	103.333336	102.666664	108.333336	112.333336	115.333336	110.0	112.0	110.0	109.333336	104.666664	98.666664	84.666664	72.666664	68.666664	70.666664	71.0	64.0	60.666668	58.333332	30.333334	33.0	48.333332	
28.666666	23.333334	30.333334	88.666664	91.0	63.333332	59.0	63.666668	69.0	61.333332	58.0	57.666668	59.666668	67.666664	77.333336	84.0	90.666664	94.333336	97.333336	97.0	96.0	96.333336	92.333336	91.666664	85.0	75.666664	70.0	68.666664	71.0	70.0	63.333332	65.666664	44.0	10.666667	11.666667	14.333333	
