221.0	216.0	230.33333	234.33333	239.33333	240.0	242.0	242.66667	243.33333	244.0	245.66667	244.0	243.0	243.33333	246.33333	243.33333	241.33333	244.0	244.0	246.33333	245.33333	247.66667	249.33333	248.0	244.66667	246.0	246.66667	247.66667	247.66667	247.66667	245.66667	246.66667	244.33333	242.66667	232.66667	240.33333	
217.0	219.66667	224.0	225.33333	231.33333	236.33333	236.33333	234.66667	239.33333	239.0	236.66667	238.33333	238.33333	239.66667	240.66667	239.66667	238.33333	239.33333	239.0	242.0	241.0	240.33333	242.66667	243.66667	238.66667	241.66667	244.66667	244.0	243.0	243.66667	244.0	244.0	243.66667	244.66667	241.0	241.33333	
194.33333	199.66667	206.0	210.66667	216.0	221.33333	223.0	219.66667	226.33333	226.0	211.33333	224.66667	236.66667	235.66667	233.33333	232.0	234.0	235.0	235.0	237.33333	236.33333	234.0	236.0	235.0	209.66667	221.0	240.0	237.66667	236.66667	236.33333	237.66667	238.33333	238.33333	238.33333	237.33333	233.0	
192.66667	200.0	209.66667	217.66667	223.0	226.0	229.33333	224.33333	223.66667	226.33333	209.33333	225.66667	242.33333	241.0	238.0	237.0	238.66667	240.0	241.33333	243.0	242.33333	239.33333	239.33333	234.33333	199.0	215.33333	239.0	239.0	241.0	241.66667	243.66667	244.0	242.66667	241.33333	239.33333	236.66667	
208.33333	216.33333	226.33333	233.33333	235.33333	236.33333	239.66667	236.66667	227.0	233.33333	229.33333	236.66667	243.0	242.66667	243.0	241.66667	241.66667	241.66667	244.0	246.0	246.0	243.66667	242.33333	239.33333	228.0	236.66667	242.0	244.33333	246.0	246.0	246.33333	246.33333	246.0	244.66667	243.66667	242.33333	
222.0	228.66667	235.0	237.33333	236.33333	236.0	239.33333	239.0	231.33333	234.33333	237.0	236.66667	236.66667	238.0	239.0	239.66667	239.33333	239.66667	240.66667	241.0	241.66667	241.0	240.0	237.0	237.66667	239.0	237.0	241.66667	242.66667	243.33333	243.33333	244.66667	245.33333	246.0	245.66667	244.0	
182.33333	186.66667	191.0	190.0	186.66667	185.66667	183.66667	185.66667	185.0	181.33333	180.66667	178.33333	179.33333	180.66667	181.66667	183.0	185.66667	188.0	187.33333	187.0	189.33333	190.33333	189.66667	189.33333	190.66667	194.33333	202.0	206.33333	209.0	213.33333	215.33333	215.66667	215.66667	214.66667	213.33333	211.0	
99.666664	102.666664	104.333336	104.666664	105.333336	109.333336	113.666664	124.0	131.33333	134.33333	139.66667	142.0	142.66667	146.0	147.66667	148.0	148.66667	150.0	146.66667	145.0	148.33333	151.33333	153.33333	155.0	152.66667	154.66667	158.33333	156.33333	151.0	146.33333	143.66667	147.0	150.0	149.33333	144.0	140.0	
89.0	90.333336	92.666664	100.666664	113.0	123.666664	135.33333	148.33333	156.66667	163.66667	173.0	179.66667	182.0	185.33333	187.33333	186.33333	185.66667	186.33333	182.33333	179.33333	182.33333	185.66667	187.0	189.33333	189.66667	186.66667	184.0	178.0	169.33333	160.33333	152.66667	148.66667	145.66667	141.66667	134.0	127.333336	
87.333336	89.666664	98.666664	114.0	132.66667	146.0	159.0	170.33333	175.0	176.66667	180.33333	183.66667	187.0	190.66667	192.33333	192.0	190.66667	190.66667	189.0	183.0	185.33333	191.0	192.66667	195.66667	196.66667	195.33333	195.33333	195.0	192.0	187.66667	181.33333	172.66667	164.0	157.0	150.33333	142.0	
86.0	94.0	110.0	125.333336	136.0	142.66667	150.66667	163.33333	170.33333	173.33333	175.66667	177.0	180.0	183.66667	186.33333	189.0	189.0	189.0	188.0	180.0	179.66667	184.66667	190.33333	195.0	195.66667	196.33333	198.66667	199.0	194.0	191.0	188.0	183.0	177.0	170.0	162.33333	154.33333	
91.333336	103.333336	115.333336	119.333336	119.333336	121.666664	126.333336	137.33333	143.33333	147.33333	151.33333	154.0	157.0	162.33333	170.33333	179.66667	184.66667	185.33333	183.66667	177.33333	173.0	169.66667	174.0	181.0	185.0	188.66667	193.0	194.0	188.66667	183.66667	181.33333	181.0	181.0	175.66667	167.66667	158.66667	
97.666664	107.666664	110.333336	104.666664	100.333336	103.666664	108.0	114.0	115.0	115.666664	120.0	124.0	129.0	137.33333	150.0	166.33333	178.33333	181.33333	179.66667	176.66667	168.66667	155.0	150.0	153.66667	153.66667	155.33333	161.33333	163.66667	162.0	159.33333	158.66667	161.33333	168.0	169.33333	164.0	159.0	
99.333336	103.0	104.333336	102.0	103.0	108.0	110.333336	112.666664	110.333336	107.333336	108.333336	109.0	113.0	126.333336	137.0	150.66667	168.33333	176.0	172.33333	172.0	163.33333	143.66667	129.0	123.666664	114.333336	112.333336	119.333336	122.0	127.666664	133.0	136.0	139.66667	149.0	154.66667	155.0	158.66667	
99.333336	100.0	101.666664	100.666664	101.0	101.666664	99.333336	96.333336	95.333336	100.0	102.666664	99.666664	104.0	119.0	128.0	137.33333	153.33333	165.0	165.66667	162.33333	155.33333	141.66667	124.0	108.666664	100.0	97.333336	97.666664	104.0	110.666664	115.0	122.333336	129.0	138.66667	145.0	154.33333	161.0	
106.333336	103.333336	97.666664	91.333336	86.666664	83.666664	77.666664	70.666664	75.666664	100.0	112.333336	100.333336	91.666664	102.333336	111.666664	124.0	145.33333	163.66667	166.0	157.33333	148.0	138.0	117.333336	98.333336	94.0	86.666664	84.666664	90.0	98.333336	110.333336	109.333336	117.666664	130.33333	144.33333	160.33333	170.0	
113.666664	111.0	103.0	94.666664	90.333336	88.666664	89.333336	80.0	87.0	122.666664	139.66667	116.333336	90.0	91.666664	97.0	110.666664	140.66667	170.0	178.0	166.33333	147.33333	128.33333	105.333336	94.666664	107.333336	100.333336	91.666664	96.0	118.333336	132.33333	116.0	121.0	138.33333	157.33333	172.0	178.0	
115.666664	118.333336	117.666664	113.666664	111.333336	113.333336	119.666664	114.666664	117.666664	142.33333	153.66667	127.666664	97.666664	92.0	93.0	106.333336	140.33333	179.0	194.0	181.0	155.33333	136.0	116.666664	107.0	124.0	126.333336	115.0	124.0	150.33333	156.33333	143.33333	147.33333	162.66667	175.33333	182.0	183.0	
123.0	130.33333	136.66667	134.0	130.66667	132.66667	140.33333	144.0	145.0	155.0	160.33333	144.0	126.333336	118.0	112.333336	117.0	145.33333	183.66667	200.0	188.33333	169.0	161.0	150.66667	134.33333	130.66667	139.33333	143.33333	148.33333	161.66667	162.66667	162.66667	170.0	179.33333	184.0	187.33333	182.66667	
128.0	140.66667	151.0	149.0	146.33333	148.66667	150.33333	154.66667	158.0	159.33333	162.0	159.33333	153.0	146.33333	137.0	131.66667	149.66667	182.0	197.66667	189.33333	176.66667	178.66667	175.0	161.66667	149.66667	152.66667	158.33333	162.33333	167.66667	172.0	176.33333	181.33333	186.66667	189.33333	189.0	180.66667	
129.33333	143.66667	156.33333	158.0	158.66667	163.0	166.66667	169.0	170.66667	168.33333	168.0	166.33333	161.33333	156.0	145.66667	135.33333	150.33333	182.0	198.0	190.0	177.33333	183.0	188.66667	186.0	176.0	172.66667	171.66667	175.33333	181.33333	187.0	190.33333	191.0	192.66667	192.0	188.0	179.33333	
124.0	138.66667	153.33333	158.66667	162.66667	169.33333	176.66667	177.66667	176.33333	174.33333	173.0	170.66667	165.66667	156.33333	142.33333	130.33333	145.33333	180.0	199.0	190.0	175.0	180.0	193.66667	198.0	191.0	186.33333	183.33333	186.0	190.33333	195.66667	197.66667	196.66667	195.0	190.0	183.33333	174.0	
114.0	129.0	144.33333	153.0	159.66667	167.33333	173.33333	175.0	176.0	178.0	176.66667	173.33333	166.33333	151.0	134.66667	125.0	142.0	177.0	199.66667	191.66667	173.66667	175.66667	187.0	194.66667	193.33333	192.66667	191.66667	193.0	194.33333	195.66667	195.66667	194.0	191.66667	186.0	178.33333	164.66667	
105.666664	119.666664	134.33333	145.33333	153.33333	159.66667	164.33333	167.66667	173.0	178.0	176.66667	171.0	161.0	143.0	128.66667	123.666664	139.66667	173.33333	199.0	191.0	173.33333	174.33333	181.66667	188.33333	191.0	191.66667	191.66667	192.0	190.33333	189.0	188.66667	187.66667	185.66667	180.33333	173.33333	161.0	
96.333336	109.0	123.666664	136.0	145.33333	152.0	156.33333	161.66667	168.66667	173.0	171.66667	164.0	152.0	133.33333	124.333336	124.333336	136.66667	165.33333	194.66667	185.66667	169.33333	171.66667	178.66667	186.0	189.0	189.66667	188.66667	187.66667	185.33333	183.0	180.33333	179.33333	177.33333	172.33333	164.66667	155.66667	
85.0	96.0	112.333336	127.333336	139.66667	148.33333	155.66667	162.66667	166.33333	168.0	168.0	163.0	145.66667	126.333336	122.0	125.333336	138.33333	161.0	190.33333	184.0	167.66667	168.0	173.33333	182.66667	188.66667	192.0	189.66667	188.33333	187.33333	183.66667	180.33333	178.33333	173.33333	165.66667	158.66667	148.33333	
80.333336	89.0	103.0	118.666664	134.66667	147.33333	157.66667	164.33333	166.0	165.0	165.33333	159.33333	140.66667	121.333336	119.0	124.666664	142.0	163.33333	185.0	178.33333	165.66667	165.0	166.66667	174.66667	185.0	190.0	188.0	188.0	187.33333	184.33333	182.66667	176.66667	168.33333	159.0	152.33333	141.0	
78.333336	84.666664	95.0	109.0	127.333336	144.33333	157.33333	163.33333	163.0	163.0	162.33333	155.0	134.66667	122.666664	124.666664	130.33333	148.0	168.33333	182.0	173.66667	162.66667	161.66667	161.0	167.0	179.0	185.0	185.66667	187.33333	188.33333	186.33333	181.33333	172.0	162.33333	153.66667	147.0	138.33333	
77.666664	82.0	88.666664	99.0	117.666664	137.0	151.66667	158.33333	159.66667	161.66667	161.0	148.66667	125.333336	122.0	130.33333	137.33333	155.0	177.0	193.0	181.0	166.33333	162.33333	160.0	162.33333	169.66667	177.33333	180.66667	183.66667	186.0	182.66667	175.33333	165.33333	156.33333	150.0	145.33333	138.66667	
76.333336	80.666664	84.0	90.666664	107.666664	127.0	143.33333	151.66667	157.33333	161.0	159.66667	144.33333	118.333336	115.666664	123.0	130.33333	154.0	179.33333	194.0	183.66667	166.0	158.66667	155.33333	158.33333	165.33333	173.0	175.66667	179.66667	182.33333	178.0	169.66667	159.66667	154.33333	150.66667	145.33333	135.66667	
76.0	79.333336	81.333336	85.0	99.0	118.0	135.0	146.0	154.33333	160.33333	157.33333	141.33333	112.333336	102.333336	101.333336	106.666664	135.0	162.66667	172.0	167.33333	152.0	144.66667	144.33333	156.0	170.0	175.0	176.66667	179.0	179.33333	175.0	166.33333	158.0	154.33333	151.33333	144.0	132.0	
74.333336	79.333336	82.333336	84.666664	96.666664	111.0	127.0	142.0	153.33333	159.33333	156.33333	139.66667	111.333336	96.0	87.333336	87.333336	110.0	139.0	147.66667	144.0	128.0	116.666664	129.33333	156.66667	175.33333	179.0	180.33333	178.66667	174.33333	168.0	161.66667	156.0	152.33333	152.33333	146.0	129.33333	
71.333336	79.333336	84.666664	85.0	93.333336	105.666664	121.333336	137.33333	149.0	155.0	151.0	138.0	116.0	93.333336	82.0	81.666664	97.0	116.333336	123.666664	127.0	119.0	112.666664	133.0	164.66667	181.0	182.33333	181.33333	177.66667	173.33333	168.0	163.0	158.33333	155.33333	152.33333	146.33333	123.333336	
66.666664	79.0	86.666664	85.0	89.666664	100.0	115.666664	131.66667	143.66667	147.66667	144.33333	134.33333	117.666664	95.0	83.333336	84.333336	95.333336	109.333336	120.333336	130.0	129.33333	127.333336	146.66667	171.33333	181.0	182.0	179.66667	176.33333	172.0	167.33333	161.66667	158.66667	158.0	151.0	143.66667	111.666664	
63.0	76.0	85.666664	86.333336	88.0	94.666664	109.666664	125.0	134.33333	136.66667	134.66667	127.666664	115.333336	100.333336	89.666664	89.666664	101.0	114.0	126.666664	137.66667	141.33333	141.0	154.0	169.33333	174.66667	177.33333	177.66667	175.33333	171.66667	166.33333	160.66667	159.33333	159.66667	152.0	138.33333	100.0	
61.0	72.0	83.333336	88.0	88.333336	90.0	102.666664	116.666664	122.333336	124.333336	124.666664	121.333336	115.333336	108.666664	103.666664	106.0	116.0	124.333336	129.33333	138.33333	147.33333	149.33333	154.33333	162.66667	166.66667	167.66667	168.33333	169.0	168.33333	164.66667	160.66667	158.33333	158.0	152.66667	128.0	80.666664	
58.0	66.333336	79.666664	88.333336	88.0	86.333336	97.333336	109.666664	114.333336	115.0	115.333336	115.333336	115.333336	116.0	120.666664	131.33333	143.33333	146.66667	142.0	147.33333	157.66667	159.0	156.66667	157.0	157.0	154.0	152.66667	156.66667	160.33333	159.33333	158.0	155.0	153.66667	148.0	112.333336	60.333332	
53.0	58.333332	71.0	83.666664	87.333336	85.333336	95.333336	105.0	110.333336	108.666664	101.666664	97.0	96.666664	102.666664	112.333336	127.333336	147.66667	157.66667	153.66667	154.0	155.33333	153.33333	148.0	143.33333	140.0	136.33333	140.33333	150.0	157.66667	158.66667	156.0	152.66667	153.33333	138.0	90.0	40.666668	
50.666668	51.666668	61.0	74.666664	82.666664	84.666664	90.0	101.0	109.666664	107.0	95.0	81.333336	68.666664	71.333336	76.0	84.0	102.333336	121.333336	127.666664	124.0	116.666664	112.666664	113.333336	119.666664	123.666664	124.666664	133.33333	146.66667	155.66667	157.0	153.0	150.66667	148.66667	121.0	66.666664	26.666666	
52.333332	50.0	53.333332	61.666668	73.333336	79.0	84.333336	98.0	111.666664	115.0	107.333336	94.0	78.0	77.0	78.333336	77.333336	81.333336	90.0	96.333336	103.0	109.666664	116.0	122.333336	133.33333	141.33333	142.66667	147.0	152.33333	156.33333	154.33333	150.0	148.33333	135.66667	93.0	41.0	17.666666	
52.333332	50.0	48.666668	53.333332	65.666664	76.333336	81.666664	94.666664	110.666664	120.333336	122.333336	118.0	106.333336	100.333336	104.0	108.0	107.666664	109.0	113.666664	122.333336	135.0	146.66667	150.66667	156.66667	162.33333	161.66667	159.0	155.66667	154.0	150.66667	149.66667	143.66667	111.666664	63.0	27.333334	16.0	
54.0	53.333332	49.666668	48.666668	59.333332	71.333336	77.666664	89.333336	102.666664	114.333336	122.333336	123.333336	114.666664	108.0	113.333336	122.666664	126.0	126.666664	127.666664	129.66667	138.33333	147.33333	153.33333	157.66667	162.66667	162.66667	159.33333	155.0	154.33333	152.0	148.66667	127.666664	82.666664	42.666668	24.666666	19.333334	
58.0	59.0	54.0	47.0	52.666668	64.0	72.0	82.0	94.333336	106.333336	116.333336	122.333336	120.0	118.333336	122.0	125.0	124.666664	123.0	125.666664	134.33333	142.66667	149.33333	156.33333	161.0	161.33333	159.33333	155.0	152.0	152.33333	150.33333	138.0	105.0	56.666668	31.333334	24.0	22.333334	
57.0	61.666668	59.0	51.0	50.0	55.333332	63.666668	75.666664	86.0	97.333336	112.0	124.666664	130.33333	134.66667	136.0	136.0	133.33333	132.0	140.0	152.0	160.66667	164.33333	167.66667	170.33333	164.33333	155.66667	153.0	152.66667	149.33333	137.66667	115.666664	90.666664	48.0	26.0	23.0	24.333334	
53.666668	62.333332	62.0	56.0	50.333332	45.333332	50.666668	66.0	79.0	90.333336	105.0	120.666664	135.33333	145.33333	150.66667	154.66667	153.66667	156.0	165.66667	171.66667	175.0	175.66667	175.66667	173.33333	165.0	158.66667	156.33333	149.0	134.0	113.333336	99.333336	90.0	45.666668	23.333334	24.0	24.333334	
47.0	60.666668	62.0	58.333332	54.666668	47.0	44.0	54.0	67.333336	81.0	94.666664	108.0	126.0	140.66667	148.66667	154.0	154.66667	158.33333	165.66667	170.0	173.0	173.0	171.0	167.0	161.66667	155.0	146.66667	131.33333	110.333336	93.0	91.333336	89.333336	46.666668	30.333334	34.333332	29.333334	
31.0	50.0	61.666668	62.333332	59.0	54.333332	48.0	45.333332	53.333332	69.333336	82.333336	92.666664	111.0	129.33333	140.33333	147.66667	152.0	152.66667	155.66667	162.0	167.0	167.0	162.66667	156.66667	152.0	141.33333	124.0	108.0	97.666664	86.666664	78.333336	71.333336	41.0	40.666668	46.666668	37.666668	
18.0	30.0	51.666668	62.666668	60.666668	59.0	56.0	49.333332	48.333332	56.666668	68.333336	79.333336	97.0	116.0	127.666664	137.0	145.0	146.0	145.66667	151.33333	155.33333	155.66667	149.33333	140.66667	131.33333	118.333336	104.666664	96.666664	94.333336	79.0	55.0	46.666668	36.333332	47.333332	52.333332	44.0	
19.333334	14.0	32.0	53.333332	61.333332	63.666668	60.666668	56.333332	51.0	48.666668	56.0	69.0	86.333336	102.333336	112.333336	121.666664	130.0	133.0	133.33333	136.0	139.33333	139.66667	133.66667	121.0	105.333336	96.666664	95.666664	96.666664	91.666664	67.666664	41.0	39.666668	41.333332	54.0	56.333332	49.0	
