172.0	170.0	170.66667	170.66667	173.0	166.33333	107.666664	60.0	79.333336	132.66667	154.33333	162.0	163.66667	163.33333	173.0	185.0	191.33333	195.66667	195.0	196.33333	200.0	204.66667	203.33333	209.66667	212.33333	210.33333	210.0	212.66667	215.66667	214.33333	207.33333	193.66667	173.33333	149.0	127.0	107.333336	
171.0	169.33333	169.66667	170.0	172.0	163.0	109.666664	72.333336	117.333336	161.0	178.33333	184.0	183.33333	180.0	187.33333	195.66667	199.66667	202.33333	205.0	208.33333	210.66667	214.66667	211.66667	212.66667	212.66667	213.33333	214.66667	217.0	218.66667	218.0	215.33333	209.0	199.66667	179.33333	149.0	118.0	
173.0	171.66667	170.33333	171.66667	171.66667	163.0	103.0	92.0	149.66667	174.66667	184.66667	190.0	188.0	185.0	191.0	199.0	201.0	203.0	208.0	209.33333	209.0	214.0	214.66667	213.66667	213.66667	216.33333	219.0	218.33333	221.0	222.66667	221.66667	219.33333	213.0	198.33333	165.0	123.333336	
175.0	172.66667	171.0	170.66667	172.66667	146.0	90.0	116.666664	164.33333	180.0	187.66667	192.0	190.66667	187.33333	193.66667	200.33333	201.0	204.66667	208.66667	209.66667	213.0	214.33333	213.66667	215.33333	215.0	218.66667	222.0	220.0	222.33333	226.0	225.66667	225.33333	222.33333	210.66667	178.33333	134.66667	
175.0	173.33333	172.0	171.66667	169.66667	115.0	77.666664	136.33333	170.0	183.33333	190.33333	193.33333	191.33333	190.33333	197.66667	201.66667	202.33333	207.33333	208.66667	209.66667	214.66667	216.33333	216.0	217.66667	219.0	218.33333	222.0	221.33333	220.66667	224.66667	227.0	224.33333	223.0	217.0	191.0	145.0	
175.33333	174.33333	173.33333	174.0	158.0	91.333336	84.666664	147.66667	170.33333	183.66667	189.33333	192.0	192.33333	191.33333	199.33333	203.0	203.66667	209.33333	208.66667	210.33333	215.0	221.0	222.33333	220.33333	221.66667	218.66667	220.33333	222.0	222.0	222.0	222.33333	220.0	220.33333	220.0	199.66667	155.33333	
176.33333	174.66667	173.66667	174.66667	151.0	79.0	99.333336	152.66667	170.66667	182.66667	189.33333	190.66667	194.0	191.66667	200.66667	203.66667	205.66667	208.66667	208.66667	209.66667	214.33333	222.66667	224.66667	221.33333	218.33333	217.66667	216.33333	218.66667	220.33333	219.0	212.66667	213.33333	219.0	220.66667	201.0	162.0	
176.33333	174.0	173.33333	175.0	147.33333	75.0	108.666664	155.66667	171.0	181.33333	188.66667	190.0	194.33333	194.0	206.33333	206.66667	209.66667	207.33333	208.0	211.0	211.66667	217.33333	218.66667	218.0	216.33333	216.33333	216.66667	218.66667	220.33333	219.0	212.0	212.0	220.0	216.0	196.66667	161.66667	
175.66667	175.33333	173.66667	178.33333	153.66667	76.0	116.666664	156.33333	170.33333	180.33333	189.0	192.33333	195.0	196.0	207.33333	206.66667	209.33333	205.66667	207.33333	210.66667	208.0	208.66667	210.0	211.66667	214.33333	216.0	217.66667	218.33333	216.33333	217.33333	217.33333	216.33333	219.66667	213.33333	194.33333	159.33333	
176.33333	175.33333	176.0	178.33333	158.66667	77.0	125.333336	160.0	172.0	181.66667	194.0	197.33333	197.0	201.66667	205.66667	204.66667	207.66667	205.0	207.0	208.66667	209.0	212.0	212.0	209.66667	209.33333	212.33333	215.33333	218.0	214.66667	215.33333	214.33333	216.33333	218.0	210.66667	193.33333	160.33333	
177.33333	176.66667	176.66667	178.0	155.0	83.333336	133.66667	157.0	170.66667	182.33333	199.66667	200.0	199.0	204.66667	201.0	203.66667	204.0	202.66667	209.33333	209.33333	211.66667	214.33333	214.33333	213.66667	213.33333	213.0	213.0	213.66667	213.0	214.33333	215.0	215.0	211.66667	207.0	189.33333	157.0	
178.66667	179.0	178.33333	177.66667	132.33333	91.333336	146.66667	156.66667	169.0	178.66667	196.33333	199.0	204.0	208.0	198.0	202.33333	199.33333	203.0	211.66667	206.66667	206.33333	206.66667	208.33333	209.33333	212.33333	216.33333	218.33333	218.0	216.0	212.66667	215.0	216.0	211.66667	207.0	191.33333	158.33333	
180.66667	181.33333	181.33333	178.66667	126.666664	118.666664	152.0	161.0	165.66667	171.0	187.66667	193.66667	202.0	205.0	189.33333	197.66667	196.66667	200.66667	210.0	203.33333	203.33333	205.0	203.66667	202.0	207.66667	211.33333	215.0	220.33333	222.0	214.66667	213.0	215.66667	214.0	211.0	202.66667	174.33333	
179.66667	180.33333	181.0	179.33333	137.33333	123.666664	137.0	160.0	166.0	165.0	174.0	179.0	189.66667	192.33333	181.33333	190.33333	186.66667	190.66667	205.66667	206.33333	200.66667	193.33333	177.66667	173.0	170.33333	169.0	189.0	205.33333	217.33333	216.33333	213.33333	212.33333	214.0	213.66667	208.66667	187.33333	
179.0	180.0	179.0	160.66667	120.333336	104.333336	117.666664	133.33333	145.0	147.66667	153.33333	150.66667	170.0	184.66667	175.66667	178.0	168.33333	163.66667	175.66667	173.66667	156.33333	140.66667	131.66667	131.66667	134.33333	136.66667	154.33333	169.66667	189.0	204.0	209.0	211.66667	214.33333	214.66667	212.66667	195.33333	
179.33333	180.33333	178.66667	160.66667	120.666664	96.666664	107.666664	110.0	116.666664	115.0	119.333336	122.666664	147.33333	170.33333	172.33333	171.0	155.66667	132.66667	126.333336	121.333336	111.0	109.0	120.0	136.0	154.0	155.0	147.66667	151.0	165.0	187.0	205.33333	214.33333	218.33333	219.66667	217.33333	196.66667	
179.33333	180.66667	180.33333	175.33333	139.0	97.333336	119.333336	129.0	120.0	106.333336	111.333336	111.666664	116.666664	133.0	153.0	164.0	155.0	132.0	113.666664	104.0	98.0	113.0	142.0	167.66667	182.0	179.33333	166.33333	156.33333	159.33333	180.0	204.66667	217.0	222.66667	224.0	222.33333	199.0	
179.33333	179.66667	179.33333	179.33333	155.0	108.333336	111.333336	99.0	93.0	118.0	148.33333	122.666664	112.0	148.0	184.0	192.0	175.33333	158.0	136.0	113.333336	96.333336	104.333336	109.0	126.666664	147.0	163.33333	170.66667	163.0	159.33333	173.0	197.66667	215.0	223.0	224.33333	224.0	203.0	
180.33333	180.33333	178.66667	180.33333	167.0	118.333336	89.666664	82.333336	113.0	139.0	170.66667	143.33333	128.66667	173.66667	198.0	194.33333	179.66667	171.0	160.33333	137.0	119.666664	128.33333	124.666664	139.33333	159.33333	141.0	139.66667	156.33333	167.66667	175.0	197.66667	214.66667	217.66667	219.66667	220.66667	207.0	
182.0	180.66667	179.66667	180.66667	168.33333	127.666664	108.0	110.0	133.33333	147.0	151.33333	141.66667	154.0	189.66667	202.66667	197.33333	182.66667	177.0	169.33333	148.33333	132.66667	136.33333	149.66667	169.0	184.33333	178.33333	167.33333	167.0	180.0	190.66667	199.33333	210.66667	214.33333	219.0	218.66667	211.0	
182.66667	181.0	180.66667	182.33333	167.0	131.0	123.333336	133.33333	147.0	150.33333	149.33333	145.66667	169.0	199.0	208.0	204.33333	191.33333	184.66667	185.33333	169.0	147.66667	144.33333	162.66667	182.0	190.0	189.0	187.0	186.33333	185.0	194.0	204.33333	211.33333	214.33333	215.0	214.33333	212.66667	
182.0	180.0	180.33333	181.66667	166.66667	140.33333	136.0	142.33333	147.33333	144.33333	142.66667	150.0	178.33333	202.33333	207.66667	204.0	198.66667	192.33333	195.33333	191.66667	170.33333	159.33333	163.0	175.0	183.0	182.66667	185.66667	190.33333	196.66667	206.0	214.66667	216.0	216.0	214.0	212.66667	210.66667	
180.0	179.0	180.66667	182.66667	163.66667	143.66667	143.0	138.0	137.33333	141.33333	148.33333	161.0	185.66667	201.0	202.0	202.0	202.66667	198.33333	195.0	193.0	188.33333	177.0	167.33333	164.66667	165.33333	170.33333	188.0	199.0	207.33333	213.33333	213.0	216.0	218.33333	211.66667	210.66667	206.66667	
179.33333	179.0	180.33333	183.0	161.33333	143.33333	152.0	153.66667	152.66667	157.33333	153.66667	170.33333	193.33333	202.33333	202.66667	197.33333	194.33333	190.0	191.33333	194.33333	192.33333	195.33333	192.0	182.66667	176.66667	181.66667	193.33333	204.33333	212.33333	216.33333	215.66667	215.33333	213.33333	207.33333	205.66667	200.66667	
178.0	177.33333	178.33333	181.0	160.0	141.33333	153.33333	161.0	166.66667	163.66667	151.66667	175.0	198.66667	205.0	203.0	194.0	185.0	173.0	170.66667	178.0	188.0	199.66667	202.33333	198.0	195.0	195.66667	198.66667	208.33333	211.66667	214.0	214.66667	211.33333	206.33333	201.33333	199.0	199.0	
178.0	178.33333	178.66667	181.33333	160.0	142.0	157.33333	165.66667	168.0	153.66667	145.0	177.33333	201.66667	206.33333	201.66667	199.66667	192.0	186.33333	173.33333	155.0	174.0	197.0	203.33333	203.0	203.33333	205.66667	207.66667	213.33333	212.66667	211.33333	209.0	205.66667	200.33333	196.0	195.33333	200.33333	
178.66667	178.0	178.33333	181.0	163.66667	141.66667	158.0	166.0	161.66667	138.0	140.66667	167.33333	190.33333	201.66667	199.66667	202.33333	198.0	194.33333	186.33333	153.33333	150.33333	181.33333	199.33333	208.66667	209.0	214.66667	215.66667	216.0	215.66667	210.0	202.66667	200.66667	194.0	194.66667	198.0	205.0	
178.66667	177.66667	178.0	181.0	167.66667	140.66667	155.66667	161.0	150.33333	115.666664	127.666664	150.33333	164.0	178.33333	181.0	166.66667	149.0	150.0	161.0	151.33333	143.33333	156.0	184.66667	203.33333	210.66667	214.33333	215.0	216.33333	213.33333	207.33333	199.0	196.66667	192.33333	196.33333	204.66667	211.33333	
179.0	176.66667	176.33333	178.0	170.66667	141.66667	151.33333	154.0	134.0	105.333336	114.0	124.333336	136.0	145.66667	137.33333	126.666664	128.66667	136.33333	143.0	159.0	166.33333	144.66667	164.0	188.66667	201.33333	207.33333	207.33333	209.33333	206.66667	202.33333	198.33333	195.33333	193.33333	201.66667	209.33333	215.33333	
180.66667	178.66667	178.0	178.0	171.0	138.66667	144.0	144.66667	127.333336	121.666664	119.0	108.0	104.666664	112.333336	117.666664	135.33333	163.0	174.66667	179.66667	180.33333	173.0	158.0	146.66667	169.33333	187.66667	196.33333	199.66667	201.66667	202.0	204.33333	202.66667	201.33333	202.66667	207.0	207.66667	212.0	
182.0	180.0	179.0	179.0	175.33333	138.0	132.66667	133.66667	125.666664	135.66667	131.66667	122.0	120.0	125.333336	129.0	148.0	172.66667	179.66667	183.33333	181.33333	179.0	170.66667	152.66667	154.33333	176.33333	187.0	191.0	196.0	199.66667	207.0	208.33333	210.33333	217.66667	212.66667	210.33333	212.66667	
182.66667	181.66667	180.66667	181.0	178.33333	141.33333	128.66667	131.66667	127.666664	141.66667	137.33333	135.33333	140.0	149.33333	144.66667	156.0	178.66667	186.33333	187.33333	186.0	183.33333	172.33333	167.0	155.33333	162.0	183.33333	188.66667	190.33333	196.0	207.0	211.0	216.0	217.66667	213.66667	212.33333	211.33333	
181.66667	181.66667	180.33333	181.33333	181.66667	148.66667	126.0	133.66667	131.66667	144.66667	137.33333	140.0	149.33333	163.33333	158.66667	164.0	181.0	190.66667	191.0	188.33333	184.66667	174.33333	169.33333	167.33333	152.66667	174.0	192.0	194.33333	197.33333	209.0	213.0	217.66667	216.33333	213.0	208.0	204.33333	
182.33333	181.33333	180.0	181.33333	180.66667	155.0	126.333336	141.66667	134.33333	134.33333	124.0	121.666664	126.333336	147.0	155.0	154.66667	164.0	175.66667	179.66667	172.66667	170.0	160.33333	156.0	165.0	158.0	166.0	191.0	198.33333	196.66667	209.0	213.0	212.66667	213.33333	207.66667	200.33333	196.33333	
182.33333	182.33333	181.0	179.66667	179.33333	163.33333	129.66667	146.0	142.33333	126.666664	109.0	84.333336	85.333336	113.666664	123.0	123.333336	124.666664	129.0	131.33333	131.0	129.33333	123.666664	123.0	146.0	159.66667	171.33333	193.0	196.66667	195.66667	206.0	211.0	208.66667	207.66667	201.33333	189.66667	190.33333	
182.0	182.66667	181.33333	180.0	179.66667	170.33333	133.0	140.33333	152.0	135.66667	118.0	88.0	65.666664	93.333336	117.666664	126.333336	131.33333	129.66667	117.0	125.0	124.666664	115.0	104.666664	129.0	150.0	173.33333	193.66667	195.66667	194.33333	202.33333	206.0	206.66667	206.0	196.0	180.66667	183.0	
182.0	182.0	182.33333	181.33333	180.0	174.33333	139.33333	134.0	156.33333	147.66667	132.66667	118.333336	100.333336	112.666664	124.666664	135.66667	142.0	148.33333	150.66667	152.66667	156.0	156.66667	161.0	149.66667	147.0	173.33333	191.66667	193.0	189.0	197.0	198.0	200.66667	198.33333	185.33333	173.33333	172.66667	
181.0	182.33333	183.33333	182.0	178.33333	174.66667	148.66667	129.66667	151.66667	151.66667	140.0	132.0	126.333336	135.66667	146.33333	146.33333	150.66667	166.0	173.0	177.33333	184.0	191.33333	189.0	173.66667	156.0	173.33333	189.33333	188.0	186.33333	192.0	191.66667	195.66667	191.0	176.66667	168.0	166.33333	
182.0	183.33333	182.66667	181.0	177.0	173.0	155.33333	127.666664	148.66667	151.33333	141.66667	138.33333	133.66667	141.66667	149.0	151.0	158.0	174.0	183.33333	192.66667	200.0	197.0	191.33333	180.33333	162.66667	174.33333	191.0	183.66667	181.33333	189.0	188.0	188.33333	181.33333	168.33333	161.0	164.0	
183.0	184.0	182.66667	181.66667	177.66667	172.33333	159.0	130.0	144.33333	150.33333	141.0	139.33333	132.33333	134.0	137.33333	138.33333	143.0	155.33333	173.0	185.33333	193.0	188.33333	189.0	184.33333	169.66667	172.66667	185.0	184.66667	179.0	185.33333	185.66667	184.33333	172.0	163.33333	162.66667	168.0	
184.33333	185.0	183.66667	182.66667	178.66667	172.66667	165.33333	139.66667	135.33333	148.66667	140.66667	141.66667	137.66667	137.33333	141.33333	145.0	147.0	157.33333	173.0	185.0	187.66667	185.66667	188.0	188.0	180.0	174.66667	182.33333	182.33333	180.0	183.66667	183.0	179.66667	170.0	167.66667	169.0	171.33333	
185.0	185.0	183.66667	182.66667	178.66667	174.66667	172.0	150.66667	126.0	140.33333	138.0	146.33333	148.0	145.33333	150.33333	161.66667	168.66667	177.66667	183.33333	189.33333	191.66667	191.66667	192.33333	191.33333	185.66667	180.33333	182.66667	179.66667	179.33333	177.33333	177.33333	172.66667	170.0	172.66667	170.66667	175.33333	
184.0	185.0	183.66667	182.0	177.33333	174.0	156.66667	108.333336	92.333336	123.333336	135.33333	146.33333	148.66667	149.66667	159.33333	169.0	179.33333	184.66667	188.66667	194.33333	196.33333	193.66667	195.66667	193.33333	185.0	178.33333	176.66667	171.0	165.66667	167.66667	177.66667	170.0	169.33333	172.66667	174.33333	181.0	
184.66667	185.0	183.66667	182.0	174.0	145.33333	85.666664	43.333332	49.333332	91.333336	125.333336	136.33333	142.0	152.33333	162.33333	168.33333	174.0	182.66667	189.66667	193.33333	195.66667	194.66667	195.66667	189.66667	172.66667	163.66667	162.66667	152.66667	146.0	161.0	170.0	168.33333	170.66667	172.33333	175.33333	191.33333	
184.66667	184.66667	182.33333	172.66667	135.0	73.333336	35.666668	34.666668	37.333332	53.666668	104.666664	128.33333	136.0	146.66667	156.66667	157.0	156.66667	163.0	173.0	179.0	185.66667	186.66667	184.33333	173.66667	157.66667	149.66667	149.66667	147.66667	146.33333	161.0	167.66667	168.33333	170.0	172.66667	185.66667	221.33333	
182.33333	178.66667	159.33333	118.0	63.333332	39.333332	34.333332	34.666668	29.333334	27.0	68.333336	114.666664	124.333336	132.33333	141.66667	143.66667	142.66667	142.33333	147.66667	156.33333	162.66667	164.66667	166.33333	165.0	157.33333	153.33333	159.33333	162.0	160.66667	164.33333	166.33333	167.33333	171.0	189.0	227.0	249.33333	
133.66667	111.333336	76.666664	47.666668	32.666668	30.666666	29.666666	25.333334	20.666666	19.0	31.333334	78.333336	107.666664	116.666664	122.333336	127.333336	129.0	129.66667	130.33333	138.66667	146.0	145.66667	150.0	157.0	159.66667	162.0	165.0	166.66667	165.66667	161.33333	164.66667	173.0	199.66667	237.33333	250.66667	253.66667	
47.333332	38.666668	31.333334	28.333334	26.0	27.666666	26.666666	20.666666	17.0	16.0	14.666667	26.0	63.0	91.666664	99.666664	107.666664	112.0	112.333336	114.666664	122.666664	131.0	137.33333	148.66667	154.0	156.0	155.66667	159.0	163.66667	159.33333	155.66667	172.0	211.33333	243.0	251.33333	252.66667	253.33333	
28.333334	28.333334	26.666666	25.0	27.0	27.0	24.666666	21.0	17.666666	14.333333	12.333333	10.0	25.666666	60.0	90.0	102.0	106.666664	109.333336	115.333336	123.0	129.66667	136.66667	144.0	145.66667	142.66667	146.0	154.0	155.33333	154.0	176.0	221.0	248.66667	253.0	253.33333	253.0	252.66667	
