100.333336	111.0	119.0	119.0	123.0	127.666664	127.333336	134.66667	138.66667	138.66667	139.66667	143.0	146.0	146.66667	147.33333	143.0	140.66667	139.0	135.0	136.66667	136.66667	134.33333	129.33333	125.0	121.666664	116.666664	109.0	104.0	95.666664	94.333336	122.666664	151.0	160.33333	136.66667	86.0	44.666668	
103.0	114.666664	117.666664	118.666664	123.666664	128.33333	128.66667	132.66667	136.33333	140.0	142.33333	145.33333	148.0	148.33333	147.0	145.33333	144.66667	144.33333	139.33333	138.0	140.33333	137.0	131.0	126.333336	123.0	116.666664	108.666664	105.333336	97.666664	88.666664	105.333336	136.0	155.0	144.0	115.333336	62.0	
104.666664	111.333336	113.0	117.333336	124.0	125.0	127.666664	129.0	136.33333	143.33333	144.66667	148.0	149.66667	150.66667	149.33333	148.33333	147.66667	147.33333	141.0	137.33333	140.33333	139.0	133.0	127.333336	122.0	116.0	110.666664	106.333336	99.0	89.0	92.666664	118.333336	147.66667	145.66667	126.333336	86.333336	
104.333336	108.333336	110.666664	120.333336	124.666664	124.666664	129.66667	135.0	141.0	145.33333	147.33333	148.0	149.0	151.0	151.0	150.33333	150.33333	147.33333	142.66667	139.0	139.33333	138.0	134.0	127.333336	121.333336	116.666664	111.666664	106.0	100.333336	89.333336	90.0	107.666664	132.66667	140.0	128.66667	98.333336	
102.0	107.0	112.666664	125.333336	128.66667	127.666664	132.66667	138.0	142.33333	143.66667	143.0	146.0	148.33333	149.66667	150.66667	153.33333	154.33333	152.66667	151.0	144.0	141.0	137.33333	134.0	131.33333	124.333336	118.0	111.666664	107.333336	100.666664	92.0	86.333336	100.333336	123.333336	137.33333	125.333336	98.0	
101.0	104.0	113.333336	125.666664	128.33333	128.66667	133.66667	139.0	143.33333	144.33333	145.66667	150.66667	156.66667	156.33333	155.33333	156.33333	156.66667	155.0	152.0	148.0	144.0	140.0	135.0	132.0	128.33333	121.0	114.0	108.666664	100.0	92.666664	85.666664	92.333336	116.333336	141.66667	126.333336	101.0	
100.0	102.666664	112.666664	124.0	126.333336	127.666664	135.0	141.0	147.0	149.33333	154.33333	162.66667	169.66667	165.33333	160.0	159.0	162.66667	162.0	156.66667	151.33333	144.0	141.66667	138.66667	132.33333	128.33333	121.666664	115.0	109.333336	101.0	94.0	86.333336	84.0	106.666664	142.0	131.33333	107.0	
99.333336	103.0	109.0	120.333336	127.333336	129.0	135.0	140.33333	147.66667	152.0	158.33333	171.66667	174.66667	173.0	171.0	165.0	168.33333	169.66667	162.66667	155.66667	147.66667	142.33333	140.0	133.66667	126.333336	120.0	113.0	107.666664	102.666664	95.0	88.666664	80.0	96.0	134.66667	134.66667	108.333336	
99.666664	101.666664	105.666664	118.333336	127.666664	130.0	135.0	138.33333	145.66667	150.33333	156.33333	172.33333	177.66667	182.66667	182.33333	171.66667	167.66667	165.66667	161.33333	157.0	150.66667	143.0	140.0	134.66667	124.666664	117.333336	111.0	105.666664	101.666664	97.0	90.666664	79.0	80.666664	117.666664	132.66667	106.666664	
98.0	100.666664	106.0	117.333336	128.0	131.33333	134.33333	136.66667	143.0	150.0	159.66667	176.0	172.33333	179.66667	179.66667	173.33333	167.0	165.33333	162.0	157.33333	151.66667	144.0	143.0	137.0	125.666664	117.333336	112.0	107.0	100.333336	96.0	91.0	80.333336	78.0	103.0	130.0	112.666664	
100.333336	103.0	105.666664	115.333336	124.666664	129.33333	135.33333	136.66667	139.33333	150.66667	163.0	164.0	164.33333	177.33333	178.0	172.33333	167.33333	164.0	159.66667	158.66667	153.66667	147.66667	146.33333	139.0	131.33333	122.333336	118.0	112.0	101.666664	95.0	89.333336	79.333336	76.0	91.333336	119.0	113.333336	
99.333336	105.333336	108.333336	117.666664	121.0	126.666664	131.66667	132.0	138.66667	150.33333	158.33333	158.66667	164.0	172.33333	172.66667	170.0	173.33333	164.66667	160.33333	168.33333	164.66667	157.33333	153.66667	144.0	134.66667	130.33333	123.0	111.0	95.333336	88.666664	82.0	76.0	70.333336	78.333336	106.333336	113.333336	
97.333336	106.333336	108.666664	118.666664	118.0	123.666664	129.66667	134.0	141.0	150.66667	157.66667	158.33333	161.0	163.0	165.33333	167.0	173.0	166.66667	157.66667	170.0	174.66667	168.33333	159.0	143.0	124.0	119.333336	111.333336	95.0	83.333336	89.666664	79.0	72.666664	75.333336	74.0	99.333336	105.666664	
97.0	103.333336	104.666664	113.0	112.666664	118.0	126.666664	134.66667	134.66667	146.0	160.0	161.33333	160.33333	163.33333	165.66667	162.66667	167.66667	164.33333	156.0	169.33333	178.33333	171.66667	147.33333	122.666664	103.0	97.666664	85.333336	73.333336	77.333336	78.666664	74.0	73.0	84.0	83.666664	97.666664	95.333336	
96.666664	99.0	107.333336	118.666664	114.333336	108.333336	112.333336	115.0	114.0	130.0	133.0	145.33333	147.0	154.33333	161.66667	155.33333	163.0	163.66667	156.0	163.66667	169.33333	155.0	120.333336	97.666664	83.0	68.666664	70.0	77.0	74.666664	68.666664	64.666664	66.333336	80.0	90.333336	101.666664	98.333336	
95.666664	94.333336	96.333336	112.333336	123.333336	108.666664	101.666664	106.0	100.666664	100.666664	94.0	107.666664	118.666664	129.0	139.66667	144.33333	158.66667	160.33333	151.0	150.0	145.0	128.66667	100.0	79.666664	70.333336	71.333336	80.666664	92.0	87.666664	77.666664	74.333336	72.333336	81.333336	92.666664	102.333336	114.666664	
95.0	92.333336	88.0	96.0	104.666664	101.0	99.333336	101.333336	89.666664	78.666664	74.0	77.666664	92.666664	104.333336	121.0	133.33333	152.0	153.33333	140.66667	132.66667	124.0	107.0	93.666664	89.666664	94.666664	103.666664	103.0	93.333336	73.333336	67.666664	76.333336	79.666664	84.666664	90.333336	93.666664	120.666664	
90.666664	79.666664	76.666664	76.333336	79.0	92.333336	94.666664	92.666664	85.0	79.333336	79.666664	84.0	89.333336	96.333336	103.666664	121.0	143.33333	143.66667	130.66667	111.666664	96.0	96.333336	101.0	101.333336	121.333336	123.666664	105.0	80.0	64.0	58.666668	75.666664	86.0	89.0	89.333336	92.0	118.666664	
89.666664	78.0	72.0	71.0	83.0	97.0	85.0	95.0	99.333336	96.666664	93.0	94.0	96.666664	90.666664	86.0	100.666664	119.0	131.33333	121.0	93.333336	84.666664	96.666664	98.0	103.666664	121.666664	115.333336	65.666664	53.666668	61.0	61.0	78.0	87.666664	93.0	92.333336	88.0	101.0	
90.0	88.666664	85.0	80.333336	83.0	82.666664	87.0	103.666664	101.0	75.0	64.333336	73.333336	86.333336	96.666664	92.0	87.0	107.666664	125.0	121.0	85.333336	82.0	103.666664	113.666664	107.333336	120.0	117.0	88.333336	84.0	79.666664	78.333336	86.333336	94.0	100.0	97.0	91.0	94.666664	
91.0	97.333336	92.333336	78.0	64.333336	69.333336	115.333336	148.33333	105.333336	59.666668	57.0	79.666664	91.333336	108.333336	96.0	80.333336	101.666664	122.666664	123.333336	93.333336	77.0	100.333336	123.666664	125.0	121.333336	109.333336	92.666664	85.333336	84.333336	91.333336	98.0	105.333336	105.333336	99.666664	94.666664	102.333336	
91.0	97.333336	94.0	81.333336	69.666664	79.333336	104.0	121.333336	114.666664	100.666664	89.333336	90.0	102.0	105.333336	83.0	76.333336	96.333336	118.0	121.666664	104.333336	77.333336	78.666664	91.333336	102.333336	103.666664	103.666664	99.333336	96.333336	97.333336	101.666664	111.0	114.666664	109.333336	102.333336	93.0	100.333336	
98.666664	100.0	98.666664	95.333336	89.666664	90.0	97.666664	106.333336	116.333336	114.333336	101.0	99.666664	99.0	90.666664	81.0	88.666664	111.333336	130.0	129.66667	118.333336	97.333336	87.333336	89.666664	98.666664	100.0	96.333336	100.0	104.666664	107.333336	115.666664	123.666664	120.333336	113.0	104.666664	92.333336	97.0	
104.333336	109.0	108.333336	108.0	105.0	96.666664	92.666664	96.666664	102.0	103.333336	107.0	107.666664	105.0	99.0	98.333336	112.666664	123.333336	131.0	127.333336	119.333336	109.333336	100.666664	98.666664	110.333336	126.0	127.0	123.0	121.0	121.666664	125.666664	126.0	120.0	111.333336	101.333336	92.333336	91.666664	
105.0	109.333336	111.333336	117.333336	119.333336	116.666664	109.666664	106.333336	106.666664	111.333336	124.333336	127.333336	124.333336	117.0	115.333336	122.0	127.0	122.666664	118.333336	117.333336	113.333336	103.0	95.0	110.333336	133.33333	144.0	139.0	136.33333	133.0	128.33333	127.0	121.333336	110.333336	99.0	92.333336	92.666664	
100.666664	106.0	116.666664	123.0	133.0	134.33333	128.66667	126.666664	125.666664	132.66667	144.66667	149.33333	138.0	124.333336	117.333336	119.0	122.333336	119.666664	125.666664	131.66667	126.666664	110.666664	97.0	101.0	112.333336	138.66667	149.66667	149.0	140.33333	133.66667	128.66667	121.333336	110.666664	100.333336	93.333336	91.333336	
97.0	104.0	116.666664	119.666664	128.66667	133.66667	134.66667	138.66667	145.0	157.0	163.66667	145.33333	123.666664	114.0	113.666664	112.0	117.0	127.333336	137.66667	143.0	136.33333	116.333336	101.333336	103.333336	99.666664	116.666664	138.66667	149.0	143.0	134.33333	126.0	119.0	108.0	99.666664	94.333336	88.0	
91.0	99.666664	109.0	111.666664	121.333336	130.66667	138.66667	149.66667	167.66667	175.66667	150.66667	124.333336	111.0	111.0	114.0	114.0	118.0	132.33333	151.66667	166.0	145.0	121.333336	113.0	110.0	101.0	110.333336	125.0	140.66667	143.33333	134.66667	124.0	116.333336	106.333336	98.666664	92.666664	86.666664	
88.333336	96.333336	104.0	111.0	121.0	129.66667	139.0	151.66667	166.0	151.66667	128.0	118.0	113.0	112.333336	119.333336	126.0	123.333336	130.0	150.33333	160.66667	141.0	122.666664	115.0	106.333336	103.0	122.666664	128.0	135.66667	140.0	135.0	126.0	117.0	105.666664	97.0	90.666664	86.333336	
89.0	95.666664	102.666664	111.666664	122.333336	129.0	136.33333	149.0	150.66667	133.0	122.0	132.66667	125.333336	108.666664	114.333336	121.666664	122.0	122.666664	130.66667	132.0	125.333336	110.0	101.666664	101.0	113.666664	129.66667	138.0	141.0	140.33333	134.0	123.666664	115.666664	104.0	93.0	88.333336	84.666664	
87.0	92.333336	99.666664	111.0	122.0	129.66667	137.0	144.66667	143.33333	129.66667	129.33333	146.0	132.66667	114.333336	108.666664	109.333336	115.0	117.333336	108.0	107.333336	104.333336	99.666664	98.333336	102.666664	115.333336	123.666664	137.33333	138.33333	137.66667	132.0	122.666664	112.333336	97.0	85.0	83.666664	83.333336	
82.666664	88.333336	98.0	109.333336	119.666664	127.333336	130.66667	139.0	139.0	128.66667	137.33333	141.66667	130.0	118.666664	110.666664	105.333336	109.333336	118.666664	114.0	109.0	104.666664	96.666664	95.0	99.666664	111.0	120.0	130.33333	127.666664	128.66667	128.33333	115.666664	98.666664	83.333336	78.666664	81.333336	81.333336	
82.333336	85.0	94.666664	104.0	115.333336	122.666664	127.333336	136.0	138.33333	135.66667	144.33333	130.33333	127.666664	122.0	115.333336	111.0	111.666664	115.666664	117.666664	117.0	113.333336	103.333336	98.333336	106.0	112.0	119.666664	118.333336	116.666664	116.0	120.0	104.0	88.0	82.0	82.666664	81.666664	73.666664	
85.0	85.0	91.333336	100.0	110.333336	119.333336	124.666664	132.33333	138.33333	139.33333	138.0	123.0	128.33333	128.33333	126.666664	123.333336	122.333336	123.0	120.666664	117.666664	119.666664	115.333336	107.333336	112.666664	113.333336	116.0	109.666664	111.333336	114.666664	113.666664	103.333336	96.0	93.0	89.0	79.333336	69.333336	
86.0	87.333336	91.333336	96.666664	101.333336	109.0	120.0	128.33333	134.0	130.66667	122.333336	114.333336	123.0	130.0	130.33333	125.666664	120.666664	117.666664	121.0	123.0	113.666664	102.333336	103.0	105.333336	98.333336	99.666664	103.666664	110.333336	120.333336	119.333336	111.0	102.0	97.333336	88.0	73.333336	61.0	
82.333336	88.666664	96.0	101.333336	101.0	105.333336	115.333336	123.666664	128.0	121.0	109.0	106.0	116.0	114.0	108.0	108.0	104.666664	101.0	98.0	100.0	94.333336	93.666664	95.666664	89.0	77.0	83.333336	91.666664	115.0	129.33333	124.0	109.333336	100.666664	95.0	82.666664	67.333336	54.333332	
76.0	86.333336	98.0	108.0	110.666664	111.0	117.0	124.0	129.33333	124.666664	107.333336	96.0	101.666664	89.666664	82.333336	94.0	101.0	99.666664	95.666664	95.333336	90.666664	92.0	95.333336	91.0	89.333336	97.333336	89.666664	105.666664	121.333336	119.0	106.333336	100.0	93.333336	78.0	61.333332	38.333332	
69.0	83.666664	100.666664	111.333336	117.666664	116.333336	122.333336	129.0	137.66667	141.66667	116.0	94.0	109.333336	105.666664	94.0	98.333336	114.666664	119.333336	111.666664	106.333336	104.0	107.666664	108.0	96.333336	102.0	114.0	100.666664	103.333336	113.666664	112.333336	100.333336	96.333336	93.666664	77.333336	54.333332	23.0	
61.0	76.666664	98.0	110.666664	118.0	117.666664	123.333336	131.33333	141.33333	140.0	113.0	101.666664	115.333336	107.666664	99.666664	109.0	115.333336	125.666664	126.0	118.0	110.333336	105.666664	101.666664	93.333336	112.666664	119.0	109.666664	101.666664	101.666664	103.333336	95.0	92.666664	94.666664	75.333336	57.0	25.0	
56.0	69.0	90.666664	105.0	117.0	118.0	121.333336	131.0	139.66667	131.0	109.666664	108.333336	114.0	117.0	103.0	104.0	107.666664	115.666664	121.0	122.333336	124.0	117.333336	109.0	107.0	119.0	122.333336	119.333336	108.666664	93.666664	94.0	88.333336	92.333336	94.0	75.666664	100.666664	69.333336	
51.333332	61.666668	85.333336	99.333336	112.666664	118.333336	119.333336	126.333336	130.33333	118.0	111.333336	114.666664	113.333336	124.333336	122.333336	119.666664	126.666664	133.33333	133.66667	133.33333	130.0	123.333336	121.333336	119.0	122.333336	126.666664	124.666664	114.333336	93.0	88.333336	86.333336	95.666664	91.0	84.0	153.66667	121.666664	
36.0	55.0	77.666664	95.333336	109.333336	115.333336	114.333336	120.333336	122.666664	115.666664	117.666664	114.666664	114.666664	128.66667	133.66667	131.66667	136.0	133.0	134.0	136.33333	136.66667	133.66667	127.0	123.333336	124.666664	125.333336	120.0	111.333336	88.666664	81.0	85.0	98.0	84.0	85.666664	170.66667	145.66667	
27.666666	48.666668	62.333332	86.333336	105.666664	113.0	110.0	114.666664	121.0	122.333336	122.0	117.0	116.333336	133.0	134.0	127.333336	135.66667	143.33333	144.66667	145.33333	144.0	140.0	129.66667	123.666664	128.33333	126.0	112.666664	100.0	76.333336	72.666664	84.333336	85.333336	81.333336	105.0	166.66667	152.66667	
40.0	64.0	56.333332	76.0	101.0	112.666664	111.0	110.333336	117.666664	122.666664	121.333336	114.333336	115.0	127.333336	128.0	124.0	135.66667	146.33333	142.66667	138.33333	141.66667	136.66667	128.0	122.666664	125.333336	120.666664	106.0	84.333336	63.333332	70.0	80.666664	79.0	127.0	146.33333	162.33333	149.0	
54.333332	86.666664	59.0	62.0	90.333336	107.666664	107.333336	104.333336	110.333336	115.333336	115.0	108.666664	110.666664	116.0	118.0	127.666664	134.66667	139.33333	134.0	129.0	127.666664	124.333336	124.333336	117.0	113.666664	108.666664	91.666664	69.0	60.666668	68.0	71.333336	116.666664	191.66667	168.0	151.0	132.0	
67.666664	107.0	65.333336	55.0	71.0	91.333336	98.666664	98.0	98.0	101.0	101.333336	98.0	102.666664	108.666664	112.0	123.0	123.333336	117.333336	115.666664	115.0	113.0	110.0	107.666664	99.666664	100.0	95.0	77.666664	63.666668	64.0	69.333336	100.666664	191.66667	212.33333	182.66667	135.33333	112.0	
70.333336	129.33333	90.333336	59.666668	57.333332	69.666664	83.0	87.333336	85.666664	81.333336	82.333336	82.666664	87.333336	97.0	102.666664	105.666664	102.666664	98.0	91.666664	90.666664	93.0	90.666664	88.333336	83.666664	82.666664	74.333336	69.0	64.333336	67.333336	101.0	188.0	224.0	216.66667	193.66667	125.0	97.333336	
62.666668	124.666664	137.66667	79.666664	65.333336	58.333332	65.666664	72.0	70.666664	68.333336	67.0	67.666664	69.666664	75.0	86.0	90.0	89.0	87.666664	82.0	77.333336	75.333336	72.333336	68.333336	67.333336	65.666664	64.666664	68.333336	70.333336	112.0	195.33333	234.66667	227.0	218.66667	201.66667	126.666664	77.333336	
51.666668	90.666664	154.33333	157.66667	112.666664	86.666664	72.666664	64.333336	63.333332	69.666664	70.0	68.333336	65.0	59.0	61.666668	64.666664	67.0	67.0	65.333336	63.666668	64.0	65.0	62.666668	64.0	62.666668	67.333336	86.666664	140.33333	215.0	243.33333	240.33333	230.0	224.0	207.0	126.666664	49.333332	
