66.333336	74.0	87.0	88.666664	93.0	100.333336	104.666664	109.333336	109.0	106.0	104.0	111.333336	107.666664	107.666664	117.333336	84.666664	65.0	85.333336	126.0	138.66667	131.33333	121.333336	121.0	119.666664	117.666664	120.0	122.333336	120.333336	120.0	123.333336	127.333336	119.333336	106.333336	88.0	80.0	72.333336	
64.333336	73.0	88.333336	93.0	96.0	103.333336	109.333336	113.0	113.666664	113.333336	110.666664	112.333336	114.333336	112.333336	120.666664	114.666664	94.333336	79.666664	92.666664	118.0	129.0	127.666664	124.666664	115.333336	110.666664	118.666664	123.333336	124.666664	123.333336	126.0	128.66667	122.333336	112.0	95.0	86.333336	81.0	
64.333336	74.0	89.0	95.333336	100.0	106.666664	111.666664	115.0	117.666664	119.0	118.0	124.0	131.33333	120.666664	125.0	141.0	128.33333	105.0	89.333336	88.0	100.0	112.666664	107.666664	99.0	102.666664	115.333336	120.333336	122.666664	123.333336	125.666664	125.333336	121.0	112.666664	98.0	90.666664	84.333336	
68.0	81.666664	95.333336	98.666664	104.333336	111.0	112.666664	114.0	120.333336	124.666664	124.333336	131.33333	136.0	133.66667	136.33333	146.0	150.33333	137.33333	116.333336	107.0	99.666664	102.333336	109.666664	121.0	128.33333	123.666664	122.0	121.333336	124.0	127.666664	124.0	117.0	111.0	100.0	91.333336	83.333336	
71.0	86.666664	99.0	100.333336	103.666664	109.0	110.333336	113.333336	121.0	126.666664	129.0	131.66667	134.33333	137.33333	136.33333	133.33333	132.66667	127.0	119.333336	115.0	110.0	112.666664	119.666664	129.66667	133.0	126.666664	125.0	125.333336	124.333336	126.666664	122.333336	114.0	108.666664	104.0	93.666664	78.0	
75.333336	91.333336	101.333336	103.0	102.666664	107.333336	112.666664	118.666664	123.666664	127.0	129.33333	133.33333	136.66667	135.0	137.33333	139.0	137.33333	132.0	126.0	125.0	125.666664	128.66667	133.66667	135.33333	132.33333	129.66667	127.0	124.333336	124.333336	125.333336	119.333336	114.333336	109.0	105.0	96.333336	80.0	
76.666664	93.0	100.0	101.333336	99.666664	103.666664	110.333336	118.0	122.0	125.0	128.66667	134.33333	135.33333	137.0	136.0	134.33333	133.33333	133.0	133.33333	134.33333	132.0	133.0	136.0	140.0	137.0	130.0	127.0	123.666664	124.0	122.0	117.0	113.666664	104.0	99.0	95.0	88.0	
78.0	93.0	98.666664	100.666664	99.0	101.666664	107.333336	114.666664	117.333336	118.0	123.0	130.33333	131.0	129.33333	127.333336	130.0	135.0	137.33333	140.66667	141.33333	140.33333	139.0	136.66667	139.0	136.66667	128.33333	126.333336	127.333336	129.0	125.666664	117.333336	113.666664	102.333336	93.666664	91.666664	90.666664	
79.0	94.0	98.333336	100.333336	102.0	103.666664	111.0	120.0	119.0	119.666664	122.0	126.666664	127.333336	127.0	129.0	132.0	135.0	138.66667	142.66667	146.33333	147.0	146.33333	142.33333	139.66667	139.0	135.66667	130.0	130.0	130.33333	126.333336	118.666664	119.0	111.0	98.333336	86.666664	83.333336	
77.666664	94.333336	97.666664	99.0	107.0	110.333336	118.666664	124.666664	120.333336	124.333336	128.0	134.33333	135.66667	134.0	135.66667	138.66667	145.0	152.66667	151.33333	145.66667	143.66667	148.66667	145.0	140.0	138.66667	138.0	132.33333	126.0	124.333336	122.0	119.333336	120.0	112.666664	101.0	85.666664	74.333336	
82.0	97.0	99.333336	101.0	109.666664	115.0	121.666664	124.0	122.0	128.0	133.33333	147.0	146.33333	136.66667	139.33333	149.66667	150.33333	156.0	150.66667	145.0	143.33333	146.33333	141.33333	135.33333	132.0	130.66667	128.33333	123.666664	125.333336	127.666664	124.333336	112.333336	104.666664	99.666664	94.333336	84.0	
90.333336	99.333336	94.0	97.333336	107.666664	115.333336	121.0	123.0	125.0	131.33333	136.0	149.66667	147.33333	135.66667	140.0	145.33333	141.66667	147.0	138.66667	136.0	133.0	130.33333	114.666664	108.0	111.0	111.0	113.0	116.0	124.333336	128.0	126.0	117.333336	114.0	111.333336	103.333336	92.666664	
88.666664	86.333336	75.666664	80.0	91.666664	101.666664	108.666664	113.666664	115.0	119.333336	127.0	140.66667	140.66667	130.33333	137.0	135.0	125.333336	125.666664	101.666664	81.666664	74.0	78.0	81.666664	87.666664	89.0	86.666664	90.0	96.0	109.0	115.666664	119.333336	121.0	118.333336	118.0	106.666664	94.666664	
77.666664	65.0	55.333332	61.0	63.666668	66.333336	68.0	71.333336	77.0	90.666664	110.666664	129.0	130.66667	124.333336	134.0	128.33333	109.333336	96.333336	81.666664	77.666664	79.333336	97.333336	118.333336	127.0	119.333336	104.333336	92.0	89.0	100.666664	105.666664	112.333336	116.666664	119.0	118.666664	113.333336	105.0	
71.333336	69.333336	78.0	89.0	94.333336	87.666664	74.333336	72.333336	78.666664	80.0	92.666664	111.0	121.666664	130.0	137.66667	130.66667	114.333336	99.0	99.0	99.0	90.333336	91.333336	108.666664	126.666664	123.333336	120.666664	115.0	107.0	104.666664	106.0	107.0	108.666664	121.0	119.666664	119.666664	110.666664	
80.333336	82.666664	93.333336	90.333336	79.666664	86.333336	101.333336	105.0	107.0	107.333336	96.0	101.666664	120.333336	135.0	136.0	130.0	122.666664	115.333336	114.333336	96.333336	65.333336	45.666668	74.333336	98.666664	102.0	99.333336	113.333336	116.666664	112.333336	112.333336	108.333336	109.0	119.0	116.666664	120.0	117.0	
88.333336	86.333336	74.666664	52.333332	34.333332	77.666664	146.0	150.66667	120.666664	117.0	99.666664	96.666664	114.0	123.333336	124.333336	120.666664	115.0	111.333336	118.666664	112.0	84.666664	57.0	87.666664	121.333336	115.666664	94.666664	95.333336	107.666664	114.666664	112.333336	107.0	110.666664	122.0	121.666664	119.666664	120.0	
97.666664	92.0	77.0	65.333336	52.666668	78.666664	144.66667	157.0	124.0	118.666664	108.333336	94.0	108.0	113.666664	113.333336	110.333336	110.0	108.666664	130.33333	125.0	106.333336	99.333336	112.666664	120.666664	114.666664	107.333336	103.333336	109.666664	115.333336	115.333336	114.0	108.333336	114.666664	116.666664	116.0	116.0	
101.0	97.0	86.666664	81.666664	84.333336	97.333336	121.666664	131.66667	134.66667	131.66667	107.333336	90.666664	101.666664	97.0	96.666664	102.666664	109.666664	111.666664	129.33333	124.0	104.666664	108.0	117.0	120.666664	121.0	119.333336	122.333336	123.666664	120.0	115.666664	116.333336	110.666664	113.666664	114.333336	116.333336	113.0	
96.0	96.0	91.666664	87.333336	94.666664	107.666664	116.333336	115.666664	122.333336	114.0	92.0	93.666664	112.333336	112.0	107.0	104.333336	111.666664	115.333336	115.333336	118.666664	122.0	123.666664	127.333336	132.33333	134.0	130.66667	129.0	129.66667	125.0	118.666664	118.333336	113.0	114.333336	110.333336	108.0	105.333336	
94.333336	96.333336	96.333336	94.333336	103.0	117.0	124.333336	127.666664	121.333336	101.333336	85.666664	98.666664	121.333336	124.333336	112.0	105.333336	111.666664	118.333336	114.0	116.666664	130.33333	138.33333	143.66667	148.0	146.0	138.33333	130.33333	127.0	125.333336	123.666664	122.666664	116.333336	116.666664	108.0	106.333336	103.666664	
89.666664	94.0	101.333336	104.0	111.333336	120.333336	126.0	125.0	113.0	94.0	87.0	105.666664	124.666664	124.333336	113.0	109.666664	112.666664	119.0	122.666664	122.666664	131.0	139.0	146.0	152.33333	151.33333	141.66667	129.66667	125.333336	128.0	129.66667	127.333336	119.666664	118.0	106.333336	103.666664	101.666664	
96.0	94.333336	99.333336	104.0	113.666664	119.666664	123.333336	116.333336	107.666664	90.666664	89.333336	114.333336	128.33333	128.33333	119.0	113.0	112.333336	116.333336	122.333336	127.333336	140.0	146.66667	146.33333	149.66667	149.66667	147.0	141.0	134.33333	131.66667	125.333336	123.666664	116.333336	116.0	113.0	108.0	106.0	
110.0	101.0	99.333336	102.333336	115.333336	123.333336	122.666664	118.666664	109.666664	90.0	98.333336	122.333336	130.33333	129.0	121.333336	117.333336	115.333336	115.666664	120.666664	129.0	142.66667	151.0	147.33333	149.33333	142.33333	145.0	145.33333	136.0	129.0	125.666664	122.333336	117.666664	115.0	111.0	106.333336	105.0	
131.0	101.666664	98.0	102.0	116.333336	123.666664	122.666664	126.333336	118.0	94.0	111.333336	130.33333	133.0	127.666664	121.666664	122.0	118.666664	114.666664	119.0	133.33333	146.33333	152.0	152.0	149.66667	147.66667	145.66667	139.66667	130.33333	125.0	122.666664	117.666664	113.0	111.666664	105.666664	99.666664	100.0	
154.33333	98.666664	94.333336	100.333336	112.666664	120.666664	125.333336	133.66667	125.0	101.0	120.333336	142.0	142.66667	130.66667	126.0	119.666664	109.0	109.666664	117.0	131.66667	147.0	155.66667	158.33333	152.0	151.33333	144.66667	136.66667	127.666664	122.333336	118.0	112.666664	107.333336	105.666664	100.333336	100.0	100.0	
182.66667	104.666664	87.666664	97.0	111.0	120.666664	128.33333	134.66667	120.333336	105.333336	128.33333	145.33333	144.33333	133.0	127.666664	123.333336	112.333336	109.666664	113.333336	128.0	143.66667	152.33333	155.0	150.66667	149.33333	143.33333	132.33333	123.333336	119.0	114.333336	110.666664	107.666664	104.0	96.333336	97.333336	96.333336	
195.33333	112.0	85.666664	95.666664	112.333336	121.333336	130.66667	139.0	117.333336	108.666664	135.66667	153.33333	155.0	136.33333	124.0	122.666664	127.333336	121.0	113.333336	126.666664	142.66667	148.0	147.0	148.33333	148.66667	143.66667	130.66667	118.666664	114.666664	111.333336	109.333336	109.333336	106.0	99.666664	100.0	96.333336	
199.66667	115.666664	80.0	93.666664	109.333336	118.666664	129.33333	138.66667	117.333336	103.333336	136.66667	161.33333	161.66667	131.0	117.333336	117.333336	128.0	124.333336	107.0	116.333336	136.33333	141.0	144.0	147.66667	149.33333	139.0	125.666664	115.333336	114.0	116.666664	115.666664	111.333336	106.0	100.666664	98.0	94.0	
206.66667	127.0	76.666664	87.666664	106.333336	118.333336	127.0	133.0	113.333336	84.666664	122.666664	142.66667	137.33333	117.0	98.333336	98.0	107.333336	106.666664	98.333336	116.666664	137.33333	133.66667	132.66667	142.66667	145.66667	135.33333	124.333336	116.333336	112.333336	114.0	114.666664	111.666664	108.666664	101.666664	95.0	90.333336	
212.66667	143.33333	77.0	84.333336	106.666664	119.666664	127.0	136.0	122.333336	83.333336	87.333336	114.666664	114.333336	99.0	93.666664	105.333336	97.666664	90.333336	104.666664	131.66667	147.33333	140.33333	122.666664	135.33333	139.0	133.0	124.333336	113.0	108.666664	112.0	115.333336	111.333336	105.333336	97.666664	92.666664	88.333336	
202.0	152.33333	83.666664	82.333336	101.666664	116.0	125.333336	138.0	128.0	105.666664	75.0	78.0	87.666664	91.333336	109.333336	122.333336	112.666664	112.333336	124.666664	137.0	142.33333	144.66667	130.33333	127.0	134.33333	131.33333	122.333336	111.0	109.666664	112.666664	113.333336	109.333336	101.666664	95.0	90.666664	88.0	
159.66667	143.33333	88.666664	81.333336	96.666664	112.666664	125.0	133.0	119.333336	115.666664	92.666664	75.333336	88.333336	105.666664	110.666664	120.0	122.0	122.0	126.333336	131.0	133.33333	139.0	138.0	123.666664	130.0	130.0	121.333336	112.666664	112.333336	111.0	109.333336	107.666664	99.0	95.0	91.333336	86.333336	
134.33333	158.33333	110.666664	82.333336	94.666664	111.666664	121.0	116.666664	109.666664	109.666664	99.333336	91.0	105.0	116.666664	110.333336	119.333336	127.0	124.333336	129.33333	129.0	128.66667	130.0	132.0	122.0	123.0	130.0	123.333336	112.0	110.333336	109.0	109.0	105.333336	96.0	95.0	92.0	87.0	
147.66667	183.66667	136.0	82.666664	92.666664	106.666664	111.333336	102.333336	106.0	103.333336	101.333336	97.0	109.666664	123.333336	113.0	114.0	128.0	124.666664	126.333336	128.0	128.33333	128.33333	127.666664	121.0	115.0	126.0	123.333336	113.333336	110.333336	110.666664	110.333336	104.333336	97.0	95.0	90.333336	83.666664	
157.66667	193.33333	164.0	88.666664	91.333336	106.0	107.0	99.666664	106.0	101.333336	104.333336	106.0	111.0	127.0	119.0	112.666664	124.666664	125.0	128.0	132.66667	127.666664	126.333336	126.333336	121.333336	112.333336	120.0	126.666664	119.666664	112.333336	108.666664	108.0	103.0	98.333336	94.0	86.666664	77.333336	
150.33333	188.0	190.66667	104.0	88.666664	112.0	109.666664	99.666664	101.666664	97.0	103.333336	113.0	115.0	127.666664	125.333336	117.0	118.666664	121.0	122.333336	122.666664	118.666664	114.666664	115.333336	117.0	113.666664	117.0	129.33333	120.0	109.333336	105.666664	104.0	99.0	98.0	92.333336	81.0	73.333336	
144.66667	171.33333	195.66667	123.666664	85.333336	110.0	116.0	102.0	101.333336	88.0	88.666664	97.333336	95.0	97.666664	105.0	99.333336	92.0	94.333336	95.666664	95.333336	100.666664	102.333336	104.0	112.333336	119.0	120.666664	130.66667	122.333336	112.333336	106.333336	104.0	97.0	93.666664	86.666664	73.666664	79.666664	
157.33333	163.66667	184.33333	152.33333	86.333336	101.0	123.0	110.333336	114.0	98.666664	84.0	79.666664	82.666664	90.666664	100.333336	108.666664	110.666664	114.333336	115.666664	112.0	113.0	119.0	118.0	119.0	122.0	122.333336	131.0	121.333336	110.666664	104.333336	103.666664	93.333336	90.0	80.0	72.333336	94.0	
177.0	177.33333	172.33333	170.0	107.0	90.0	123.666664	118.666664	116.666664	108.0	101.0	93.666664	98.333336	115.666664	122.333336	128.33333	133.33333	131.66667	126.666664	124.333336	123.0	126.666664	125.0	122.0	125.333336	123.333336	125.666664	115.333336	106.0	105.0	100.0	94.0	83.0	71.333336	86.333336	105.666664	
213.0	199.33333	173.0	159.66667	126.666664	89.0	110.666664	126.0	116.0	102.666664	105.0	102.666664	98.0	107.0	113.0	116.333336	120.0	120.0	118.333336	126.333336	128.66667	128.66667	127.0	124.666664	126.333336	125.333336	123.333336	110.666664	101.333336	102.333336	99.0	88.666664	75.333336	81.333336	99.333336	106.666664	
239.0	230.0	185.66667	127.0	110.0	94.0	91.666664	121.666664	120.0	105.333336	103.333336	105.333336	102.666664	108.333336	118.666664	122.666664	121.0	122.333336	123.666664	130.0	127.666664	127.0	126.0	125.0	126.333336	123.666664	120.666664	106.333336	98.0	102.666664	94.0	74.333336	80.333336	96.666664	107.666664	109.0	
242.66667	240.0	206.66667	112.666664	101.0	124.333336	92.333336	112.333336	116.0	108.0	100.0	103.333336	107.333336	113.0	120.666664	124.666664	123.0	128.33333	131.33333	132.0	131.0	130.0	125.666664	127.333336	129.33333	125.666664	120.0	104.666664	99.333336	101.0	86.333336	73.666664	93.0	106.0	116.333336	113.333336	
244.66667	243.0	222.66667	147.66667	160.0	184.0	111.666664	102.666664	110.0	115.0	109.0	108.666664	110.666664	116.0	121.666664	122.333336	123.333336	130.33333	134.66667	132.33333	136.66667	135.0	130.66667	131.0	127.333336	120.666664	116.0	102.333336	99.666664	97.333336	77.0	85.333336	99.666664	110.333336	117.666664	113.333336	
245.0	244.66667	241.33333	223.66667	227.66667	179.0	88.333336	84.666664	108.666664	112.333336	117.0	116.666664	110.666664	114.0	119.333336	118.333336	119.666664	128.66667	135.66667	133.0	136.0	136.0	133.33333	132.33333	124.0	112.666664	104.666664	95.0	91.666664	80.333336	74.0	95.0	100.666664	114.666664	116.666664	112.0	
245.66667	245.33333	245.0	241.33333	216.33333	125.666664	75.666664	64.333336	95.333336	104.666664	115.333336	120.0	111.666664	117.666664	127.333336	129.66667	131.66667	137.0	141.33333	135.66667	131.0	136.0	134.66667	130.66667	122.333336	110.333336	96.0	86.666664	78.0	72.333336	87.333336	99.666664	105.0	120.0	116.666664	114.0	
245.0	244.0	241.66667	230.66667	148.33333	81.666664	105.333336	57.333332	65.666664	99.0	109.333336	116.0	113.666664	116.666664	125.0	127.0	131.66667	138.33333	141.66667	139.33333	135.66667	138.33333	134.33333	126.0	113.0	98.333336	85.0	76.666664	74.0	86.333336	93.333336	99.0	110.666664	119.0	114.333336	112.333336	
242.33333	244.66667	229.0	161.66667	62.666668	62.0	120.666664	94.333336	49.333332	73.0	100.666664	112.333336	114.0	116.666664	126.0	128.66667	132.33333	134.66667	132.66667	133.33333	136.0	133.33333	126.333336	120.0	102.333336	84.666664	76.0	77.0	82.333336	91.666664	92.333336	102.0	115.0	118.0	114.666664	111.666664	
239.66667	219.66667	142.0	59.0	33.333332	65.0	123.0	128.66667	78.0	52.333332	81.333336	110.333336	117.333336	113.0	114.666664	119.666664	131.33333	131.0	121.666664	120.666664	124.333336	124.0	117.666664	104.333336	85.666664	74.0	80.0	85.0	90.666664	91.666664	97.333336	110.666664	118.666664	115.666664	116.0	113.0	
