167.33333	180.0	176.0	134.33333	112.0	143.33333	157.0	162.66667	166.33333	171.0	173.33333	177.66667	181.33333	182.0	181.66667	181.66667	182.66667	181.66667	179.66667	179.0	177.33333	173.66667	169.0	168.0	168.0	164.0	157.33333	151.33333	147.33333	145.66667	140.66667	124.666664	96.666664	72.666664	63.0	64.0	
167.0	181.33333	171.0	134.0	124.333336	152.0	162.0	166.66667	170.66667	176.33333	179.0	180.0	183.66667	183.33333	182.66667	181.66667	183.66667	183.66667	182.66667	179.66667	175.66667	172.33333	169.66667	168.66667	169.0	165.66667	158.0	153.66667	149.0	143.33333	140.33333	134.66667	118.0	89.666664	68.666664	61.333332	
161.0	173.0	157.33333	137.0	137.66667	160.33333	167.0	171.0	175.66667	181.33333	184.33333	183.0	182.66667	184.66667	185.66667	185.66667	186.66667	186.66667	185.66667	180.33333	175.0	171.33333	170.0	168.33333	168.33333	165.33333	159.66667	156.0	151.66667	146.0	140.66667	136.0	131.0	110.0	82.666664	63.666668	
153.66667	160.33333	142.33333	138.33333	145.66667	163.66667	167.33333	172.0	178.33333	184.33333	186.66667	185.0	184.66667	185.66667	186.66667	187.66667	189.66667	188.66667	185.66667	181.0	176.0	172.66667	168.66667	166.0	165.0	163.33333	160.33333	157.66667	154.66667	150.66667	144.0	137.0	132.66667	122.666664	98.333336	70.333336	
144.66667	151.66667	136.0	139.0	149.66667	163.66667	166.0	170.33333	178.33333	185.33333	187.33333	186.66667	186.66667	185.66667	185.33333	187.33333	188.33333	187.66667	183.33333	180.33333	178.0	172.66667	166.0	161.66667	158.66667	158.0	158.33333	157.33333	155.66667	152.66667	148.0	142.0	134.33333	128.66667	115.333336	83.333336	
137.66667	145.0	131.33333	139.66667	151.33333	160.66667	162.66667	168.0	177.66667	186.66667	187.33333	186.0	185.0	186.0	184.0	184.0	185.33333	185.0	183.33333	182.66667	180.66667	171.66667	163.33333	161.33333	156.33333	155.0	155.0	154.33333	154.33333	151.33333	147.66667	143.33333	137.0	131.33333	125.0	97.666664	
126.0	136.66667	128.33333	143.66667	151.66667	155.66667	159.0	166.66667	179.0	185.66667	187.66667	187.66667	187.66667	187.66667	186.0	184.0	185.33333	187.0	189.33333	189.0	185.0	175.0	166.33333	167.66667	163.66667	158.33333	152.66667	150.33333	151.0	147.66667	143.0	141.0	138.33333	132.33333	125.333336	105.333336	
116.0	130.0	127.0	147.33333	151.33333	151.66667	157.66667	166.33333	179.66667	185.33333	186.66667	188.33333	190.0	189.66667	187.0	185.0	187.0	193.33333	198.66667	198.0	194.33333	186.33333	177.66667	172.66667	166.33333	155.66667	145.33333	140.66667	138.33333	141.0	143.33333	136.0	134.33333	131.66667	121.0	105.666664	
106.333336	124.0	128.33333	150.66667	149.0	149.33333	159.33333	169.66667	178.0	184.33333	187.66667	189.33333	192.33333	193.33333	190.0	187.33333	188.0	199.33333	206.33333	205.0	199.66667	185.33333	169.33333	151.66667	136.33333	123.0	121.0	121.0	118.666664	117.333336	123.0	129.66667	131.33333	129.0	123.333336	112.0	
96.0	114.0	127.333336	152.0	151.0	154.66667	166.33333	175.33333	179.0	184.33333	188.33333	192.0	197.0	199.66667	195.66667	194.0	196.0	205.33333	204.66667	194.33333	175.0	146.0	128.0	120.666664	116.666664	122.0	137.0	144.0	139.66667	128.0	118.0	115.0	121.666664	123.666664	120.666664	118.333336	
95.0	107.0	129.0	152.0	153.33333	158.66667	169.66667	177.33333	179.33333	184.33333	186.33333	189.66667	198.33333	202.66667	200.0	199.33333	202.33333	204.0	190.33333	167.33333	142.66667	127.666664	127.333336	133.66667	148.66667	164.33333	170.33333	169.0	159.66667	153.0	141.0	121.666664	118.666664	124.333336	118.0	116.666664	
102.0	109.333336	130.33333	139.33333	133.66667	133.66667	139.66667	147.33333	153.66667	158.33333	161.33333	171.33333	185.66667	193.0	195.0	196.33333	199.33333	191.66667	177.33333	161.33333	150.0	152.33333	159.33333	164.66667	172.66667	179.66667	178.66667	175.0	165.33333	158.33333	152.0	142.33333	126.666664	124.666664	120.0	115.0	
110.666664	113.333336	126.333336	123.666664	121.333336	119.666664	119.0	122.333336	132.66667	141.66667	147.0	158.0	172.66667	179.33333	186.66667	193.33333	194.66667	183.66667	173.0	163.33333	165.0	171.33333	169.33333	154.0	142.0	132.66667	134.33333	143.0	150.66667	154.33333	150.33333	150.66667	141.66667	129.33333	125.0	117.0	
108.666664	110.0	114.333336	127.333336	145.33333	152.66667	153.66667	152.0	155.66667	160.0	161.0	163.0	165.33333	171.0	181.0	192.33333	195.0	183.66667	171.33333	163.33333	169.0	164.0	138.0	100.0	83.333336	81.666664	95.0	109.0	93.333336	106.666664	130.33333	149.66667	150.33333	138.0	131.33333	119.666664	
103.333336	111.0	121.666664	146.0	161.66667	169.33333	172.0	168.33333	168.0	171.33333	174.66667	175.0	167.66667	165.66667	174.66667	188.33333	192.66667	181.66667	165.33333	163.66667	168.66667	144.66667	121.666664	101.666664	81.0	85.333336	101.666664	117.0	86.0	72.333336	99.666664	138.66667	152.0	147.33333	134.33333	121.666664	
99.333336	116.666664	138.33333	152.0	158.0	144.33333	122.666664	105.666664	112.333336	136.66667	154.0	165.0	168.0	161.33333	166.66667	178.66667	183.66667	173.0	158.0	166.66667	172.0	142.66667	128.66667	124.333336	116.0	124.666664	128.33333	124.333336	115.666664	103.333336	110.333336	135.0	156.0	152.33333	139.66667	129.33333	
94.333336	124.666664	141.66667	144.0	116.666664	84.0	78.0	70.333336	80.666664	121.333336	144.33333	137.33333	155.66667	163.0	157.66667	168.66667	173.33333	162.33333	150.66667	160.66667	175.33333	169.0	166.0	164.0	165.33333	169.66667	169.66667	160.66667	153.0	144.33333	140.66667	147.0	159.33333	153.0	140.66667	132.0	
87.333336	132.66667	144.0	127.666664	78.0	73.0	84.333336	80.666664	98.0	129.0	144.66667	147.0	166.0	164.66667	152.66667	161.33333	164.0	155.0	145.0	149.66667	160.33333	169.0	173.0	173.0	171.33333	175.0	176.66667	171.66667	166.33333	159.0	154.66667	152.0	155.0	149.66667	138.0	126.333336	
82.666664	131.66667	147.66667	133.0	91.666664	92.333336	108.666664	127.333336	148.66667	162.33333	169.66667	176.0	177.0	159.33333	150.66667	158.33333	158.66667	152.33333	145.0	143.0	147.66667	155.66667	165.66667	169.66667	170.66667	173.33333	172.66667	170.33333	170.33333	167.66667	160.0	153.66667	149.0	143.0	135.0	121.333336	
84.333336	128.0	151.33333	144.33333	131.66667	138.0	152.0	165.0	178.0	181.0	176.66667	171.66667	159.33333	146.0	149.33333	160.0	159.33333	150.33333	142.33333	141.0	141.0	144.66667	153.66667	159.0	158.66667	161.0	161.33333	164.33333	169.0	167.66667	159.66667	155.0	149.33333	140.0	131.66667	119.333336	
91.333336	126.0	152.66667	153.0	151.66667	158.33333	166.66667	172.66667	176.0	173.0	168.33333	162.66667	151.33333	145.66667	151.66667	161.66667	163.0	148.33333	138.33333	141.66667	144.33333	144.0	154.33333	161.0	159.66667	161.66667	163.0	163.66667	166.66667	165.33333	157.33333	154.0	150.33333	143.33333	134.33333	118.333336	
96.0	123.333336	148.0	153.33333	155.0	161.66667	167.66667	171.33333	170.66667	166.66667	166.0	161.0	150.0	146.0	153.0	162.66667	167.33333	154.0	137.33333	134.66667	148.33333	152.33333	158.0	167.0	168.66667	172.0	174.33333	173.33333	173.0	167.33333	159.0	151.66667	144.0	140.33333	135.0	120.333336	
103.666664	123.0	142.33333	151.0	157.0	164.66667	170.0	169.66667	167.66667	166.0	167.0	161.0	149.33333	146.33333	156.0	169.0	173.66667	165.0	146.0	131.33333	139.33333	150.66667	160.66667	170.33333	173.66667	177.33333	182.66667	186.66667	186.0	175.0	164.0	154.66667	143.0	136.33333	131.66667	120.333336	
115.0	122.666664	141.66667	151.0	156.33333	164.33333	171.0	171.33333	171.0	171.0	169.33333	165.66667	153.33333	149.33333	164.33333	178.66667	188.33333	177.66667	156.66667	142.66667	142.0	141.33333	145.0	160.66667	164.66667	173.33333	184.33333	193.66667	192.0	180.66667	167.33333	157.33333	148.0	137.66667	128.33333	117.666664	
122.0	122.333336	141.33333	152.33333	158.33333	166.33333	176.33333	180.0	180.66667	179.33333	175.66667	170.0	156.0	154.66667	167.66667	184.66667	201.0	182.0	159.33333	147.66667	151.0	149.33333	137.66667	154.66667	156.33333	161.33333	177.33333	194.66667	193.33333	182.33333	169.66667	159.66667	150.33333	139.0	129.0	115.666664	
130.0	126.333336	141.66667	150.66667	160.33333	169.66667	179.66667	186.33333	186.0	182.33333	180.0	170.0	158.0	157.0	157.33333	169.0	176.66667	165.33333	146.66667	125.333336	131.33333	143.66667	132.66667	155.0	161.0	151.0	156.33333	178.33333	185.33333	177.66667	171.0	161.66667	150.0	141.33333	131.66667	117.333336	
141.66667	131.0	142.0	150.0	162.66667	171.0	180.0	188.66667	188.66667	182.66667	177.33333	165.0	152.0	148.33333	144.0	149.66667	151.0	143.33333	128.33333	131.66667	152.0	145.66667	137.66667	154.33333	160.33333	155.66667	146.33333	153.0	168.0	170.66667	168.0	161.33333	151.33333	141.33333	132.0	117.0	
151.66667	132.66667	140.0	150.0	164.0	170.33333	176.66667	185.33333	188.33333	177.66667	168.0	161.33333	150.0	146.33333	143.0	138.0	139.66667	140.33333	143.33333	151.33333	159.66667	154.33333	153.33333	156.33333	155.66667	160.66667	156.0	150.0	156.33333	163.33333	163.33333	158.33333	152.0	144.66667	133.66667	117.666664	
157.66667	134.33333	135.0	148.33333	162.33333	168.66667	173.0	177.66667	180.66667	170.33333	161.33333	160.33333	158.0	154.66667	152.33333	152.33333	157.33333	170.33333	174.33333	167.66667	162.66667	161.0	158.0	156.33333	156.0	157.66667	161.0	161.33333	154.0	158.0	161.0	158.66667	153.66667	146.33333	135.33333	123.666664	
156.66667	138.0	131.33333	143.66667	156.66667	163.66667	170.33333	170.66667	168.33333	159.66667	156.0	157.66667	161.66667	164.0	165.0	171.0	178.33333	188.66667	189.33333	179.66667	167.0	163.66667	159.0	155.33333	157.0	158.66667	162.33333	167.0	159.0	155.66667	158.0	158.66667	154.0	147.33333	138.0	131.33333	
153.66667	141.33333	129.33333	138.66667	149.0	155.33333	163.33333	161.33333	154.66667	151.66667	153.66667	157.33333	164.0	166.33333	170.33333	174.0	179.33333	186.0	185.0	177.66667	159.66667	148.33333	140.33333	138.0	140.0	146.66667	156.0	162.66667	161.0	155.0	156.0	160.33333	155.33333	151.0	141.0	138.0	
150.33333	142.66667	131.0	136.0	143.0	149.0	157.0	154.33333	147.33333	150.66667	157.0	160.66667	163.33333	160.0	155.66667	152.0	157.0	164.66667	162.66667	149.0	132.66667	120.333336	108.333336	104.666664	102.0	109.666664	131.0	152.33333	159.66667	157.66667	156.33333	158.66667	155.33333	152.0	143.66667	139.0	
143.33333	139.33333	131.33333	135.66667	142.66667	149.0	153.33333	151.33333	149.0	156.0	159.33333	151.66667	138.0	127.333336	120.0	118.0	124.666664	132.0	139.66667	149.33333	140.33333	151.33333	146.66667	142.33333	120.666664	111.0	113.333336	143.33333	163.66667	163.0	159.33333	159.66667	156.0	155.0	145.33333	139.0	
127.666664	135.66667	135.33333	137.0	145.0	151.0	156.0	157.0	155.66667	157.0	150.66667	126.666664	100.666664	99.0	111.666664	133.66667	163.0	178.66667	189.66667	210.0	200.0	205.0	196.0	186.66667	166.33333	146.33333	127.333336	148.33333	167.66667	168.0	162.66667	164.33333	159.0	157.66667	146.66667	139.33333	
110.333336	124.333336	130.33333	135.66667	147.0	154.33333	159.33333	163.0	164.0	161.66667	144.33333	104.0	103.666664	141.0	171.0	194.0	209.33333	215.66667	211.33333	211.0	196.0	172.33333	149.0	124.333336	116.333336	110.666664	131.66667	162.33333	171.33333	170.66667	167.0	168.0	163.0	160.33333	147.66667	139.0	
101.0	98.333336	113.0	129.66667	147.66667	155.0	161.0	167.33333	169.66667	167.33333	151.0	111.0	114.666664	157.66667	166.66667	164.0	172.66667	176.33333	156.0	142.33333	112.666664	84.0	82.0	76.333336	83.0	105.666664	144.33333	165.0	170.0	171.33333	171.33333	169.0	163.33333	160.33333	147.33333	137.0	
97.666664	85.0	93.666664	123.666664	145.0	155.33333	162.33333	168.33333	174.33333	172.0	163.66667	133.0	91.0	76.0	82.0	83.666664	86.666664	86.333336	72.666664	68.333336	78.333336	84.666664	88.0	91.333336	101.0	124.333336	154.66667	165.33333	166.33333	168.0	172.33333	166.33333	160.66667	156.66667	142.66667	132.0	
95.0	82.333336	85.333336	115.333336	138.33333	153.66667	162.0	167.0	173.33333	171.0	166.0	145.33333	109.0	84.333336	83.333336	90.666664	94.333336	96.333336	90.666664	90.666664	101.333336	105.0	107.666664	106.333336	113.666664	140.66667	161.66667	164.66667	165.33333	169.66667	172.0	162.0	159.0	151.33333	138.0	127.0	
98.0	85.0	83.333336	99.333336	129.0	148.33333	160.66667	165.0	169.66667	171.66667	165.66667	157.0	127.666664	106.0	104.666664	106.666664	110.0	113.333336	115.333336	116.333336	119.666664	122.666664	117.666664	116.666664	130.33333	150.66667	160.66667	161.66667	164.0	171.66667	170.0	158.33333	155.0	145.0	133.66667	120.666664	
96.666664	88.333336	77.666664	78.666664	110.666664	137.66667	156.33333	164.66667	165.33333	171.0	168.66667	162.0	146.0	124.0	115.0	117.0	125.666664	134.66667	141.66667	143.66667	141.0	137.66667	135.0	141.0	151.66667	157.33333	159.0	158.66667	163.66667	172.0	165.33333	155.33333	151.0	138.33333	125.333336	112.666664	
85.333336	78.0	66.666664	62.666668	88.0	121.666664	145.66667	159.33333	164.0	167.66667	168.66667	159.0	154.33333	144.33333	137.0	135.33333	136.33333	141.66667	147.0	151.0	153.0	157.66667	162.0	164.0	162.0	157.66667	156.0	157.33333	164.33333	170.0	158.33333	153.0	145.66667	131.0	117.0	101.0	
65.666664	62.666668	56.666668	56.333332	67.666664	97.666664	130.33333	149.33333	157.33333	162.33333	168.33333	162.0	154.33333	153.0	159.33333	159.66667	157.0	159.0	163.0	167.0	167.66667	172.33333	171.33333	168.66667	164.0	158.0	154.0	155.0	164.66667	164.0	151.0	149.66667	137.0	122.0	108.333336	90.0	
48.333332	57.666668	58.333332	53.333332	55.666668	69.0	101.666664	132.0	144.33333	155.0	165.66667	167.0	159.66667	154.33333	157.66667	164.33333	166.66667	169.0	170.33333	171.33333	174.66667	174.33333	171.0	166.33333	161.33333	157.33333	154.66667	156.33333	161.66667	154.0	145.0	144.66667	131.66667	115.333336	99.333336	84.333336	
39.666668	54.666668	57.333332	51.333332	50.333332	54.333332	73.333336	109.666664	131.66667	146.33333	157.0	163.66667	162.66667	158.33333	160.66667	164.66667	167.33333	170.33333	175.0	178.0	179.0	173.66667	170.66667	165.33333	159.66667	156.66667	155.66667	157.33333	157.33333	146.66667	145.66667	140.33333	127.666664	105.333336	87.333336	89.0	
39.0	55.333332	54.333332	48.666668	45.666668	48.0	57.333332	80.666664	108.666664	135.0	145.33333	155.33333	161.0	160.0	163.33333	166.33333	171.33333	174.33333	178.33333	183.33333	181.66667	174.0	171.0	165.66667	160.0	156.0	156.33333	156.33333	150.33333	143.33333	144.33333	131.33333	113.666664	94.0	92.0	103.0	
35.333332	49.0	55.333332	51.0	43.0	44.666668	49.666668	55.666668	77.666664	116.666664	133.66667	142.0	153.66667	161.0	163.66667	167.33333	174.0	177.0	183.0	189.33333	189.33333	182.0	175.0	167.33333	160.0	155.33333	156.66667	152.0	142.66667	141.0	135.0	115.666664	100.333336	96.666664	109.333336	117.0	
26.666666	38.0	57.0	58.0	44.666668	42.333332	49.666668	50.333332	55.666668	88.0	122.666664	132.66667	141.0	154.0	159.33333	166.0	174.0	179.33333	185.33333	188.66667	187.33333	185.33333	181.66667	171.0	159.66667	155.33333	153.0	144.66667	137.66667	134.33333	119.0	106.0	105.333336	115.333336	127.333336	130.33333	
23.333334	31.0	51.0	59.333332	53.0	46.0	52.0	54.333332	50.666668	62.666668	102.333336	126.333336	129.66667	142.66667	152.0	162.33333	172.0	177.33333	179.66667	179.66667	180.0	181.66667	181.66667	171.0	158.33333	150.66667	142.66667	134.33333	127.666664	118.666664	111.666664	114.0	121.333336	131.33333	137.66667	139.33333	
32.0	29.0	43.0	61.666668	65.333336	58.666668	56.0	53.0	51.0	47.0	72.0	112.0	121.0	126.666664	138.66667	152.0	161.33333	168.0	170.33333	170.33333	170.66667	168.33333	166.0	157.0	146.66667	137.66667	125.666664	121.0	118.666664	116.0	121.333336	126.666664	135.0	139.66667	143.33333	144.0	
