12.0	15.666667	10.666667	12.666667	30.666666	85.0	120.666664	138.33333	151.0	160.66667	163.33333	166.0	168.0	172.66667	177.33333	180.33333	183.0	182.0	178.66667	177.33333	178.66667	180.0	179.66667	176.0	175.0	174.0	172.0	168.0	164.33333	159.66667	153.66667	146.0	137.66667	138.0	142.33333	133.66667	
7.3333335	12.666667	12.666667	12.0	52.666668	103.666664	128.66667	142.66667	155.66667	164.0	166.33333	168.66667	170.33333	173.0	177.66667	181.66667	185.0	184.66667	182.33333	180.33333	180.33333	184.0	186.33333	182.66667	179.0	177.33333	175.33333	170.66667	166.0	161.0	155.66667	149.0	141.66667	143.33333	147.66667	141.66667	
4.3333335	10.333333	15.666667	24.0	81.333336	117.333336	136.0	149.66667	162.0	169.0	169.66667	172.0	174.33333	177.0	180.66667	185.0	188.33333	190.33333	189.33333	187.33333	185.66667	187.66667	190.66667	189.0	186.0	181.66667	178.33333	174.33333	168.33333	163.0	159.33333	153.0	145.0	148.0	153.33333	150.33333	
3.3333333	6.3333335	14.333333	47.666668	100.333336	125.333336	141.0	154.33333	163.66667	169.0	171.33333	174.0	179.66667	184.66667	187.0	190.33333	193.66667	195.66667	194.0	192.66667	193.66667	195.66667	196.66667	194.33333	190.66667	187.66667	182.0	176.0	169.33333	164.0	160.66667	154.0	147.0	153.33333	157.33333	153.66667	
3.3333333	6.3333335	22.0	76.333336	110.666664	132.0	144.0	155.0	164.33333	169.0	172.33333	176.33333	181.33333	188.33333	193.0	196.0	200.0	202.0	200.0	197.33333	198.33333	199.66667	200.33333	200.66667	198.33333	193.33333	186.33333	178.66667	172.0	165.0	159.66667	153.66667	149.0	155.0	158.66667	156.66667	
3.6666667	5.6666665	35.0	95.333336	117.333336	138.0	148.0	156.0	165.66667	170.0	174.33333	179.0	185.0	191.66667	197.33333	201.33333	204.33333	202.0	200.33333	201.33333	201.33333	200.66667	201.0	200.33333	197.0	194.0	192.0	184.66667	177.66667	170.66667	162.33333	156.66667	152.66667	154.66667	158.66667	157.0	
2.6666667	6.0	50.666668	104.0	127.333336	144.66667	152.0	158.33333	166.0	171.33333	176.66667	181.66667	188.33333	193.33333	197.0	201.0	199.33333	194.33333	195.0	197.66667	199.0	198.66667	198.0	196.66667	196.0	195.33333	194.33333	187.0	180.33333	176.33333	168.33333	162.33333	160.0	156.33333	158.0	157.0	
2.3333333	8.666667	64.666664	106.666664	132.0	147.33333	152.33333	159.0	165.66667	171.33333	176.66667	181.0	186.66667	190.33333	193.33333	195.0	195.0	192.0	191.33333	192.33333	193.33333	192.66667	193.0	194.33333	194.66667	194.33333	193.33333	188.33333	182.66667	179.33333	174.0	169.66667	165.0	159.0	155.0	156.33333	
4.0	12.666667	74.666664	111.333336	135.66667	149.33333	153.66667	160.0	166.0	170.66667	175.0	180.33333	184.66667	186.66667	189.0	188.33333	188.0	188.0	188.0	184.66667	182.66667	183.33333	185.0	186.66667	187.66667	189.66667	191.66667	189.33333	184.66667	182.0	177.33333	174.0	168.33333	162.33333	155.33333	155.33333	
6.0	16.666666	81.666664	119.333336	139.33333	152.33333	154.33333	160.33333	166.66667	171.0	175.33333	181.0	181.66667	181.66667	183.0	183.33333	184.33333	184.33333	184.0	181.0	180.66667	182.0	185.33333	186.66667	184.33333	187.0	189.66667	188.33333	183.66667	184.66667	179.33333	175.0	170.0	162.66667	155.33333	154.33333	
6.3333335	20.0	86.0	126.0	141.33333	150.66667	154.33333	163.33333	171.33333	175.66667	179.0	182.0	181.33333	181.0	182.66667	185.66667	187.66667	189.66667	191.33333	196.0	199.33333	196.66667	192.66667	191.33333	187.0	185.66667	185.33333	182.66667	179.33333	180.66667	178.0	174.0	169.66667	161.66667	155.0	151.33333	
13.333333	23.666666	86.0	126.333336	137.33333	145.66667	157.0	169.66667	179.33333	181.66667	185.0	186.66667	186.33333	186.0	188.0	190.33333	196.0	201.33333	206.0	209.33333	209.0	202.33333	195.33333	188.33333	180.66667	178.0	178.0	176.66667	172.33333	170.33333	171.0	170.0	167.66667	161.66667	154.33333	147.33333	
14.666667	26.333334	89.666664	122.333336	128.0	128.33333	147.66667	162.66667	177.66667	184.0	190.66667	192.33333	192.0	193.33333	192.0	198.0	205.33333	209.66667	212.0	209.66667	194.33333	176.66667	166.0	161.0	156.0	157.66667	163.33333	168.0	171.33333	172.0	165.33333	164.66667	165.0	163.0	154.66667	146.66667	
13.0	23.0	89.666664	106.333336	103.666664	110.666664	132.0	147.33333	159.33333	175.66667	185.66667	191.33333	194.0	191.0	191.33333	199.66667	206.0	209.0	204.33333	190.66667	167.33333	155.66667	154.0	153.0	157.66667	166.0	171.33333	163.33333	160.0	163.0	161.0	162.0	162.33333	162.33333	155.33333	148.66667	
14.666667	27.666666	83.0	100.666664	122.333336	136.33333	150.0	160.0	162.0	169.33333	177.33333	183.0	188.66667	186.0	189.66667	200.0	202.33333	198.33333	188.66667	176.66667	168.33333	169.66667	172.66667	178.0	185.0	191.66667	189.66667	177.0	167.33333	161.0	155.33333	156.66667	160.33333	160.33333	156.66667	152.33333	
15.0	31.333334	83.333336	116.0	155.33333	168.66667	171.33333	174.33333	170.0	164.33333	162.66667	166.33333	175.0	176.0	187.66667	201.66667	197.33333	186.33333	177.0	167.33333	167.33333	170.0	172.0	180.66667	186.33333	190.33333	188.33333	181.33333	175.0	169.66667	161.66667	159.33333	159.33333	155.33333	158.33333	158.33333	
20.666666	41.666668	90.666664	119.333336	150.66667	165.0	170.33333	170.0	164.66667	161.66667	157.0	151.66667	153.33333	164.0	186.66667	199.33333	190.33333	176.0	161.0	153.33333	149.66667	137.0	130.66667	139.66667	155.66667	165.33333	169.33333	170.33333	167.66667	166.66667	166.66667	172.66667	166.33333	154.0	159.66667	159.33333	
20.666666	50.0	107.666664	117.333336	126.333336	126.0	124.666664	146.33333	163.33333	160.66667	154.33333	151.33333	146.0	160.66667	185.66667	192.33333	179.33333	164.66667	155.66667	151.66667	131.33333	111.666664	95.333336	98.666664	129.33333	142.33333	137.33333	131.0	139.0	155.33333	163.66667	175.33333	173.66667	160.33333	156.66667	158.0	
11.0	52.333332	127.0	122.666664	89.666664	75.666664	78.333336	126.0	184.66667	170.66667	153.33333	155.33333	158.66667	162.66667	179.33333	181.33333	170.66667	162.0	164.0	172.66667	146.66667	137.33333	133.0	134.66667	157.33333	165.33333	152.0	137.0	140.33333	149.66667	158.0	169.0	174.33333	166.33333	154.66667	152.66667	
10.666667	51.0	126.666664	121.0	96.0	114.666664	126.0	148.0	176.66667	173.33333	167.33333	173.66667	166.33333	163.66667	179.66667	177.66667	167.66667	162.33333	164.33333	171.66667	159.33333	153.0	158.0	173.66667	189.66667	191.66667	180.0	171.0	163.66667	161.33333	163.33333	166.0	173.0	168.0	156.33333	151.0	
14.333333	51.333332	128.0	136.0	130.66667	142.0	154.66667	165.66667	168.33333	169.0	173.0	175.0	154.66667	164.66667	181.0	178.33333	169.33333	165.66667	166.66667	168.0	165.33333	160.0	162.0	174.66667	186.0	185.66667	176.33333	169.33333	164.0	165.66667	172.0	169.33333	166.0	162.33333	154.33333	149.33333	
20.666666	57.0	132.33333	150.33333	143.66667	140.66667	148.66667	156.0	158.0	162.66667	167.66667	159.66667	141.33333	162.66667	175.66667	173.66667	169.33333	168.33333	170.0	169.66667	172.33333	172.0	169.66667	174.66667	177.66667	176.66667	172.33333	172.66667	171.0	170.33333	171.66667	170.33333	165.33333	160.66667	152.33333	144.33333	
24.0	55.333332	133.0	149.33333	155.0	152.66667	151.33333	155.66667	162.33333	169.33333	166.66667	149.66667	138.33333	162.66667	172.33333	171.33333	167.33333	168.33333	168.33333	167.0	170.33333	173.33333	174.0	175.0	172.33333	172.66667	176.33333	179.66667	178.66667	174.0	170.0	166.66667	166.66667	161.66667	150.33333	138.0	
14.666667	48.333332	126.333336	146.33333	161.33333	168.0	169.0	172.33333	175.0	171.66667	161.33333	144.33333	144.0	165.0	171.66667	168.66667	163.66667	165.66667	172.66667	177.33333	184.33333	188.33333	186.33333	184.66667	181.66667	182.0	185.0	188.0	185.0	177.66667	169.33333	164.0	165.0	162.0	152.66667	140.33333	
11.0	48.666668	123.333336	149.66667	168.0	175.66667	177.33333	177.66667	175.33333	167.66667	154.66667	142.66667	152.0	169.66667	170.66667	166.0	159.0	158.0	163.0	170.66667	179.0	191.0	198.66667	198.66667	193.66667	189.33333	191.66667	193.0	188.33333	179.33333	170.33333	163.0	159.66667	160.66667	155.66667	144.0	
5.6666665	41.666668	120.0	153.66667	171.0	178.66667	182.0	180.66667	176.0	168.66667	153.33333	142.33333	160.66667	172.33333	174.0	168.0	157.33333	153.66667	155.66667	156.33333	158.66667	164.66667	177.33333	187.33333	192.66667	196.33333	201.33333	200.33333	193.0	180.66667	171.0	161.0	154.66667	156.33333	157.0	144.66667	
5.0	38.333332	124.666664	161.66667	171.33333	178.33333	185.0	186.0	179.66667	164.66667	145.0	148.66667	172.0	184.66667	195.66667	183.66667	167.66667	158.66667	160.66667	159.0	151.33333	166.0	171.33333	166.66667	171.33333	183.66667	199.66667	204.0	195.66667	181.66667	171.66667	161.66667	152.33333	150.33333	152.66667	142.33333	
4.0	39.666668	131.66667	162.66667	172.66667	181.33333	186.66667	181.66667	172.66667	154.66667	138.0	147.66667	172.33333	189.0	197.0	182.33333	166.33333	150.66667	144.0	139.66667	155.66667	180.33333	185.0	176.66667	163.0	162.0	180.33333	193.0	190.66667	178.33333	169.66667	161.33333	151.0	146.33333	151.0	144.66667	
4.3333335	43.333332	134.0	162.0	171.33333	180.33333	178.33333	171.0	167.66667	147.66667	116.0	119.666664	152.33333	172.0	173.66667	158.33333	130.0	124.666664	138.0	156.33333	172.0	178.0	184.0	187.0	175.0	158.0	162.0	177.33333	179.0	173.66667	167.66667	159.33333	151.66667	149.0	152.0	148.33333	
5.3333335	44.666668	129.66667	159.0	169.0	170.66667	164.66667	159.66667	161.0	152.66667	128.33333	100.666664	111.333336	140.0	145.33333	134.0	141.0	171.66667	178.0	172.33333	168.66667	171.0	176.33333	179.66667	177.66667	166.66667	153.66667	162.66667	172.66667	169.33333	164.33333	155.66667	150.33333	151.66667	151.66667	148.66667	
4.6666665	45.666668	125.333336	154.33333	162.0	154.0	152.66667	155.0	152.33333	146.66667	141.33333	136.0	124.666664	121.333336	133.0	154.0	177.66667	185.33333	183.33333	176.66667	172.33333	168.33333	169.0	170.0	174.33333	174.66667	164.33333	153.66667	160.66667	166.0	163.0	157.66667	151.66667	152.66667	155.66667	150.66667	
5.3333335	48.333332	121.0	150.0	150.33333	146.33333	155.33333	147.33333	143.0	139.0	142.0	147.33333	160.0	167.33333	174.33333	175.33333	180.33333	187.33333	189.33333	182.66667	179.0	175.33333	168.66667	167.66667	173.0	172.33333	169.0	166.33333	153.66667	158.66667	165.0	164.66667	155.66667	155.0	157.0	150.33333	
5.0	52.666668	118.333336	148.0	147.66667	145.33333	155.33333	142.33333	132.0	134.0	142.33333	153.0	165.0	175.33333	177.33333	176.0	180.66667	189.66667	190.0	181.66667	178.33333	171.33333	165.66667	165.0	161.66667	157.33333	159.33333	163.33333	164.0	157.0	165.33333	167.0	159.66667	159.0	156.0	147.66667	
5.0	52.666668	117.0	153.33333	166.0	156.66667	160.66667	147.33333	121.666664	124.333336	135.0	143.33333	149.33333	162.66667	167.66667	168.33333	170.0	168.33333	159.33333	149.33333	144.33333	138.66667	136.33333	131.0	130.66667	138.0	147.33333	154.0	168.0	167.0	167.0	165.33333	160.33333	161.66667	157.66667	149.33333	
5.0	45.333332	112.0	149.33333	174.0	170.33333	164.66667	160.33333	134.33333	97.333336	82.0	104.666664	121.333336	136.66667	145.33333	141.66667	146.33333	146.66667	154.66667	147.0	144.0	140.0	145.0	125.333336	122.666664	150.0	158.66667	161.66667	175.0	177.33333	167.66667	161.66667	161.66667	162.66667	157.33333	147.33333	
3.3333333	31.0	104.0	140.0	166.33333	175.66667	169.0	164.33333	157.0	123.666664	86.333336	118.666664	150.0	161.33333	173.0	170.66667	176.33333	174.33333	170.66667	154.33333	143.33333	136.33333	138.66667	145.66667	165.33333	176.0	170.0	171.33333	179.0	180.0	168.66667	163.33333	164.33333	163.66667	154.33333	141.0	
2.6666667	15.0	86.333336	131.66667	152.33333	169.0	169.0	162.66667	161.0	143.0	114.0	114.666664	136.66667	151.33333	161.33333	160.66667	169.0	170.0	158.66667	149.33333	146.33333	149.33333	158.33333	169.66667	177.66667	178.0	173.33333	178.33333	182.0	176.33333	166.33333	165.33333	165.0	158.33333	145.33333	133.0	
3.0	6.0	51.666668	122.333336	142.33333	156.0	162.33333	163.66667	156.66667	145.33333	130.66667	133.33333	145.66667	156.0	160.33333	166.0	177.66667	184.33333	179.66667	173.66667	171.0	170.66667	171.0	174.0	176.33333	174.0	172.33333	177.33333	177.66667	169.66667	165.0	166.0	165.0	154.33333	139.33333	127.0	
3.6666667	4.0	20.0	90.0	134.66667	144.33333	148.33333	158.66667	151.0	143.66667	134.0	144.0	158.0	168.0	170.0	174.33333	180.0	186.0	189.33333	182.0	175.0	175.33333	174.33333	176.0	174.66667	174.33333	175.33333	175.0	168.0	165.66667	166.66667	164.33333	159.0	146.66667	134.33333	124.333336	
3.0	3.0	7.0	43.0	110.333336	134.0	137.33333	148.0	151.66667	142.66667	137.0	144.33333	158.33333	166.0	165.33333	165.33333	168.66667	176.66667	184.66667	183.0	178.66667	175.0	172.33333	172.33333	174.33333	175.33333	177.33333	171.33333	165.33333	166.0	168.33333	163.0	154.0	141.66667	131.33333	121.333336	
3.3333333	3.3333333	4.0	11.666667	67.0	121.666664	130.66667	131.0	144.0	140.0	141.0	148.66667	159.66667	167.0	167.33333	164.66667	166.66667	172.66667	182.33333	185.33333	182.0	171.66667	168.66667	169.0	172.33333	174.0	173.33333	164.0	162.33333	165.33333	164.33333	157.0	147.33333	136.0	125.333336	110.333336	
2.3333333	1.3333334	2.3333333	3.6666667	25.0	88.333336	124.666664	119.333336	133.33333	137.66667	142.0	153.0	162.0	167.0	169.0	169.66667	170.33333	173.66667	178.0	179.66667	172.66667	167.66667	168.66667	168.66667	169.0	169.66667	167.33333	160.0	161.66667	161.0	155.0	144.33333	134.0	124.666664	112.0	91.333336	
2.3333333	2.0	1.6666666	1.0	5.3333335	39.0	99.0	110.666664	120.333336	136.66667	146.0	155.33333	161.33333	165.66667	169.0	171.66667	172.33333	174.66667	175.66667	172.66667	170.33333	168.0	169.0	170.33333	168.0	165.66667	161.33333	156.33333	157.0	151.66667	143.0	131.0	118.666664	106.666664	88.666664	76.666664	
4.0	4.6666665	2.6666667	1.0	1.6666666	9.333333	48.666668	91.333336	108.666664	132.33333	147.33333	154.66667	164.0	169.66667	173.33333	175.33333	175.33333	178.0	176.66667	173.33333	172.66667	170.33333	169.0	167.33333	166.0	159.33333	153.0	148.33333	146.0	136.0	123.0	108.0	94.666664	81.0	75.666664	87.0	
8.333333	8.0	6.0	3.3333333	2.6666667	3.0	10.666667	47.0	91.666664	131.33333	147.66667	152.0	163.66667	173.66667	181.33333	181.66667	180.0	184.33333	185.0	180.0	175.66667	171.33333	170.33333	165.33333	162.66667	153.0	140.66667	132.0	119.666664	105.333336	90.0	79.0	78.0	82.666664	94.666664	106.666664	
8.666667	8.666667	9.333333	8.0	5.6666665	3.3333333	3.0	10.666667	52.333332	123.0	145.66667	148.66667	161.0	174.66667	185.0	184.66667	179.66667	183.66667	186.0	184.66667	177.0	171.66667	170.66667	163.66667	152.0	136.33333	117.666664	99.666664	80.666664	72.666664	74.0	82.0	92.0	104.666664	115.0	123.333336	
12.0	8.666667	8.666667	10.0	8.666667	5.6666665	2.6666667	4.0	22.333334	99.0	143.0	147.33333	157.66667	168.66667	178.0	179.66667	174.33333	173.0	174.0	175.33333	172.0	165.33333	161.0	149.66667	128.66667	104.333336	78.333336	62.0	67.666664	79.666664	90.0	101.0	113.0	122.333336	128.66667	135.33333	
14.666667	9.666667	9.333333	11.333333	11.666667	10.333333	4.6666665	4.0	8.0	53.333332	121.333336	140.66667	145.33333	157.0	164.0	164.0	163.0	160.66667	156.66667	155.66667	154.33333	148.33333	132.33333	110.666664	82.0	61.333332	57.0	74.0	89.0	98.333336	109.0	118.333336	126.333336	134.66667	139.0	141.33333	
16.333334	13.333333	15.0	16.0	15.333333	15.0	8.666667	4.6666665	4.3333335	14.666667	60.666668	103.666664	119.0	128.66667	133.66667	131.66667	129.66667	128.66667	127.0	121.666664	112.333336	97.666664	76.0	58.333332	49.666668	57.333332	78.0	96.333336	105.666664	112.0	122.333336	130.33333	135.33333	142.66667	143.66667	143.66667	
