29.0	26.666666	29.333334	36.0	41.0	43.333332	44.666668	51.0	54.666668	55.0	60.666668	65.666664	74.666664	85.666664	101.666664	114.0	120.333336	119.666664	123.666664	129.0	131.0	126.333336	125.333336	127.0	126.0	125.333336	121.333336	115.666664	115.0	114.333336	108.666664	100.333336	96.0	88.666664	82.666664	80.333336	
28.666666	30.666666	36.0	40.666668	40.666668	45.0	55.333332	66.0	68.333336	63.0	61.666668	71.0	85.333336	95.666664	108.666664	114.333336	122.333336	128.33333	132.0	131.0	127.0	128.33333	133.0	132.0	129.0	123.666664	123.0	116.666664	115.0	114.666664	111.0	102.666664	91.0	85.0	86.0	83.0	
29.666666	40.333332	51.0	53.0	59.333332	72.0	81.666664	92.0	102.333336	100.0	92.666664	97.0	105.0	107.666664	118.333336	127.666664	132.66667	131.66667	132.33333	132.33333	134.66667	139.0	136.33333	134.33333	129.33333	122.0	122.0	121.0	117.333336	113.333336	112.0	106.666664	92.666664	85.333336	87.333336	83.666664	
36.333332	47.666668	53.333332	72.666664	79.666664	92.333336	102.333336	108.666664	114.666664	118.666664	116.0	109.666664	107.333336	110.0	117.0	122.333336	126.666664	133.33333	138.0	138.33333	138.33333	136.33333	133.33333	132.66667	128.0	124.333336	121.666664	119.0	117.0	114.333336	113.0	109.666664	96.0	85.666664	84.333336	78.0	
38.666668	45.333332	59.666668	82.0	81.666664	93.0	108.333336	115.0	120.0	124.0	124.0	124.666664	128.0	127.666664	130.33333	134.66667	139.66667	139.0	136.66667	136.66667	137.0	136.0	131.33333	130.66667	131.33333	131.0	128.0	120.0	117.666664	117.0	112.666664	107.333336	96.333336	87.0	83.666664	77.333336	
35.666668	42.333332	71.666664	80.666664	79.0	94.666664	112.0	118.0	123.666664	127.0	129.0	130.0	133.66667	136.66667	137.0	135.66667	137.33333	133.66667	134.66667	137.33333	137.0	138.33333	138.0	141.33333	141.0	134.66667	131.33333	129.0	124.666664	120.666664	115.666664	107.666664	96.666664	89.0	83.666664	77.666664	
33.666668	45.666668	68.666664	76.0	96.333336	110.666664	119.666664	125.333336	130.0	134.33333	135.0	139.0	144.0	146.33333	140.66667	136.66667	136.33333	134.33333	139.66667	142.0	144.0	146.66667	150.33333	150.66667	147.66667	138.0	132.33333	133.66667	129.0	121.666664	114.333336	109.333336	96.666664	93.333336	87.666664	81.333336	
33.0	55.666668	78.0	93.666664	111.666664	121.666664	128.0	128.66667	133.0	136.0	135.33333	143.0	147.33333	148.33333	143.66667	144.66667	140.33333	137.66667	146.33333	152.33333	151.66667	149.0	148.0	146.0	146.33333	139.0	135.66667	133.33333	129.0	119.333336	111.0	105.333336	94.333336	87.666664	88.0	79.333336	
42.666668	70.666664	94.666664	101.666664	108.333336	116.333336	122.333336	124.666664	131.66667	135.33333	136.0	146.0	147.33333	144.0	142.66667	145.66667	136.33333	134.66667	144.33333	149.33333	148.0	148.33333	149.33333	144.66667	138.0	137.0	136.33333	128.33333	124.333336	116.333336	112.0	104.666664	95.0	81.666664	83.0	76.0	
55.0	76.0	96.333336	100.0	103.333336	103.333336	98.666664	98.666664	104.0	113.333336	128.0	143.0	148.0	141.33333	136.66667	140.0	131.0	129.0	145.0	152.66667	158.0	157.66667	148.66667	135.66667	123.666664	120.333336	120.0	122.333336	122.0	115.333336	114.0	107.0	97.666664	82.333336	77.0	77.0	
59.0	74.333336	85.0	79.333336	77.0	71.0	69.666664	70.333336	79.666664	82.333336	98.666664	114.333336	124.666664	130.33333	126.0	138.33333	133.66667	126.666664	145.33333	147.66667	134.33333	114.666664	102.666664	86.0	84.333336	90.333336	94.333336	119.333336	136.33333	113.666664	110.0	108.666664	96.333336	88.666664	75.666664	74.0	
58.0	65.333336	78.333336	84.333336	87.0	85.0	87.333336	96.333336	108.333336	117.666664	135.0	124.333336	99.666664	96.666664	102.666664	126.0	144.0	120.0	116.666664	105.333336	82.0	73.333336	75.666664	80.666664	96.0	102.0	107.333336	141.0	151.33333	115.666664	108.666664	104.0	92.666664	82.0	79.333336	74.0	
62.666668	81.0	99.0	97.0	90.0	90.0	93.666664	104.0	109.666664	134.0	183.33333	188.0	139.33333	90.0	82.333336	110.666664	155.33333	123.333336	93.666664	75.333336	80.333336	87.0	91.0	94.333336	100.333336	105.666664	112.333336	129.0	127.0	98.666664	94.333336	102.333336	105.333336	91.333336	101.666664	88.333336	
65.666664	89.666664	101.333336	89.333336	77.0	68.666664	57.666668	64.0	73.666664	102.333336	156.66667	156.66667	136.0	109.0	89.0	114.333336	141.66667	129.0	107.333336	87.333336	95.0	96.666664	93.666664	83.666664	72.333336	64.666664	64.333336	77.0	92.0	84.333336	84.666664	97.0	104.333336	100.333336	122.333336	98.666664	
64.0	91.333336	100.0	85.333336	66.666664	70.666664	55.666668	54.0	73.333336	126.333336	128.66667	97.333336	106.0	96.333336	89.333336	110.666664	139.0	129.33333	111.666664	93.333336	100.0	102.0	89.333336	97.0	85.666664	63.333332	62.0	79.0	103.333336	85.666664	81.333336	97.333336	97.666664	93.666664	73.666664	72.666664	
64.0	87.666664	92.333336	82.666664	77.0	88.0	86.0	85.666664	98.666664	119.666664	105.333336	96.666664	106.666664	80.666664	86.333336	109.0	129.66667	122.0	106.333336	88.666664	102.333336	110.333336	97.666664	97.0	99.0	99.0	101.0	105.666664	105.0	98.333336	96.666664	92.333336	95.666664	95.666664	78.0	85.0	
70.666664	91.666664	91.0	82.333336	85.333336	83.333336	93.0	103.0	117.0	119.0	105.0	101.333336	92.0	82.0	87.0	108.333336	121.0	114.333336	99.0	88.333336	93.666664	103.0	98.333336	97.0	107.333336	112.666664	112.0	107.333336	107.0	112.333336	109.333336	102.0	103.333336	104.0	82.666664	91.0	
79.333336	100.333336	105.333336	95.0	90.666664	89.333336	91.666664	100.666664	113.0	110.333336	104.0	97.333336	86.666664	95.666664	89.666664	109.666664	115.333336	102.666664	94.666664	89.333336	97.333336	107.0	98.333336	101.0	112.0	119.333336	119.333336	117.333336	119.333336	119.333336	107.333336	107.333336	116.333336	104.0	90.0	94.666664	
87.666664	104.0	118.0	105.0	91.666664	96.666664	102.333336	109.333336	119.0	118.0	108.666664	93.333336	81.666664	90.333336	89.333336	111.333336	119.0	108.333336	95.666664	95.333336	89.333336	108.333336	109.333336	111.333336	121.666664	126.333336	130.0	125.666664	122.666664	120.666664	112.0	116.0	115.333336	92.0	104.0	97.0	
85.666664	100.666664	114.333336	115.666664	101.0	102.333336	108.666664	117.333336	122.0	122.666664	110.333336	89.0	93.666664	87.666664	89.333336	111.666664	119.666664	107.0	91.0	104.666664	103.0	103.0	112.0	115.666664	125.333336	132.33333	133.33333	132.33333	125.0	123.333336	121.0	117.666664	95.666664	101.666664	112.666664	93.333336	
74.333336	85.333336	104.666664	116.0	111.0	113.666664	119.666664	119.666664	119.333336	113.0	96.333336	100.666664	102.666664	82.0	87.666664	108.0	114.333336	100.666664	84.666664	98.333336	109.666664	105.666664	103.666664	103.666664	111.333336	123.333336	129.66667	129.33333	128.33333	122.666664	117.666664	98.0	98.333336	114.0	112.666664	96.333336	
81.666664	85.0	85.666664	87.666664	89.666664	95.666664	96.0	95.0	93.333336	98.0	112.333336	118.333336	100.666664	81.333336	97.333336	111.333336	115.0	104.666664	85.666664	86.0	106.0	120.333336	121.666664	114.333336	106.333336	99.666664	101.0	108.666664	107.333336	101.666664	99.333336	111.333336	125.666664	115.333336	108.666664	95.333336	
81.666664	98.666664	106.666664	108.0	107.666664	108.666664	104.333336	104.333336	113.666664	124.0	130.0	121.666664	98.0	85.0	104.0	115.666664	115.666664	107.0	89.666664	82.0	97.666664	122.666664	137.33333	136.66667	130.0	124.666664	116.0	129.66667	135.0	123.333336	116.666664	122.333336	126.0	112.0	105.666664	94.333336	
75.666664	96.0	105.333336	108.333336	111.333336	117.333336	121.0	121.333336	125.333336	132.33333	135.33333	128.0	93.0	93.666664	112.0	125.0	119.333336	106.666664	94.0	80.0	82.0	115.0	140.66667	142.33333	137.33333	130.33333	119.333336	120.666664	134.0	127.0	124.0	124.666664	122.666664	111.0	108.333336	92.333336	
68.0	89.666664	102.0	101.333336	102.333336	113.666664	125.0	129.66667	131.33333	135.66667	139.66667	115.333336	83.333336	103.666664	125.333336	133.0	132.0	115.0	100.333336	87.666664	86.666664	98.333336	127.666664	141.0	143.33333	131.33333	126.0	121.666664	125.333336	127.666664	122.666664	120.666664	115.333336	107.0	104.333336	86.0	
56.0	79.666664	97.666664	98.666664	98.0	111.0	123.666664	129.33333	132.33333	138.66667	135.33333	98.0	78.333336	99.0	131.33333	145.0	144.0	123.0	101.0	90.333336	97.666664	98.666664	110.0	131.0	140.33333	137.66667	130.0	127.0	121.0	124.666664	123.0	116.666664	108.0	105.0	95.0	77.666664	
55.666668	71.0	91.666664	95.0	95.0	108.0	118.0	125.0	131.66667	141.33333	128.0	94.666664	84.333336	90.0	116.333336	128.66667	128.66667	110.0	82.666664	76.0	92.333336	96.333336	105.333336	123.0	133.0	138.0	132.33333	126.0	116.666664	116.0	119.0	115.333336	106.666664	105.666664	91.0	70.0	
63.333332	67.666664	86.666664	91.666664	89.0	102.333336	114.0	126.0	132.0	135.33333	118.333336	92.0	88.333336	84.333336	90.0	102.333336	101.0	89.0	78.0	81.666664	97.333336	94.666664	110.0	121.0	126.666664	132.0	132.66667	127.666664	116.0	109.0	113.666664	108.666664	103.666664	105.0	86.0	65.666664	
68.666664	65.666664	78.666664	85.666664	87.0	99.0	111.666664	123.333336	129.0	122.666664	104.0	92.666664	89.666664	86.333336	92.0	90.333336	85.666664	98.666664	103.333336	95.333336	98.0	104.666664	109.333336	112.0	117.666664	123.666664	126.333336	127.666664	116.333336	107.333336	102.666664	99.666664	102.333336	100.666664	84.0	65.0	
75.0	63.666668	75.333336	81.666664	87.333336	99.666664	109.0	121.0	125.666664	111.333336	95.333336	94.0	93.333336	97.333336	109.333336	110.666664	108.666664	112.666664	112.666664	108.0	104.333336	107.666664	107.0	107.666664	112.333336	119.333336	126.0	126.666664	115.666664	109.0	95.666664	98.0	98.333336	96.333336	81.0	64.333336	
86.666664	61.0	70.333336	75.0	88.0	103.333336	109.0	115.0	112.666664	103.666664	94.666664	98.333336	97.333336	100.333336	108.666664	113.333336	117.0	116.666664	113.333336	110.666664	105.666664	105.666664	106.333336	107.333336	109.666664	113.0	122.333336	125.0	115.666664	105.666664	92.0	94.0	95.0	94.666664	76.0	65.333336	
76.0	61.333332	72.0	70.333336	83.333336	102.0	107.333336	107.666664	104.0	101.333336	95.666664	98.333336	96.333336	100.666664	111.333336	115.666664	114.666664	118.0	113.0	109.333336	107.333336	106.333336	103.666664	105.333336	105.0	106.333336	112.0	114.333336	108.666664	104.333336	91.0	91.333336	94.0	88.333336	73.0	69.333336	
33.333332	55.666668	71.333336	66.666664	75.666664	93.666664	103.0	102.333336	99.333336	99.333336	92.0	92.666664	95.0	101.666664	113.333336	114.666664	109.333336	110.0	109.666664	108.333336	109.0	106.333336	102.333336	106.333336	103.666664	102.333336	99.0	105.666664	101.666664	100.333336	92.0	94.0	92.333336	85.0	76.333336	71.666664	
22.666666	54.666668	68.666664	69.0	72.666664	88.666664	96.0	97.333336	93.333336	94.333336	87.0	91.333336	95.666664	98.333336	104.666664	109.333336	107.0	99.666664	97.666664	102.333336	104.666664	102.666664	99.666664	105.333336	101.666664	98.333336	92.666664	106.0	101.0	96.666664	93.0	98.0	92.0	83.333336	75.666664	72.0	
17.0	48.666668	64.333336	71.333336	71.666664	86.0	93.0	97.333336	91.333336	89.666664	76.666664	80.666664	81.333336	73.333336	73.0	78.666664	76.0	76.0	74.333336	73.333336	81.333336	85.333336	86.666664	89.333336	97.333336	98.0	93.0	107.666664	105.0	95.666664	93.666664	97.333336	89.333336	83.0	75.666664	73.666664	
10.333333	40.0	63.333332	69.666664	70.666664	84.666664	93.0	101.666664	90.666664	85.333336	67.333336	61.0	57.0	40.333332	51.333332	73.333336	74.666664	85.333336	81.0	71.666664	65.333336	63.333332	66.333336	73.333336	86.666664	100.333336	99.333336	109.666664	107.0	94.333336	95.333336	94.333336	85.666664	80.333336	76.333336	75.666664	
8.0	32.666668	60.333332	67.0	67.666664	79.666664	93.0	105.666664	95.0	87.333336	63.0	55.0	58.333332	53.666668	56.333332	60.333332	65.333336	65.333336	66.666664	72.666664	70.333336	66.0	66.0	74.0	83.333336	97.0	103.666664	110.666664	106.0	92.333336	94.0	92.0	83.666664	75.0	73.0	73.333336	
9.666667	25.666666	57.333332	64.333336	66.666664	73.666664	87.666664	108.666664	102.333336	78.666664	59.666668	64.333336	77.0	74.666664	73.666664	75.333336	76.333336	80.333336	89.666664	94.333336	86.333336	82.666664	80.666664	82.666664	87.0	96.0	107.333336	111.0	102.666664	91.666664	91.0	92.666664	84.666664	70.0	68.0	68.0	
17.666666	19.666666	50.0	61.333332	67.666664	74.666664	84.0	107.333336	107.333336	82.333336	66.333336	68.0	82.333336	87.666664	98.333336	102.0	97.0	101.333336	100.666664	94.666664	84.333336	78.666664	85.0	95.666664	96.666664	99.333336	111.0	113.666664	103.0	89.666664	87.333336	90.666664	83.666664	67.333336	65.666664	61.666668	
33.0	24.666666	42.666668	57.0	63.666668	75.333336	78.0	97.333336	103.0	88.0	81.666664	76.333336	73.333336	82.333336	90.0	87.0	82.666664	83.333336	78.0	80.333336	87.666664	92.666664	95.0	100.333336	94.0	98.666664	110.0	112.333336	104.0	91.0	87.0	86.0	79.0	65.0	61.0	54.0	
49.333332	47.333332	55.333332	52.666668	58.666668	75.333336	74.666664	85.0	93.0	87.666664	85.666664	87.333336	88.0	90.333336	83.666664	74.666664	73.666664	79.0	81.333336	89.666664	105.0	106.333336	98.666664	96.0	94.666664	98.333336	100.0	102.333336	99.666664	90.0	87.666664	88.333336	77.666664	61.0	53.0	47.0	
55.0	57.666668	67.666664	59.0	58.0	77.333336	75.666664	76.333336	83.333336	83.666664	84.0	85.333336	95.666664	103.0	91.666664	84.333336	90.0	94.0	95.333336	96.333336	99.333336	108.0	106.666664	100.0	99.666664	100.666664	94.333336	93.0	91.0	86.333336	88.0	90.666664	77.333336	56.0	47.333332	40.666668	
57.333332	66.0	83.666664	77.0	59.333332	79.666664	82.0	72.333336	73.666664	82.0	88.333336	89.666664	102.333336	96.666664	88.666664	96.0	98.666664	100.666664	102.333336	99.666664	95.666664	101.666664	111.666664	107.0	99.0	94.0	90.0	86.333336	86.666664	86.666664	93.333336	91.666664	77.666664	53.333332	43.333332	48.0	
58.666668	77.666664	97.0	97.666664	82.666664	77.0	88.0	76.666664	67.0	75.666664	85.0	93.666664	97.666664	89.333336	96.666664	104.333336	108.333336	113.666664	113.666664	107.666664	104.333336	99.0	108.666664	109.666664	100.333336	92.0	84.333336	79.666664	83.666664	93.0	99.666664	92.666664	72.333336	47.666668	53.333332	60.333332	
63.333332	81.0	94.666664	114.0	121.666664	84.0	88.333336	82.333336	66.333336	68.333336	82.666664	96.666664	96.333336	94.0	104.0	105.333336	112.0	115.666664	114.0	111.666664	108.666664	104.333336	108.0	110.666664	99.333336	87.0	80.666664	76.333336	80.666664	94.333336	98.0	88.333336	61.666668	49.333332	66.0	62.0	
72.666664	90.666664	98.0	132.0	145.33333	105.0	83.0	84.666664	67.666664	65.0	79.333336	93.0	97.666664	100.0	110.666664	109.666664	110.333336	113.333336	110.333336	111.333336	105.333336	109.0	108.333336	109.0	97.0	84.333336	80.666664	75.666664	75.0	88.0	92.666664	81.333336	52.666668	61.666668	74.0	67.333336	
79.333336	91.0	107.666664	148.66667	155.33333	134.33333	85.666664	81.333336	70.333336	63.0	76.333336	88.666664	98.333336	103.0	107.0	107.0	104.666664	111.666664	111.333336	108.333336	104.0	107.666664	106.0	103.666664	93.333336	82.333336	80.333336	74.666664	72.0	82.666664	79.0	60.666668	51.333332	76.0	77.666664	80.0	
81.333336	90.666664	118.333336	154.66667	161.66667	158.0	117.666664	80.333336	77.0	67.0	72.333336	83.333336	95.666664	103.666664	104.0	104.333336	98.666664	101.666664	103.666664	101.666664	102.0	102.333336	97.666664	94.0	85.666664	76.333336	74.666664	71.333336	68.333336	71.666664	62.0	45.666668	60.666668	81.666664	82.0	101.0	
85.0	98.0	128.0	157.33333	166.66667	171.0	163.33333	118.333336	84.666664	74.0	74.666664	80.666664	91.0	99.666664	101.333336	99.0	98.333336	100.0	101.0	97.0	94.0	90.0	87.333336	88.0	79.0	70.0	69.0	69.0	66.666664	57.333332	48.333332	53.0	75.0	82.666664	92.666664	122.0	
