182.66667	185.0	188.0	196.33333	197.66667	200.33333	201.66667	209.0	213.33333	211.33333	209.0	214.33333	218.33333	217.66667	217.66667	220.33333	223.0	224.0	223.33333	221.33333	224.33333	224.0	219.33333	211.0	208.66667	206.33333	204.66667	211.0	209.0	209.66667	202.33333	202.0	197.33333	195.0	192.0	189.33333	
184.66667	185.0	187.0	195.0	197.33333	199.33333	196.0	209.66667	212.66667	210.0	211.0	216.0	219.0	218.0	217.66667	221.66667	224.66667	227.33333	224.0	219.33333	222.66667	221.33333	218.33333	209.66667	208.66667	205.0	207.33333	210.66667	207.33333	205.66667	202.66667	202.33333	198.0	194.33333	194.66667	188.33333	
180.66667	182.33333	189.0	193.33333	199.33333	201.66667	198.66667	213.33333	215.0	211.0	211.0	213.66667	217.66667	217.0	220.0	223.0	223.66667	226.0	225.33333	222.33333	221.33333	218.0	215.66667	212.66667	212.0	207.66667	209.33333	205.33333	198.66667	202.33333	206.66667	202.33333	199.0	193.66667	198.0	192.0	
183.66667	187.0	193.33333	195.0	197.0	202.0	204.33333	214.0	213.33333	210.0	208.66667	210.0	214.33333	217.33333	219.66667	223.66667	225.33333	226.0	227.0	222.0	220.33333	219.66667	217.66667	215.66667	214.0	209.0	208.33333	208.33333	205.33333	203.33333	205.0	200.0	197.33333	194.66667	196.33333	189.0	
178.33333	183.33333	192.0	194.66667	196.33333	198.33333	200.66667	207.33333	210.33333	208.33333	208.0	209.0	209.66667	214.66667	219.0	225.0	225.66667	224.0	224.66667	221.66667	217.33333	214.33333	215.0	216.66667	213.0	207.66667	206.33333	206.0	207.33333	204.66667	203.33333	199.0	196.33333	194.66667	197.66667	191.33333	
178.0	186.0	189.66667	192.0	198.33333	201.0	200.0	203.66667	208.33333	205.66667	204.33333	204.66667	203.0	205.0	216.33333	224.0	225.33333	220.0	219.66667	217.0	210.33333	207.66667	210.66667	212.0	209.33333	206.0	202.66667	198.33333	200.66667	199.66667	199.66667	198.0	200.0	196.0	196.66667	193.66667	
176.66667	184.66667	188.0	193.33333	200.0	204.0	201.33333	200.0	200.33333	200.0	201.66667	202.0	202.0	203.66667	215.33333	222.0	220.0	211.66667	211.33333	208.66667	206.0	206.66667	207.66667	206.33333	203.0	201.0	202.0	200.66667	199.66667	197.0	199.33333	201.66667	201.33333	198.0	195.66667	194.33333	
169.33333	179.0	186.33333	191.0	194.66667	199.33333	202.33333	202.0	199.0	197.66667	197.0	203.33333	203.0	204.0	207.66667	214.33333	216.33333	215.33333	216.0	213.33333	209.0	207.66667	204.33333	201.0	198.66667	198.33333	201.33333	202.0	202.33333	199.0	201.33333	204.33333	200.33333	197.33333	198.0	191.33333	
167.66667	173.33333	181.33333	187.66667	190.0	194.0	198.33333	200.66667	198.33333	196.33333	194.33333	197.33333	196.33333	201.0	203.66667	208.0	215.66667	215.33333	214.0	211.0	207.0	202.66667	201.0	200.33333	198.33333	197.66667	199.66667	200.33333	200.66667	196.33333	204.0	208.0	200.66667	197.33333	192.33333	185.33333	
165.66667	173.0	179.66667	185.0	188.0	188.66667	190.33333	196.33333	196.66667	191.0	191.33333	196.33333	194.33333	202.0	203.0	207.0	213.33333	209.33333	203.0	200.0	202.33333	198.66667	199.33333	199.0	197.33333	195.66667	196.33333	198.33333	196.33333	194.33333	205.66667	206.33333	200.66667	196.0	186.66667	177.33333	
158.33333	171.66667	181.33333	185.33333	188.0	186.66667	185.0	191.0	195.33333	187.33333	188.66667	195.66667	194.0	197.66667	200.0	203.66667	203.0	200.33333	196.33333	192.33333	193.0	193.66667	196.33333	199.33333	198.33333	197.0	198.0	199.0	196.0	195.0	201.33333	200.33333	201.33333	195.0	181.0	167.0	
141.0	159.33333	175.66667	184.0	189.66667	188.66667	184.66667	186.66667	194.66667	181.33333	182.0	190.66667	195.0	194.0	198.66667	203.33333	202.66667	199.0	195.0	196.66667	198.0	195.0	200.33333	205.66667	202.66667	199.0	197.66667	198.33333	195.33333	195.0	196.0	192.66667	199.33333	186.33333	169.66667	152.66667	
130.0	155.66667	172.0	177.33333	185.0	187.0	184.33333	180.66667	188.33333	175.66667	173.33333	181.66667	190.66667	187.0	188.0	194.0	191.0	190.66667	189.33333	194.66667	191.33333	188.0	198.33333	204.0	201.33333	198.66667	197.33333	198.0	195.33333	194.33333	195.66667	190.33333	190.33333	170.33333	142.33333	115.666664	
139.0	157.66667	172.66667	173.0	178.0	175.66667	173.66667	174.33333	182.66667	168.33333	162.33333	168.33333	177.33333	177.66667	173.0	168.66667	162.66667	162.66667	161.33333	170.0	175.66667	182.33333	188.33333	197.66667	197.0	196.66667	197.0	195.66667	192.33333	192.66667	196.0	175.33333	146.0	127.666664	127.0	144.0	
140.0	146.66667	157.66667	163.66667	165.33333	161.0	158.66667	160.33333	167.66667	159.0	153.33333	154.0	163.33333	161.66667	147.66667	135.0	122.0	117.0	122.666664	140.66667	166.0	186.33333	193.33333	194.33333	190.33333	188.0	192.0	192.0	188.33333	188.33333	171.66667	116.666664	121.666664	158.33333	166.0	165.66667	
120.0	114.666664	111.333336	116.0	122.666664	128.66667	136.66667	146.0	156.66667	155.33333	152.33333	147.33333	143.66667	135.66667	115.0	108.666664	109.0	115.333336	140.0	160.0	177.0	192.66667	191.0	185.66667	182.0	179.0	186.66667	185.33333	174.66667	165.33333	149.33333	150.33333	181.0	187.33333	176.33333	166.33333	
111.666664	99.0	93.666664	89.333336	86.0	92.333336	104.333336	118.0	132.0	136.33333	135.66667	133.0	114.0	93.333336	91.333336	108.0	121.666664	127.0	137.0	154.66667	174.33333	181.66667	175.0	158.33333	163.0	170.0	168.0	155.66667	151.0	165.33333	179.0	188.33333	187.66667	184.66667	175.33333	168.33333	
123.333336	121.666664	109.666664	92.333336	80.333336	86.666664	96.666664	87.666664	121.333336	154.0	169.33333	145.0	110.666664	93.666664	89.666664	102.0	105.666664	107.666664	110.0	104.333336	118.666664	140.66667	156.66667	154.0	148.0	146.33333	137.0	158.66667	165.0	173.66667	182.33333	187.33333	183.0	178.33333	172.66667	164.66667	
137.66667	121.666664	76.333336	67.0	95.333336	93.666664	100.666664	91.333336	119.666664	141.66667	151.66667	141.33333	129.66667	132.0	124.333336	116.333336	111.333336	120.666664	127.666664	89.333336	66.333336	80.666664	101.666664	119.333336	121.333336	122.0	154.33333	168.33333	167.66667	179.0	188.66667	186.33333	180.33333	177.33333	170.66667	162.0	
91.0	72.333336	65.333336	95.666664	135.66667	143.0	129.66667	98.666664	76.666664	91.666664	102.333336	113.666664	135.33333	154.33333	160.0	150.33333	140.33333	152.0	163.33333	148.0	141.33333	148.66667	147.33333	136.0	126.666664	141.0	168.66667	174.66667	182.66667	188.33333	183.66667	182.33333	178.0	172.33333	167.66667	165.33333	
85.0	108.666664	129.0	145.0	154.33333	155.0	143.66667	108.0	101.666664	161.33333	177.0	141.33333	135.66667	168.66667	179.33333	162.66667	153.33333	164.33333	178.0	183.66667	186.0	188.0	184.66667	171.33333	164.0	159.66667	188.33333	191.66667	191.33333	182.66667	179.66667	177.66667	172.33333	164.0	165.33333	170.66667	
139.66667	146.0	150.0	155.0	154.66667	146.33333	137.33333	106.666664	141.0	199.66667	211.66667	182.33333	138.66667	165.66667	193.33333	185.66667	159.33333	147.33333	147.66667	155.0	165.0	175.66667	180.33333	181.0	183.33333	173.66667	196.66667	199.0	196.0	186.0	179.33333	172.66667	166.0	164.66667	170.33333	177.0	
162.66667	156.33333	143.66667	137.66667	131.66667	143.0	143.33333	109.666664	161.0	206.0	212.0	191.66667	153.66667	151.33333	195.66667	205.33333	199.33333	188.66667	174.33333	170.0	170.66667	184.66667	198.0	199.33333	195.33333	180.0	198.0	199.0	195.66667	186.33333	178.0	171.33333	167.66667	168.66667	176.0	181.66667	
185.33333	178.0	170.66667	164.66667	161.66667	161.0	140.33333	113.0	173.33333	210.66667	213.0	189.33333	172.66667	149.66667	170.66667	205.33333	207.0	210.66667	208.66667	201.0	197.0	200.66667	203.0	201.66667	177.66667	169.0	190.0	194.0	189.0	182.0	176.33333	173.0	170.66667	176.66667	181.33333	182.0	
193.0	196.0	195.66667	190.33333	179.66667	166.66667	129.66667	124.0	182.33333	209.66667	207.66667	185.66667	181.0	170.0	149.66667	170.66667	190.66667	202.33333	207.66667	202.0	196.33333	194.33333	184.33333	160.33333	151.0	173.66667	187.0	188.33333	180.66667	176.66667	176.0	174.66667	176.33333	181.66667	182.33333	181.33333	
186.66667	194.0	197.66667	194.0	180.66667	152.0	111.0	151.33333	188.0	210.33333	208.33333	190.66667	185.66667	183.66667	165.33333	142.33333	147.33333	161.0	166.66667	162.0	158.33333	156.66667	154.0	167.33333	186.0	188.0	185.66667	182.66667	178.33333	174.33333	171.33333	168.66667	175.0	180.66667	179.66667	180.33333	
127.666664	141.33333	151.66667	145.66667	133.33333	117.333336	112.0	161.66667	190.33333	214.33333	210.0	195.33333	186.66667	180.0	166.0	143.33333	114.666664	127.333336	141.66667	156.33333	168.33333	183.66667	195.0	200.66667	194.66667	187.66667	182.33333	177.33333	174.0	172.0	170.0	168.66667	172.33333	180.33333	181.33333	178.33333	
145.0	149.33333	147.33333	140.66667	137.33333	130.66667	128.66667	157.33333	186.0	208.66667	208.33333	198.33333	185.33333	182.33333	189.66667	178.66667	135.33333	127.666664	151.33333	165.66667	173.66667	180.33333	184.33333	185.33333	183.66667	179.0	175.0	171.0	167.0	168.0	167.66667	170.66667	173.66667	178.66667	178.33333	174.0	
147.0	157.66667	165.0	160.0	146.33333	125.333336	132.66667	150.33333	173.66667	188.0	188.0	187.0	182.66667	194.0	205.0	195.66667	164.0	126.666664	126.0	141.33333	152.66667	161.33333	163.66667	163.0	168.0	167.33333	162.66667	159.33333	155.66667	157.66667	166.0	171.66667	174.66667	178.0	177.0	174.66667	
127.666664	137.66667	147.33333	142.0	112.333336	95.0	114.666664	134.66667	153.33333	161.0	168.66667	172.66667	174.33333	185.33333	190.0	180.66667	157.66667	143.66667	122.666664	107.333336	121.666664	135.66667	142.33333	146.0	148.33333	145.66667	147.66667	149.33333	147.0	153.0	162.66667	168.0	173.33333	177.33333	176.33333	173.0	
99.666664	115.333336	122.333336	110.333336	82.0	90.0	89.666664	96.666664	118.333336	129.66667	139.66667	145.33333	137.33333	123.333336	114.0	118.0	124.666664	158.33333	159.0	121.666664	94.333336	99.0	112.333336	122.0	126.333336	125.666664	132.66667	137.0	139.66667	155.0	158.33333	162.66667	169.0	171.66667	171.0	167.66667	
74.0	91.333336	97.333336	81.333336	73.0	85.333336	86.666664	75.333336	73.666664	80.0	79.666664	72.333336	63.333332	61.333332	70.0	91.666664	131.33333	171.33333	172.33333	150.0	110.333336	79.666664	78.666664	92.333336	106.666664	114.333336	123.666664	133.33333	153.0	163.66667	159.0	161.66667	166.0	167.33333	167.66667	164.33333	
69.666664	74.333336	79.0	70.0	84.666664	84.666664	92.0	87.666664	78.666664	69.333336	62.333332	61.666668	79.666664	110.666664	141.66667	158.0	171.0	177.0	175.33333	166.66667	141.0	102.333336	75.666664	74.333336	89.0	108.666664	126.333336	143.0	168.0	169.0	163.33333	164.0	166.33333	165.66667	163.33333	158.0	
81.666664	78.0	85.333336	84.666664	96.0	88.666664	90.0	92.333336	92.333336	91.666664	95.333336	102.0	122.333336	151.33333	171.0	178.66667	178.0	177.66667	172.66667	165.0	149.0	120.0	95.0	91.333336	94.333336	122.0	139.33333	152.66667	171.66667	174.0	169.66667	167.0	167.33333	162.0	155.66667	155.66667	
96.666664	101.666664	123.666664	133.66667	114.666664	96.333336	80.0	82.666664	88.333336	97.666664	114.0	131.33333	142.0	158.66667	166.0	170.66667	169.33333	167.66667	156.66667	142.0	123.0	93.0	83.666664	104.666664	119.333336	145.66667	150.0	159.33333	171.0	176.33333	172.66667	169.0	165.33333	157.33333	149.33333	151.0	
105.0	109.333336	136.0	159.0	139.66667	110.666664	88.666664	65.333336	52.333332	64.666664	93.666664	119.666664	119.666664	124.666664	125.666664	125.666664	123.333336	119.666664	100.666664	73.0	45.666668	57.333332	103.333336	127.333336	141.33333	159.0	164.0	172.0	174.66667	172.0	166.66667	161.66667	157.0	148.33333	147.33333	145.0	
118.0	114.0	128.33333	157.0	154.0	131.33333	127.0	98.666664	51.666668	34.333332	61.0	77.333336	76.666664	75.0	75.0	65.333336	60.666668	62.333332	47.0	35.0	70.0	137.66667	173.0	164.66667	156.66667	169.66667	170.33333	172.33333	173.66667	165.33333	160.0	156.33333	148.33333	141.0	141.66667	142.0	
154.0	115.0	124.0	149.0	156.66667	142.66667	140.66667	132.33333	92.333336	52.333332	59.333332	74.0	71.333336	69.0	79.333336	92.666664	108.0	104.0	109.666664	115.666664	164.66667	192.33333	192.0	173.66667	155.0	165.66667	165.0	164.33333	165.33333	157.33333	154.66667	150.33333	140.66667	137.0	140.0	138.33333	
191.66667	122.333336	114.666664	132.66667	153.33333	144.66667	141.33333	147.33333	128.33333	102.333336	92.666664	91.0	105.666664	118.666664	129.0	141.66667	139.66667	138.66667	159.0	175.33333	193.0	197.33333	197.0	179.0	152.66667	156.0	155.33333	157.66667	157.66667	150.33333	146.0	140.33333	126.333336	130.33333	139.33333	135.66667	
211.0	156.33333	110.0	114.333336	140.33333	150.0	150.66667	150.0	141.66667	139.66667	142.66667	141.33333	149.66667	153.33333	163.33333	180.0	185.66667	190.33333	192.66667	193.33333	200.33333	199.66667	197.33333	177.33333	153.33333	154.66667	150.0	149.33333	153.66667	147.0	139.0	126.666664	124.666664	132.66667	135.0	129.33333	
213.66667	193.33333	121.666664	106.666664	127.333336	151.66667	160.66667	151.33333	139.0	140.33333	155.0	160.66667	168.0	169.66667	173.66667	182.33333	190.0	188.0	185.0	188.66667	199.66667	199.66667	191.33333	186.0	172.0	156.33333	147.33333	145.33333	154.0	146.0	129.66667	116.666664	122.0	127.333336	127.0	115.0	
212.33333	211.33333	167.33333	103.666664	111.0	137.0	166.0	156.0	138.0	131.33333	146.66667	156.33333	161.66667	163.66667	163.33333	166.0	171.33333	173.33333	181.33333	191.66667	197.33333	194.33333	187.0	194.0	188.33333	167.66667	151.33333	156.66667	158.66667	143.0	119.0	117.333336	125.333336	122.333336	108.0	69.666664	
209.66667	211.33333	205.33333	142.66667	103.666664	113.666664	159.0	167.33333	150.33333	135.33333	140.66667	151.33333	160.66667	167.66667	170.33333	172.0	176.66667	180.33333	187.0	193.33333	198.0	196.66667	199.0	193.33333	179.33333	166.33333	158.0	170.66667	159.0	134.66667	117.0	123.333336	119.333336	101.333336	60.333332	23.0	
206.66667	208.0	211.33333	184.33333	107.333336	102.333336	140.66667	170.0	167.33333	153.0	152.33333	157.0	165.0	172.66667	177.33333	183.33333	191.66667	196.0	198.33333	198.0	201.0	200.66667	197.33333	182.66667	165.0	151.0	165.33333	170.0	149.33333	122.0	114.666664	114.0	97.333336	53.0	22.0	18.0	
208.33333	205.33333	174.66667	102.666664	45.333332	73.0	115.666664	156.0	174.33333	169.33333	164.33333	170.33333	174.33333	177.66667	185.0	193.66667	201.33333	205.33333	202.66667	203.0	201.33333	197.33333	186.0	166.33333	144.33333	147.66667	166.33333	154.66667	133.0	112.0	103.0	81.0	41.333332	18.333334	19.0	19.666666	
188.66667	127.666664	49.333332	15.666667	10.0	30.666666	77.666664	135.66667	164.66667	171.33333	163.0	169.66667	179.0	181.33333	184.66667	194.66667	201.0	201.33333	197.66667	201.66667	197.0	186.0	170.66667	145.33333	131.0	155.0	152.66667	129.33333	111.0	97.0	64.666664	28.333334	14.0	17.666666	20.666666	20.666666	
70.666664	25.333334	9.666667	10.333333	13.666667	16.0	33.0	94.0	139.66667	159.66667	160.66667	169.66667	175.66667	174.66667	177.66667	187.66667	190.66667	191.33333	189.66667	188.0	178.33333	167.0	147.66667	122.666664	134.66667	144.0	131.33333	105.333336	81.0	47.0	16.666666	10.666667	13.0	17.666666	19.333334	19.333334	
13.0	10.0	10.333333	13.333333	14.0	14.666667	9.333333	39.333332	96.666664	132.33333	147.0	154.33333	164.0	169.66667	168.0	170.66667	174.33333	175.33333	171.33333	164.0	149.33333	132.66667	105.0	106.333336	127.0	121.666664	100.0	67.0	32.0	10.333333	8.333333	10.666667	12.666667	15.0	18.333334	18.666666	
13.666667	14.0	13.333333	13.333333	15.333333	10.0	4.6666665	8.666667	41.333332	85.333336	117.0	130.66667	139.66667	150.33333	151.66667	153.33333	151.0	144.0	140.66667	129.33333	107.0	78.0	80.0	109.0	101.333336	84.666664	45.666668	18.0	6.3333335	6.0	9.333333	10.0	12.666667	14.666667	16.666666	16.666666	
