51.333332	48.0	39.333332	42.333332	76.666664	125.333336	164.0	187.33333	195.33333	194.33333	189.33333	190.66667	191.33333	190.66667	192.66667	191.66667	190.66667	187.33333	185.66667	187.0	176.66667	169.33333	167.0	173.33333	180.33333	186.33333	193.66667	188.0	170.0	156.33333	146.33333	134.0	108.666664	70.666664	37.0	19.333334	
41.333332	32.0	39.666668	76.666664	128.66667	166.0	184.66667	188.0	189.0	193.0	192.33333	192.66667	191.66667	189.0	190.0	194.0	192.66667	187.66667	183.0	178.66667	174.66667	174.0	177.0	183.0	188.0	190.33333	191.33333	187.33333	172.0	159.0	155.33333	149.66667	132.66667	98.666664	57.333332	22.666666	
30.0	27.0	65.666664	123.0	162.33333	174.33333	181.33333	184.33333	188.0	187.66667	185.33333	184.33333	181.33333	183.0	187.33333	185.33333	177.0	173.33333	175.0	176.33333	179.33333	181.66667	186.0	188.33333	189.33333	180.33333	172.66667	174.33333	170.66667	161.0	158.66667	154.66667	143.0	115.0	79.0	42.0	
33.333332	45.333332	99.666664	147.66667	168.66667	174.66667	178.0	176.66667	177.33333	178.66667	179.66667	186.66667	189.66667	188.33333	188.66667	191.0	187.66667	188.33333	191.33333	190.0	188.33333	189.0	191.66667	194.33333	194.66667	184.66667	171.33333	160.0	162.0	165.33333	165.0	158.0	147.0	124.333336	95.333336	66.0	
48.333332	71.666664	122.666664	154.33333	166.33333	171.33333	173.33333	174.33333	177.66667	184.66667	183.33333	179.66667	176.0	175.66667	178.33333	186.33333	191.0	195.33333	195.66667	193.0	190.33333	188.66667	183.0	177.66667	176.33333	178.0	175.66667	166.33333	159.33333	161.66667	167.66667	161.33333	147.33333	131.0	108.666664	81.666664	
68.333336	96.333336	134.0	153.0	162.66667	165.0	167.66667	173.33333	175.66667	174.0	171.33333	175.0	178.33333	181.33333	181.66667	181.66667	182.66667	186.33333	191.66667	193.33333	189.0	189.33333	189.33333	187.33333	179.33333	170.33333	165.0	165.0	168.33333	166.33333	164.0	158.66667	152.0	143.0	124.333336	96.333336	
85.333336	111.666664	133.66667	147.33333	157.66667	156.66667	157.33333	160.0	165.0	172.66667	181.66667	182.0	182.0	183.33333	181.66667	176.66667	175.33333	174.66667	176.66667	176.33333	175.0	181.66667	189.66667	190.66667	188.0	183.66667	174.66667	166.33333	163.0	163.66667	164.66667	162.0	160.0	152.0	135.33333	106.333336	
93.666664	118.0	137.0	149.66667	153.66667	150.33333	147.33333	152.66667	170.0	182.33333	182.33333	186.0	187.0	184.0	180.33333	175.33333	173.0	169.33333	167.33333	167.0	171.33333	173.0	164.66667	156.0	156.66667	170.0	182.0	179.66667	164.33333	154.66667	160.0	166.66667	160.33333	154.0	143.0	111.0	
102.333336	128.0	146.33333	152.33333	151.66667	150.33333	151.66667	158.33333	168.0	173.0	177.66667	175.33333	172.0	165.33333	164.0	162.66667	158.0	154.0	157.66667	157.0	154.0	144.0	119.0	104.666664	111.333336	128.33333	153.66667	169.66667	172.33333	162.66667	155.33333	160.0	159.33333	159.33333	151.33333	116.666664	
113.333336	136.33333	152.66667	153.66667	153.66667	154.0	155.0	160.66667	167.33333	169.33333	162.0	151.33333	141.0	131.33333	132.33333	132.66667	133.66667	139.0	151.0	141.0	123.0	104.666664	82.666664	69.333336	70.666664	78.666664	95.0	120.333336	147.66667	162.66667	162.0	162.0	162.33333	161.66667	155.33333	123.666664	
119.333336	139.33333	154.33333	157.66667	157.66667	161.0	168.0	170.33333	162.0	143.33333	118.0	102.0	92.333336	88.666664	96.333336	97.0	101.666664	116.333336	129.33333	116.0	92.666664	70.0	52.333332	40.0	35.0	37.0	45.333332	60.666668	84.333336	116.333336	151.0	169.33333	165.0	160.33333	155.0	130.66667	
117.333336	133.66667	151.66667	161.0	165.33333	171.33333	167.66667	147.33333	114.333336	83.0	56.333332	47.333332	48.666668	57.666668	68.0	69.666664	79.333336	93.0	105.0	94.666664	74.0	55.333332	46.666668	40.333332	33.333332	31.0	35.333332	38.333332	44.333332	63.0	110.0	159.0	168.66667	159.33333	151.66667	133.66667	
109.333336	125.333336	147.33333	164.0	167.33333	147.33333	109.666664	83.666664	63.0	42.333332	29.666666	29.0	34.333332	40.666668	51.333332	58.666668	75.666664	89.666664	102.0	87.666664	64.333336	53.333332	53.666668	52.333332	45.333332	42.666668	43.333332	41.0	42.666668	45.333332	62.666668	107.666664	148.0	156.66667	151.33333	141.0	
112.666664	127.0	148.0	160.33333	139.0	92.666664	58.666668	53.0	48.666668	38.333332	36.666668	37.666668	42.666668	46.0	53.0	61.666668	86.333336	112.666664	124.666664	96.0	61.0	48.666668	48.0	44.0	39.333332	37.0	35.333332	36.333332	44.0	49.333332	51.333332	65.0	101.333336	142.66667	154.0	150.0	
111.333336	133.66667	147.66667	137.0	96.0	62.333332	54.666668	61.0	58.0	48.333332	43.0	36.0	39.0	45.666668	47.333332	56.666668	101.666664	140.33333	151.33333	111.666664	57.666668	39.666668	36.333332	34.666668	41.0	43.0	38.333332	37.0	40.0	47.333332	54.0	58.0	71.333336	117.0	145.0	150.0	
112.0	139.66667	141.33333	108.333336	69.333336	63.0	68.333336	65.333336	53.666668	40.666668	32.0	25.333334	29.0	36.0	38.333332	53.333332	122.333336	176.66667	182.33333	136.33333	59.333332	34.0	34.666668	37.666668	57.666668	59.0	43.666668	32.666668	30.333334	40.333332	48.333332	60.0	64.666664	95.0	129.66667	146.0	
122.0	140.33333	126.666664	87.666664	63.333332	66.666664	61.333332	45.0	38.333332	28.666666	23.666666	26.666666	32.666668	34.666668	36.666668	71.666664	157.33333	206.33333	213.0	179.33333	92.666664	43.666668	35.666668	53.666668	85.666664	71.666664	37.666668	25.0	31.0	38.0	43.333332	62.0	67.666664	79.666664	110.666664	139.66667	
129.0	136.66667	108.666664	70.666664	61.666668	60.0	38.666668	39.0	49.333332	36.333332	27.333334	32.0	38.0	36.666668	51.333332	111.0	183.33333	215.0	226.66667	208.0	137.66667	75.666664	58.0	81.0	105.0	80.0	39.666668	31.0	46.666668	52.0	47.666668	61.0	65.333336	73.333336	99.0	133.0	
131.33333	132.33333	97.0	64.0	59.0	50.333332	34.0	53.0	68.333336	48.0	37.666668	47.0	53.0	63.333332	89.666664	145.66667	195.0	215.66667	225.66667	214.0	171.0	124.666664	108.333336	114.0	117.666664	103.0	76.333336	65.333336	68.333336	66.0	59.666668	70.0	73.666664	85.0	112.666664	138.66667	
131.0	128.66667	98.0	72.0	61.333332	52.666668	51.666668	69.333336	82.666664	79.0	84.333336	95.666664	100.333336	114.666664	136.66667	169.33333	196.33333	213.66667	219.33333	209.66667	184.0	154.33333	144.0	139.66667	123.333336	107.0	93.333336	82.333336	77.0	79.0	82.333336	92.333336	102.333336	121.666664	143.66667	154.0	
138.0	140.66667	122.333336	97.666664	81.666664	80.333336	83.666664	84.0	88.333336	95.0	108.0	127.333336	145.0	155.33333	161.0	180.66667	199.0	211.33333	215.33333	209.0	191.66667	164.0	149.66667	155.33333	147.0	131.33333	121.0	117.333336	115.0	121.666664	132.66667	144.33333	158.33333	172.0	174.66667	169.66667	
145.0	159.0	155.66667	139.0	123.0	123.666664	128.66667	126.666664	127.0	134.66667	147.0	164.66667	172.66667	162.0	160.0	181.66667	201.33333	211.33333	211.0	203.66667	190.66667	166.0	145.0	157.66667	171.0	166.66667	164.33333	167.66667	172.0	178.66667	189.33333	200.0	204.66667	204.33333	192.33333	177.66667	
140.66667	163.0	173.66667	176.66667	171.66667	166.0	168.0	173.66667	175.0	173.0	176.33333	185.66667	183.33333	162.33333	154.0	168.33333	180.33333	187.0	187.33333	180.66667	173.0	162.33333	143.33333	150.33333	174.66667	182.0	186.33333	191.33333	197.66667	203.0	207.0	210.66667	206.0	198.0	188.33333	169.0	
136.0	160.66667	179.33333	192.66667	196.0	193.66667	193.0	193.66667	191.0	188.33333	191.0	191.0	182.66667	161.0	143.0	136.33333	134.0	134.0	133.33333	126.666664	130.0	145.33333	145.0	150.0	176.66667	190.66667	196.33333	198.33333	199.33333	193.66667	188.66667	188.66667	185.33333	178.33333	172.0	154.0	
133.66667	154.66667	172.33333	184.0	188.33333	190.0	190.0	190.66667	190.33333	189.66667	191.0	190.66667	181.66667	154.33333	117.666664	83.333336	84.0	93.333336	85.666664	72.0	69.333336	87.0	122.0	152.33333	176.66667	190.0	199.66667	202.33333	195.33333	182.33333	172.0	168.33333	164.0	158.33333	153.0	140.33333	
130.33333	144.66667	157.0	168.0	173.33333	174.0	175.0	179.0	184.0	186.66667	185.66667	184.0	173.33333	138.33333	82.333336	35.0	39.666668	66.0	66.333336	45.333332	25.0	33.666668	77.666664	135.66667	169.66667	182.0	190.0	192.33333	188.33333	176.66667	165.33333	155.66667	147.66667	140.66667	138.0	130.33333	
123.666664	136.0	143.66667	149.66667	154.33333	157.66667	161.66667	170.0	178.33333	184.0	180.33333	172.33333	161.0	129.33333	72.0	33.333332	38.333332	56.0	62.333332	53.333332	38.333332	39.0	64.666664	123.0	158.0	168.0	174.66667	179.66667	180.66667	172.33333	160.33333	147.33333	134.0	124.0	120.333336	116.666664	
113.333336	126.333336	132.0	133.33333	136.66667	143.66667	152.0	162.0	169.66667	174.66667	171.33333	159.33333	154.33333	137.66667	85.666664	62.333332	67.333336	67.0	66.0	62.666668	59.0	61.333332	87.0	134.66667	153.0	151.33333	156.0	163.0	162.33333	156.66667	149.33333	134.66667	121.0	113.333336	110.666664	108.0	
110.0	122.666664	122.0	123.0	124.333336	131.33333	143.66667	154.0	159.66667	165.0	159.66667	151.33333	157.33333	159.66667	124.333336	106.0	101.0	84.333336	73.333336	73.333336	77.666664	96.333336	135.0	164.33333	164.0	148.66667	148.0	149.33333	143.33333	141.0	137.66667	125.666664	114.666664	112.666664	109.666664	107.0	
107.666664	120.333336	117.0	114.666664	115.666664	123.333336	135.66667	146.33333	151.66667	152.33333	149.0	152.0	166.33333	176.33333	163.0	143.33333	125.666664	98.333336	86.333336	93.666664	106.333336	132.33333	167.33333	180.0	179.33333	163.0	149.0	145.0	139.0	136.0	130.0	120.666664	113.0	112.0	111.333336	111.333336	
103.333336	117.333336	114.666664	110.0	110.0	116.333336	128.66667	138.66667	142.33333	141.33333	144.33333	159.0	173.66667	177.0	168.66667	162.0	154.66667	131.33333	114.0	132.0	150.33333	155.0	164.66667	173.66667	180.66667	176.33333	156.66667	145.0	136.33333	127.0	119.666664	111.666664	106.333336	106.666664	110.0	115.666664	
103.333336	117.333336	115.666664	109.0	110.0	115.0	125.333336	135.0	139.66667	142.66667	151.33333	165.0	172.66667	172.0	169.66667	167.33333	162.33333	153.66667	147.0	153.0	159.33333	164.66667	162.0	160.33333	169.0	173.66667	164.66667	148.66667	132.0	121.666664	114.666664	109.0	106.333336	104.333336	109.666664	116.333336	
107.333336	116.0	112.0	108.333336	113.666664	119.0	125.0	132.0	137.66667	147.66667	157.66667	162.33333	164.33333	168.66667	164.33333	134.66667	111.0	118.0	122.333336	104.333336	100.0	124.666664	153.0	162.66667	159.33333	160.0	161.0	150.66667	129.66667	120.666664	112.0	107.666664	107.333336	105.0	108.0	115.0	
106.666664	113.666664	111.0	110.0	115.0	120.333336	125.666664	130.33333	135.0	145.0	150.0	153.66667	159.0	153.33333	121.666664	81.666664	60.0	59.666668	57.666668	50.0	49.666668	65.0	98.0	133.0	146.0	142.0	140.33333	136.33333	127.666664	120.0	110.666664	105.0	105.333336	105.0	104.333336	110.0	
95.333336	108.666664	112.666664	111.0	113.666664	121.333336	129.0	132.66667	134.66667	137.33333	138.0	141.33333	140.66667	113.333336	69.333336	43.0	35.333332	30.0	26.666666	28.666666	39.0	50.333332	58.666668	75.333336	102.333336	111.0	113.333336	117.666664	119.333336	118.333336	110.0	102.333336	103.0	105.0	104.0	107.333336	
99.333336	112.666664	114.0	114.666664	115.333336	123.333336	132.66667	135.66667	134.33333	129.33333	120.0	106.666664	90.666664	69.0	69.666664	89.666664	100.333336	90.333336	83.333336	91.333336	108.666664	111.666664	92.0	70.0	65.666664	72.333336	80.0	96.666664	115.0	118.666664	110.666664	101.0	99.0	99.0	97.666664	103.333336	
101.0	108.333336	116.0	109.666664	112.333336	118.666664	123.666664	126.333336	125.333336	118.666664	100.666664	82.0	80.333336	88.0	111.666664	139.66667	154.33333	146.0	142.33333	139.33333	131.66667	120.666664	110.333336	101.0	86.333336	79.333336	76.333336	92.666664	115.666664	119.0	112.0	101.0	95.666664	95.333336	93.666664	96.0	
146.33333	120.0	111.666664	110.333336	110.0	112.666664	117.666664	123.333336	124.333336	116.666664	107.0	108.666664	116.666664	110.666664	103.0	111.333336	114.333336	109.333336	110.0	111.666664	105.666664	92.0	80.0	81.666664	91.0	99.333336	98.0	102.0	109.666664	112.0	107.666664	97.0	89.333336	88.666664	85.666664	84.666664	
173.66667	141.0	114.0	108.0	104.0	106.666664	112.333336	119.666664	123.333336	123.0	122.0	126.333336	121.333336	101.0	81.0	74.0	69.666664	61.333332	60.0	65.666664	65.666664	60.666668	59.666668	66.666664	86.666664	102.666664	107.666664	105.666664	99.666664	102.666664	102.0	92.0	82.333336	76.666664	72.0	72.666664	
130.33333	111.666664	100.0	98.333336	95.666664	99.666664	106.333336	113.0	115.0	116.333336	121.666664	120.333336	111.666664	98.333336	80.666664	63.333332	54.666668	46.0	42.333332	48.0	48.333332	47.333332	58.333332	68.333336	81.333336	97.0	105.666664	101.666664	91.0	92.333336	94.0	89.0	79.333336	71.333336	66.333336	68.0	
62.333332	54.666668	65.666664	85.0	87.333336	92.0	97.0	100.333336	102.666664	108.666664	119.333336	117.333336	106.0	95.0	80.666664	67.666664	63.0	59.0	56.333332	58.0	55.666668	56.333332	67.333336	79.0	84.333336	91.333336	94.666664	90.0	82.333336	81.0	83.333336	82.666664	74.666664	66.666664	63.666668	64.0	
15.666667	12.0	31.0	67.0	79.666664	85.333336	88.333336	88.333336	90.0	101.333336	112.333336	112.666664	107.0	104.666664	103.666664	104.333336	104.0	100.0	96.333336	94.333336	90.333336	89.666664	97.333336	107.666664	105.0	97.666664	89.333336	80.666664	74.333336	71.666664	73.666664	75.333336	68.666664	61.333332	58.0	56.666668	
4.0	2.6666667	13.666667	42.0	66.666664	76.0	82.333336	83.666664	85.666664	95.0	106.666664	113.333336	124.333336	139.66667	150.66667	155.33333	154.33333	147.33333	144.0	142.0	139.66667	137.33333	135.66667	133.0	122.666664	110.666664	97.333336	86.0	73.666664	64.333336	66.0	70.333336	65.0	57.666668	53.0	51.666668	
2.3333333	2.0	3.6666667	18.333334	53.666668	64.333336	72.666664	76.666664	80.666664	88.666664	104.0	119.666664	140.33333	156.33333	164.33333	168.0	167.0	164.33333	160.33333	158.66667	159.0	156.66667	148.33333	140.66667	130.33333	116.333336	100.0	85.333336	70.666664	57.666668	59.333332	66.333336	61.0	55.0	51.0	50.0	
1.3333334	1.0	1.3333334	11.0	47.0	60.333332	66.333336	73.666664	76.666664	76.333336	92.0	117.666664	135.0	144.33333	148.66667	150.66667	150.33333	147.66667	144.33333	142.33333	142.33333	140.33333	133.66667	124.666664	119.666664	108.333336	90.333336	73.0	61.333332	53.333332	56.666668	61.0	52.333332	48.666668	51.0	53.666668	
1.3333334	1.0	1.6666666	7.3333335	40.0	66.333336	67.0	67.666664	64.666664	62.333332	75.666664	102.333336	118.666664	120.666664	120.333336	119.0	118.666664	119.333336	118.0	115.0	112.333336	109.0	101.333336	95.333336	95.333336	89.0	72.333336	56.333332	51.0	49.666668	49.0	51.333332	52.0	49.0	51.333332	56.0	
1.3333334	1.0	1.6666666	5.0	38.666668	80.333336	76.333336	64.666664	53.0	53.333332	61.666668	74.666664	89.666664	91.0	86.0	83.0	81.666664	83.666664	86.666664	85.333336	83.666664	78.666664	69.666664	64.333336	66.333336	64.666664	55.666668	45.0	41.0	41.666668	43.666668	47.333332	52.0	52.666668	53.666668	61.333332	
1.6666666	1.0	1.3333334	4.6666665	41.0	89.666664	84.666664	73.666664	56.666668	50.0	48.0	53.666668	61.333332	64.0	61.666668	58.0	55.333332	55.666668	58.333332	58.333332	58.0	56.0	48.666668	47.666668	47.333332	45.0	38.333332	33.666668	36.0	39.666668	45.333332	47.666668	47.0	52.0	55.333332	71.333336	
1.6666666	1.3333334	1.3333334	5.0	40.666668	93.666664	89.666664	78.666664	64.666664	50.666668	45.0	46.333332	46.666668	48.333332	47.666668	44.333332	41.666668	39.666668	44.333332	45.0	45.333332	43.0	40.333332	41.333332	38.333332	35.333332	35.333332	35.333332	38.666668	42.666668	43.0	44.666668	50.0	50.0	57.666668	81.333336	
