11.0	8.666667	9.0	19.0	57.0	102.0	133.66667	152.66667	165.0	177.33333	180.0	174.33333	175.66667	172.33333	166.0	164.33333	163.33333	165.66667	170.0	171.0	169.33333	166.66667	155.0	159.66667	161.0	154.66667	158.0	164.0	157.0	140.0	129.66667	122.0	123.333336	96.0	47.0	16.333334	
9.333333	7.0	7.3333335	25.0	65.666664	110.0	139.0	160.33333	175.33333	185.33333	188.0	186.0	185.33333	181.0	181.0	179.66667	179.33333	185.33333	187.66667	189.66667	188.66667	182.66667	171.33333	174.33333	178.0	173.66667	173.33333	174.33333	169.0	159.0	150.0	137.66667	135.0	123.333336	76.666664	27.666666	
10.0	5.6666665	8.333333	35.666668	85.0	124.0	147.66667	168.0	180.0	185.66667	188.0	190.66667	192.33333	190.66667	192.0	195.0	200.66667	204.66667	208.0	210.33333	208.33333	201.0	194.33333	193.33333	195.33333	190.66667	187.66667	185.66667	179.66667	176.33333	169.0	157.33333	152.66667	138.0	91.0	38.666668	
7.0	4.0	13.333333	44.333332	88.333336	127.333336	157.66667	173.66667	180.33333	184.66667	187.33333	191.0	196.0	199.0	201.33333	206.66667	211.66667	214.66667	223.0	226.33333	226.0	221.0	215.66667	210.66667	211.33333	208.33333	204.0	198.66667	190.33333	184.66667	178.66667	170.66667	162.66667	150.0	107.666664	45.333332	
5.6666665	5.6666665	14.666667	41.666668	90.333336	137.33333	163.0	172.66667	177.0	182.66667	188.0	193.66667	200.33333	202.66667	207.33333	213.66667	215.33333	220.66667	226.66667	233.33333	236.33333	234.66667	229.66667	222.66667	220.33333	216.0	210.66667	203.33333	194.66667	186.66667	181.0	175.0	165.66667	153.66667	125.666664	56.0	
4.6666665	6.0	14.333333	43.0	99.333336	145.66667	160.33333	167.0	172.66667	177.66667	182.66667	190.33333	199.33333	203.0	209.33333	216.0	217.33333	221.66667	224.0	229.0	233.0	236.0	236.0	229.66667	224.66667	217.66667	210.0	200.66667	192.33333	183.33333	176.0	172.33333	168.0	161.33333	131.66667	66.333336	
7.0	9.0	17.666666	47.333332	104.666664	150.0	159.0	162.0	167.33333	171.33333	178.33333	187.0	194.66667	201.33333	210.0	218.0	220.33333	218.66667	220.33333	224.0	225.66667	231.0	235.66667	231.0	224.66667	217.0	209.0	198.66667	191.0	181.0	173.66667	169.33333	168.0	164.33333	136.66667	71.333336	
6.6666665	7.3333335	16.666666	45.666668	107.0	151.33333	154.33333	154.66667	160.66667	166.0	175.33333	183.33333	190.0	199.0	208.0	216.66667	221.0	219.66667	219.66667	223.66667	224.66667	225.66667	227.66667	226.0	219.0	212.66667	205.33333	197.33333	188.66667	178.66667	173.0	166.0	167.33333	166.33333	143.33333	78.0	
7.0	7.0	16.666666	45.0	104.666664	146.66667	150.0	150.0	158.66667	164.33333	170.66667	178.0	187.33333	193.33333	198.66667	208.0	215.33333	217.66667	218.66667	221.0	222.66667	219.66667	218.0	216.66667	209.33333	204.0	199.33333	194.66667	183.0	172.33333	164.0	157.33333	161.0	161.66667	143.33333	79.0	
6.0	7.0	16.333334	45.666668	103.666664	140.66667	143.33333	144.66667	153.33333	160.33333	167.33333	171.66667	182.0	187.0	190.0	200.0	207.33333	208.0	206.33333	206.33333	208.0	207.33333	205.0	204.33333	198.33333	196.0	194.0	188.33333	179.0	167.66667	158.33333	153.33333	153.33333	152.0	137.66667	75.666664	
6.3333335	7.6666665	14.666667	42.0	97.666664	133.0	137.33333	137.33333	144.66667	152.66667	157.0	161.33333	171.0	180.66667	186.66667	191.66667	195.0	194.33333	193.33333	190.33333	189.0	189.33333	188.66667	187.66667	186.33333	187.0	185.33333	178.66667	176.33333	168.33333	163.0	159.66667	150.0	145.0	125.666664	71.0	
8.666667	9.0	15.333333	37.666668	83.666664	123.666664	132.33333	131.66667	136.33333	143.33333	146.0	150.0	158.33333	170.66667	178.66667	181.0	181.0	182.33333	183.66667	180.66667	176.66667	177.33333	179.66667	180.33333	178.33333	176.0	172.33333	165.0	162.66667	159.66667	158.66667	154.0	144.0	137.33333	111.666664	61.333332	
24.0	9.0	15.333333	32.666668	68.0	109.666664	127.0	125.666664	130.0	138.66667	137.33333	140.33333	144.33333	153.0	161.0	167.0	167.0	168.0	170.33333	176.0	173.66667	168.0	163.0	164.0	164.0	161.66667	155.0	148.66667	144.66667	143.66667	144.0	141.0	132.33333	127.333336	101.333336	54.666668	
51.666668	11.333333	15.333333	30.666666	56.666668	89.333336	117.666664	119.0	120.0	135.33333	132.66667	133.66667	138.0	141.66667	150.0	156.33333	160.0	159.66667	155.33333	159.66667	155.0	140.66667	132.66667	140.66667	149.0	152.0	150.33333	150.33333	144.66667	142.0	138.33333	132.0	123.666664	120.333336	92.0	45.0	
70.666664	17.666666	14.0	25.666666	49.333332	76.333336	103.0	115.666664	118.0	130.66667	133.66667	135.66667	143.33333	150.33333	153.0	155.33333	164.66667	170.66667	163.33333	154.66667	151.66667	156.0	165.33333	167.0	160.33333	156.33333	155.66667	156.0	154.33333	152.33333	147.0	128.66667	118.666664	113.333336	77.666664	35.666668	
71.333336	26.0	10.333333	21.0	47.0	69.666664	90.333336	106.666664	110.333336	123.333336	133.33333	136.66667	143.66667	150.0	152.33333	153.33333	153.0	153.33333	154.0	149.66667	148.0	156.0	168.0	163.33333	156.66667	158.0	161.0	159.0	156.0	150.33333	139.0	122.666664	115.0	107.333336	81.0	36.0	
70.666664	41.333332	13.666667	22.333334	55.0	73.333336	80.333336	96.333336	106.333336	117.0	125.333336	136.33333	145.33333	153.66667	153.66667	157.66667	156.0	150.0	145.66667	140.66667	138.0	140.66667	151.66667	155.33333	161.0	167.0	170.33333	168.0	166.33333	159.66667	143.33333	123.333336	112.666664	107.0	100.0	42.666668	
73.333336	57.0	22.333334	29.333334	73.333336	91.0	83.666664	91.0	102.333336	116.666664	132.66667	144.66667	152.66667	161.66667	171.66667	180.66667	185.33333	181.66667	170.33333	157.66667	155.66667	161.0	169.33333	178.66667	187.33333	189.33333	183.66667	174.66667	169.0	165.0	154.33333	135.66667	119.666664	113.333336	115.333336	64.0	
66.333336	59.666668	35.0	46.666668	93.0	104.333336	93.333336	93.0	106.666664	126.0	139.0	146.33333	151.0	150.0	157.33333	166.0	175.33333	181.33333	182.0	173.33333	169.33333	170.66667	171.33333	174.66667	178.66667	178.0	171.0	163.66667	160.33333	157.0	144.33333	135.33333	126.0	117.666664	121.666664	84.0	
66.666664	58.666668	45.333332	65.666664	98.0	104.333336	96.666664	102.666664	114.0	121.666664	132.0	142.66667	147.0	149.33333	151.33333	156.33333	165.66667	170.33333	171.66667	169.0	167.0	160.33333	152.66667	153.0	155.33333	149.66667	141.0	131.66667	115.0	109.0	99.666664	107.0	114.0	119.333336	126.0	98.0	
71.333336	58.0	56.333332	73.333336	98.333336	109.0	103.0	99.333336	99.666664	100.0	99.666664	103.333336	106.666664	117.333336	126.333336	131.0	135.66667	137.0	130.33333	131.0	137.0	132.0	120.0	111.333336	106.333336	96.333336	84.333336	77.333336	66.333336	70.666664	70.0	73.0	88.666664	114.666664	125.333336	107.666664	
87.333336	76.333336	74.0	77.666664	97.0	112.666664	111.666664	91.666664	76.0	68.0	63.666668	63.666668	66.666664	70.666664	80.333336	79.0	83.0	87.666664	85.0	88.666664	97.333336	94.666664	85.666664	77.0	70.0	56.666668	42.0	40.0	42.333332	49.666668	59.0	64.0	71.0	96.666664	114.666664	112.0	
103.0	103.333336	84.0	80.333336	93.0	106.0	106.333336	83.666664	65.333336	62.0	59.333332	55.0	47.666668	40.333332	40.0	44.0	54.666668	57.666668	56.0	69.0	83.333336	83.333336	67.0	60.333332	55.333332	37.666668	31.0	40.333332	55.0	59.666668	59.666668	65.0	73.0	91.333336	107.0	107.0	
93.666664	118.666664	88.0	79.666664	90.0	97.0	93.333336	77.0	63.666668	59.333332	51.333332	47.0	42.333332	36.333332	37.333332	36.0	39.333332	40.333332	42.0	85.0	120.0	110.333336	57.333332	39.0	36.333332	30.666666	30.333334	37.333332	52.666668	62.0	68.666664	68.0	86.0	110.666664	109.333336	100.333336	
80.666664	129.66667	99.666664	76.333336	87.333336	99.333336	102.333336	89.0	71.666664	65.333336	64.666664	57.333332	48.0	43.666668	43.0	35.333332	34.0	33.666668	45.666668	120.0	177.33333	157.33333	77.333336	41.333332	40.666668	44.333332	51.666668	57.333332	62.666668	74.666664	92.0	101.0	122.333336	131.66667	108.333336	98.0	
62.666668	120.0	101.666664	77.0	82.333336	100.0	118.666664	124.0	106.666664	90.333336	90.0	82.666664	75.333336	69.0	59.666668	50.333332	46.666668	51.0	74.666664	148.66667	207.33333	187.33333	109.666664	60.666668	53.333332	62.333332	68.333336	72.666664	82.0	90.666664	98.666664	119.333336	138.0	129.0	98.333336	86.666664	
48.666668	83.0	81.0	75.333336	75.333336	91.0	110.0	124.0	121.0	103.666664	90.0	87.0	81.0	71.333336	63.0	61.666668	67.0	80.333336	103.333336	153.33333	202.0	188.33333	129.33333	94.0	76.0	68.666664	72.333336	75.333336	83.666664	88.333336	108.666664	130.33333	130.33333	108.333336	84.666664	86.333336	
44.333332	93.0	89.666664	76.666664	72.0	79.666664	90.666664	105.333336	119.666664	119.333336	100.0	85.333336	79.666664	80.333336	85.666664	97.666664	103.0	106.333336	120.333336	149.0	193.0	180.33333	135.0	113.666664	108.666664	100.333336	90.0	85.333336	84.333336	100.333336	121.666664	122.0	107.666664	89.333336	78.666664	89.0	
26.333334	69.333336	84.0	80.0	73.666664	74.666664	80.0	89.0	103.0	117.0	124.333336	122.666664	120.333336	129.0	134.0	138.66667	135.66667	132.0	141.0	158.66667	192.0	177.33333	143.33333	127.333336	129.33333	130.66667	124.666664	119.666664	115.0	117.333336	114.666664	99.666664	85.666664	80.666664	79.666664	69.0	
12.666667	22.333334	57.666668	80.333336	75.0	79.0	84.666664	81.666664	89.333336	108.333336	129.66667	145.33333	149.0	149.66667	147.33333	136.0	131.33333	144.66667	162.66667	180.66667	198.33333	182.33333	157.0	137.66667	133.66667	142.33333	140.0	132.33333	121.666664	111.0	100.0	86.0	79.333336	84.333336	81.666664	43.666668	
10.0	12.333333	47.666668	78.0	77.666664	82.0	91.0	83.333336	86.0	108.666664	131.66667	146.0	147.66667	141.33333	123.0	102.0	137.33333	157.66667	169.66667	196.66667	206.0	195.33333	169.0	146.0	119.666664	124.333336	140.0	136.0	125.666664	110.666664	96.0	86.333336	85.333336	87.666664	74.333336	30.0	
11.333333	10.666667	42.333332	75.333336	75.666664	78.666664	95.333336	97.0	95.333336	109.333336	125.333336	132.66667	133.33333	120.333336	93.0	92.333336	159.0	173.0	171.33333	200.33333	211.0	200.33333	177.66667	181.0	137.66667	101.0	119.0	129.0	133.0	124.666664	106.0	92.0	92.0	86.666664	70.0	23.0	
12.666667	11.333333	37.666668	71.666664	73.0	77.333336	94.666664	101.666664	98.0	103.0	109.333336	112.333336	111.0	94.333336	74.333336	82.0	125.0	138.33333	147.33333	179.33333	194.33333	190.0	165.33333	160.33333	131.33333	93.333336	96.333336	113.333336	129.66667	132.0	113.333336	97.666664	96.666664	88.333336	67.666664	37.666668	
12.0	11.0	28.333334	66.666664	71.333336	73.666664	90.0	102.666664	96.0	92.0	96.0	99.0	96.333336	76.666664	72.333336	81.333336	77.666664	84.0	106.0	135.0	154.33333	154.66667	128.66667	108.333336	108.666664	103.333336	89.666664	98.666664	111.333336	117.333336	108.0	100.0	95.666664	83.666664	59.0	44.0	
12.333333	14.0	20.666666	54.666668	69.0	73.333336	85.0	100.333336	93.666664	85.0	86.333336	92.333336	80.333336	67.666664	83.333336	92.666664	67.0	54.0	70.333336	97.666664	115.0	110.333336	79.666664	68.0	102.666664	119.0	96.333336	87.0	93.666664	96.0	95.666664	98.666664	94.666664	78.0	48.666668	40.333332	
20.666666	17.666666	16.666666	40.0	64.333336	70.0	80.333336	93.333336	96.333336	90.333336	85.0	79.333336	65.0	73.333336	93.666664	102.0	84.333336	59.0	57.0	74.0	88.666664	82.333336	60.333332	70.0	106.666664	115.666664	103.0	86.666664	84.333336	88.666664	92.0	97.0	90.666664	69.0	38.333332	39.333332	
24.0	20.333334	12.0	22.0	57.333332	66.0	76.0	84.666664	88.333336	85.666664	84.666664	69.333336	68.666664	82.0	86.666664	96.666664	95.0	74.333336	63.0	64.666664	63.666668	63.666668	66.666664	87.333336	108.0	107.0	100.333336	96.0	83.0	86.333336	90.0	91.0	84.666664	55.333332	28.333334	33.666668	
25.333334	18.666666	12.0	21.666666	68.0	66.666664	70.0	81.333336	82.0	85.0	86.0	71.666664	77.0	76.333336	71.666664	81.666664	92.333336	88.0	70.0	60.666668	58.0	68.666664	79.333336	89.0	87.666664	77.333336	78.333336	86.0	86.0	91.666664	90.0	83.666664	75.333336	47.666668	23.0	32.0	
26.333334	18.333334	13.333333	24.0	87.666664	78.666664	66.333336	78.0	83.666664	88.333336	92.0	79.333336	71.666664	69.666664	50.666668	39.666668	60.0	84.333336	81.0	76.333336	77.333336	85.666664	82.666664	67.666664	45.666668	49.333332	64.666664	78.0	91.333336	95.0	87.666664	78.666664	92.333336	81.333336	29.0	31.666666	
29.666666	22.0	15.333333	20.0	88.0	101.0	70.333336	71.666664	82.0	87.666664	92.666664	80.666664	71.666664	84.666664	85.333336	53.333332	37.666668	57.0	71.666664	87.333336	84.666664	77.333336	55.333332	42.333332	52.666668	77.666664	75.666664	77.0	90.333336	91.0	82.333336	80.666664	132.66667	124.0	40.333332	33.0	
30.0	23.666666	18.0	17.0	71.0	117.333336	85.666664	68.333336	74.0	82.0	87.333336	77.0	76.0	85.333336	98.666664	102.333336	74.333336	51.333332	50.666668	51.333332	44.333332	40.666668	44.0	66.0	87.0	90.666664	89.666664	87.0	87.333336	85.0	78.666664	96.0	163.66667	142.33333	46.0	31.0	
30.0	26.333334	19.333334	15.0	50.333332	120.0	104.0	78.0	73.333336	75.666664	81.0	84.666664	85.666664	87.333336	86.0	95.333336	94.666664	85.666664	73.666664	60.0	56.333332	67.333336	81.666664	87.666664	89.333336	92.0	100.333336	101.666664	88.333336	79.0	86.333336	125.666664	175.33333	148.0	50.0	29.666666	
31.0	27.666666	21.333334	18.0	33.0	109.0	115.0	95.0	80.666664	74.333336	77.666664	91.0	95.666664	94.333336	88.0	79.666664	83.333336	89.0	91.0	87.333336	87.666664	91.666664	90.0	83.333336	83.0	94.0	106.666664	100.0	83.666664	85.0	105.0	151.33333	180.33333	147.33333	50.333332	32.0	
32.333332	27.333334	21.666666	19.333334	22.666666	91.0	122.666664	110.333336	96.333336	84.666664	80.0	84.666664	88.0	99.333336	101.0	88.666664	83.0	84.333336	85.666664	86.333336	88.0	84.666664	83.333336	83.333336	93.0	110.333336	107.333336	86.666664	85.0	99.0	128.0	169.0	184.66667	141.0	46.666668	34.666668	
32.666668	29.666666	23.666666	20.0	17.666666	68.666664	125.0	120.333336	112.0	102.333336	91.666664	82.0	77.0	93.666664	117.333336	119.666664	110.0	99.666664	89.333336	86.666664	88.0	88.333336	97.666664	107.666664	120.0	123.666664	93.333336	77.666664	98.666664	118.666664	152.0	180.66667	190.33333	138.33333	46.666668	36.0	
35.333332	32.666668	28.0	23.0	18.333334	46.0	122.333336	131.0	120.666664	114.333336	108.333336	100.333336	89.666664	87.0	109.333336	124.666664	126.666664	118.666664	110.333336	104.666664	103.0	107.333336	113.333336	120.333336	122.333336	106.333336	82.333336	92.666664	117.333336	141.0	172.66667	187.0	196.33333	135.33333	46.666668	38.333332	
38.0	33.0	29.333334	25.333334	20.333334	28.666666	102.333336	143.0	131.33333	122.666664	117.666664	116.0	112.0	101.666664	96.333336	104.333336	112.0	112.333336	110.666664	109.0	110.333336	110.0	104.333336	106.0	103.666664	84.0	89.0	111.0	136.33333	161.66667	181.33333	192.0	199.0	131.33333	46.666668	40.333332	
40.333332	34.333332	31.0	27.0	22.666666	19.0	72.666664	142.33333	141.33333	130.0	125.666664	122.333336	121.0	116.0	107.0	100.0	98.333336	100.666664	100.666664	100.333336	102.333336	97.666664	94.666664	86.666664	74.333336	80.333336	101.666664	121.0	150.0	173.0	188.0	197.33333	201.0	129.0	47.0	41.666668	
40.0	36.0	34.0	29.333334	25.0	19.0	40.0	120.333336	144.33333	137.33333	130.33333	124.666664	123.666664	119.333336	117.0	112.0	105.0	101.333336	98.0	97.0	92.666664	81.666664	63.333332	57.0	73.333336	94.666664	111.666664	132.0	163.0	182.66667	194.66667	203.0	206.0	130.0	48.333332	44.333332	
