45.0	46.666668	42.333332	57.666668	73.666664	94.0	124.333336	136.33333	171.66667	188.33333	184.0	185.33333	183.0	180.33333	180.0	184.66667	189.0	184.33333	182.0	180.66667	183.33333	185.0	176.0	173.0	163.0	147.33333	139.0	136.0	155.66667	140.66667	124.666664	79.666664	50.333332	32.333332	23.0	29.0	
40.333332	48.333332	54.666668	73.333336	93.333336	112.666664	142.0	154.33333	175.66667	187.33333	183.0	181.33333	180.33333	182.33333	185.0	186.33333	188.33333	189.0	184.33333	179.0	187.0	186.66667	182.0	180.33333	168.66667	150.33333	142.0	152.33333	166.66667	155.66667	138.0	104.666664	84.666664	45.0	23.333334	26.333334	
38.666668	52.333332	70.666664	96.333336	117.333336	133.0	154.33333	164.33333	172.66667	179.66667	179.0	182.33333	183.0	183.33333	184.66667	185.0	185.0	183.33333	178.33333	175.33333	186.33333	191.33333	187.0	184.33333	175.33333	156.33333	148.0	163.33333	169.0	164.0	143.33333	124.333336	113.666664	66.666664	33.0	28.666666	
43.333332	59.333332	80.0	109.333336	129.33333	144.33333	153.66667	160.66667	168.66667	175.66667	176.33333	177.33333	176.33333	175.0	176.33333	180.66667	183.66667	183.66667	184.0	186.66667	188.66667	189.66667	192.33333	189.66667	181.66667	171.0	164.0	167.0	168.0	165.33333	152.66667	139.33333	124.0	86.333336	60.0	47.666668	
44.333332	60.0	81.333336	103.0	122.666664	140.33333	153.33333	161.66667	170.0	175.66667	176.33333	174.33333	175.0	176.0	177.0	180.33333	182.66667	186.33333	190.33333	189.0	186.33333	189.33333	192.0	189.33333	182.66667	177.0	174.66667	171.33333	167.33333	165.0	157.33333	141.0	126.666664	113.666664	99.666664	70.333336	
44.0	56.333332	76.666664	93.0	115.333336	135.33333	154.0	162.66667	170.33333	173.33333	176.33333	178.33333	183.33333	186.66667	186.66667	186.66667	186.33333	187.66667	190.66667	189.33333	187.0	189.0	191.0	189.0	184.66667	181.33333	179.33333	175.33333	170.66667	167.0	160.0	144.33333	130.0	127.0	121.333336	89.333336	
43.666668	55.333332	73.0	89.666664	117.0	138.33333	154.0	163.33333	172.0	175.0	177.66667	181.0	181.33333	184.33333	187.66667	190.0	192.33333	189.33333	185.0	186.0	187.33333	188.0	188.66667	188.0	188.66667	187.33333	184.0	179.33333	173.0	166.66667	161.66667	153.66667	138.0	132.33333	132.0	110.0	
45.666668	57.333332	75.666664	99.666664	124.666664	139.33333	151.33333	167.0	175.33333	170.0	171.0	178.0	178.66667	183.33333	187.0	190.0	193.33333	191.66667	190.0	192.33333	192.66667	190.0	189.66667	188.0	188.33333	185.66667	182.33333	179.66667	173.33333	167.0	162.0	160.66667	147.33333	139.0	136.66667	124.0	
48.666668	59.333332	80.666664	109.0	131.0	143.66667	157.33333	164.33333	155.66667	147.66667	153.33333	160.0	164.66667	174.0	180.0	188.0	190.0	191.33333	195.66667	197.66667	197.66667	196.0	191.66667	189.66667	186.66667	184.0	181.66667	178.33333	173.66667	170.0	165.66667	162.66667	154.33333	144.33333	133.33333	125.333336	
52.0	65.666664	96.666664	124.0	135.0	146.33333	159.33333	158.33333	149.66667	150.0	149.0	137.0	126.0	124.666664	132.0	142.66667	149.33333	158.33333	167.0	176.33333	190.0	203.33333	195.0	190.0	183.66667	182.33333	179.66667	175.0	172.33333	169.66667	168.66667	164.66667	158.66667	152.33333	139.66667	128.33333	
55.666668	82.0	117.0	129.66667	133.0	141.0	144.0	143.66667	146.66667	144.33333	142.0	133.0	112.333336	95.333336	91.333336	99.666664	114.0	135.33333	144.33333	154.33333	178.33333	199.0	197.66667	189.66667	181.0	175.66667	170.33333	167.0	165.66667	166.0	168.66667	165.0	157.33333	152.66667	145.0	134.66667	
63.0	100.333336	126.0	126.333336	125.333336	128.33333	133.0	138.33333	140.66667	140.66667	145.33333	152.0	146.66667	141.33333	130.0	127.0	135.0	148.33333	154.33333	161.0	175.66667	192.0	193.33333	183.33333	170.0	160.33333	151.33333	144.33333	138.33333	136.0	139.66667	141.66667	139.66667	139.33333	133.0	126.666664	
77.333336	109.666664	124.0	123.0	120.0	124.333336	129.33333	135.33333	141.33333	150.66667	158.66667	167.33333	164.66667	171.66667	168.0	166.33333	168.0	169.0	170.33333	165.66667	172.66667	191.33333	191.66667	181.0	159.0	147.33333	136.33333	128.66667	115.666664	98.666664	90.333336	87.333336	92.333336	101.666664	106.333336	108.0	
88.666664	117.0	124.0	124.666664	124.333336	126.666664	133.0	139.0	143.33333	149.66667	155.66667	156.33333	147.33333	144.0	142.66667	152.0	168.0	177.0	176.66667	171.66667	171.66667	182.0	184.33333	178.0	156.66667	142.33333	132.66667	134.0	123.0	101.0	88.0	85.0	83.333336	80.333336	95.0	105.666664	
94.0	118.0	123.666664	125.0	129.0	137.33333	142.0	136.66667	134.0	130.0	108.0	92.333336	78.333336	98.0	109.666664	113.333336	141.66667	174.33333	176.66667	170.33333	167.66667	173.0	179.33333	177.33333	157.66667	136.66667	128.0	137.33333	146.33333	145.33333	147.66667	144.66667	130.66667	106.0	95.0	101.333336	
99.333336	122.333336	132.33333	134.66667	140.66667	148.33333	141.33333	127.666664	110.0	86.666664	58.333332	48.666668	58.333332	115.333336	152.0	125.0	126.0	156.0	169.33333	162.66667	160.66667	170.33333	174.33333	173.0	156.66667	126.333336	120.333336	140.0	145.66667	145.33333	148.0	148.33333	146.33333	131.0	108.0	93.666664	
102.666664	124.333336	138.33333	144.0	152.33333	152.0	136.33333	116.333336	89.0	99.666664	100.666664	70.333336	87.666664	146.33333	165.33333	139.33333	139.33333	154.66667	163.0	156.66667	159.66667	171.33333	172.66667	167.33333	153.33333	125.0	116.0	116.0	114.333336	97.333336	80.0	78.0	94.333336	113.666664	114.333336	100.666664	
107.333336	127.333336	141.0	150.33333	159.33333	154.66667	145.33333	139.0	123.333336	127.333336	131.33333	129.33333	137.33333	149.0	151.33333	150.66667	155.66667	155.33333	155.66667	158.66667	166.0	171.33333	168.0	165.33333	156.33333	131.66667	111.333336	112.0	128.33333	85.666664	50.0	40.333332	67.0	71.666664	94.333336	100.666664	
115.666664	135.33333	147.0	152.66667	160.33333	161.33333	163.33333	162.0	159.66667	155.33333	151.0	155.0	157.66667	156.0	155.66667	157.33333	157.0	161.66667	162.33333	163.33333	169.66667	168.33333	167.33333	166.33333	158.0	136.0	117.333336	124.0	140.0	111.666664	73.666664	71.0	95.333336	53.666668	63.0	97.666664	
121.333336	137.66667	149.0	152.66667	157.66667	159.0	164.66667	167.0	163.66667	160.33333	155.66667	153.33333	156.33333	157.66667	163.0	165.66667	167.0	170.0	170.66667	169.33333	169.66667	169.0	168.0	165.66667	158.66667	139.66667	121.0	122.333336	135.0	143.33333	134.0	119.333336	105.666664	62.666668	55.333332	91.333336	
121.666664	139.66667	150.33333	154.66667	157.66667	159.33333	161.0	160.33333	155.66667	155.66667	157.33333	156.0	159.33333	164.0	169.66667	172.0	174.0	176.66667	179.0	175.66667	170.66667	165.66667	161.0	158.33333	157.33333	147.33333	127.0	127.0	133.66667	138.66667	142.66667	140.66667	126.333336	106.666664	85.0	92.0	
126.0	141.66667	149.0	154.66667	156.0	158.33333	159.66667	159.0	157.33333	160.33333	164.0	166.0	166.33333	171.0	177.33333	179.33333	179.33333	180.66667	175.66667	166.33333	162.66667	159.33333	160.33333	163.0	164.33333	159.66667	139.0	133.0	141.33333	143.33333	138.0	138.66667	136.33333	130.33333	117.0	110.666664	
127.0	139.33333	144.66667	151.66667	154.0	156.66667	158.66667	158.66667	161.0	164.66667	168.33333	171.0	174.0	179.33333	181.33333	176.33333	173.66667	171.0	159.66667	153.33333	158.66667	161.0	170.33333	177.0	175.0	170.0	154.33333	138.0	147.66667	150.66667	147.33333	140.0	135.0	131.66667	128.0	124.0	
125.0	134.0	142.66667	150.0	154.0	157.66667	159.0	161.0	165.0	169.33333	172.66667	176.33333	182.0	185.0	177.0	167.0	162.66667	155.0	148.66667	157.33333	164.66667	160.66667	172.0	187.33333	181.66667	171.0	159.0	140.0	150.66667	161.33333	161.33333	152.0	140.66667	132.66667	127.333336	124.0	
125.333336	130.66667	139.33333	146.33333	151.0	154.0	158.66667	163.66667	167.66667	171.66667	176.66667	183.0	186.0	181.33333	171.0	165.66667	161.0	149.33333	146.33333	149.0	136.66667	132.33333	146.0	171.33333	162.33333	160.0	148.0	120.333336	138.33333	170.0	165.66667	156.66667	150.66667	141.0	131.33333	122.0	
126.333336	127.333336	132.66667	141.66667	148.0	152.33333	158.0	164.0	167.0	172.33333	182.33333	187.66667	185.0	176.0	170.66667	170.66667	169.0	149.0	135.0	124.333336	88.666664	88.333336	106.0	134.33333	138.0	132.0	100.666664	89.666664	123.333336	170.0	174.66667	162.66667	158.0	149.0	134.33333	121.666664	
123.666664	126.0	130.0	140.0	147.33333	152.33333	157.0	162.0	166.66667	174.0	186.66667	188.33333	181.66667	174.33333	173.66667	173.33333	170.66667	152.66667	132.33333	131.33333	136.33333	138.0	129.0	117.333336	107.666664	86.333336	72.333336	91.333336	123.0	170.0	180.66667	174.33333	165.33333	155.0	138.33333	121.666664	
121.0	124.0	128.66667	134.66667	144.0	152.33333	157.0	163.0	169.33333	175.0	183.66667	187.66667	182.0	177.0	175.0	171.33333	167.0	159.0	152.33333	148.33333	149.66667	157.33333	156.33333	144.0	130.0	110.0	101.333336	113.0	140.66667	168.0	179.33333	177.33333	168.0	157.33333	141.33333	122.666664	
122.333336	120.0	125.333336	132.66667	143.0	152.66667	156.0	161.66667	168.0	174.0	181.0	188.0	186.0	178.66667	171.66667	168.33333	171.33333	169.0	168.0	166.33333	163.33333	157.33333	155.33333	162.0	162.0	146.33333	135.0	132.66667	147.33333	159.0	171.0	176.33333	170.66667	161.33333	145.33333	124.0	
121.333336	120.333336	124.333336	130.66667	138.66667	146.0	149.0	156.33333	164.66667	172.0	177.0	183.66667	183.33333	175.0	166.66667	165.33333	172.33333	176.0	168.66667	159.0	151.33333	146.0	144.66667	146.66667	146.66667	137.66667	139.0	143.66667	145.66667	146.66667	154.66667	169.33333	172.66667	164.33333	147.66667	124.0	
121.666664	123.333336	125.0	129.66667	134.66667	138.66667	141.0	151.66667	160.33333	167.0	169.0	174.66667	174.0	169.33333	165.0	157.33333	154.66667	148.33333	126.333336	113.666664	110.666664	111.333336	118.333336	120.0	122.0	117.666664	125.0	136.66667	141.33333	140.33333	142.66667	157.66667	172.0	164.33333	147.33333	122.666664	
118.666664	123.333336	126.666664	131.33333	134.0	137.33333	139.33333	148.33333	158.66667	165.0	168.0	173.33333	170.33333	170.0	162.66667	141.33333	116.0	104.0	112.0	127.0	131.66667	132.0	128.33333	116.333336	117.333336	115.0	115.666664	122.0	125.666664	128.66667	128.33333	138.0	160.0	158.66667	141.33333	119.0	
121.333336	129.0	131.66667	134.66667	136.0	140.33333	142.33333	147.33333	159.0	166.33333	168.0	170.66667	168.0	169.0	154.66667	124.666664	112.333336	123.666664	137.66667	147.0	155.33333	160.0	151.66667	139.66667	140.0	144.0	136.33333	122.333336	109.666664	105.0	110.0	126.0	147.33333	151.0	132.66667	110.333336	
120.333336	133.33333	136.33333	138.0	138.0	140.66667	142.33333	145.0	155.0	163.33333	166.33333	171.66667	171.66667	163.33333	150.33333	143.66667	149.33333	157.0	159.0	163.0	162.33333	157.0	152.66667	147.66667	144.66667	145.33333	140.33333	130.0	112.333336	89.0	99.666664	128.33333	136.66667	136.33333	121.333336	97.0	
117.0	133.66667	139.33333	140.33333	139.33333	142.33333	144.66667	145.33333	152.66667	163.33333	170.0	174.0	172.66667	162.0	157.0	161.0	166.0	166.66667	162.33333	160.66667	154.66667	148.33333	144.33333	140.33333	138.66667	138.66667	134.33333	127.0	120.333336	107.0	115.0	133.66667	133.0	129.0	111.333336	84.0	
111.666664	129.66667	138.33333	139.66667	138.66667	144.33333	151.33333	150.33333	154.66667	164.33333	169.66667	175.0	175.0	164.66667	162.0	168.66667	171.66667	170.33333	165.33333	160.0	156.0	151.66667	143.33333	140.0	143.0	139.33333	130.33333	128.0	130.66667	129.33333	126.666664	134.0	132.33333	121.0	99.666664	72.333336	
105.0	123.666664	135.0	138.0	138.33333	146.0	154.33333	152.33333	155.0	162.33333	167.66667	175.66667	176.66667	169.66667	164.33333	169.33333	173.66667	177.33333	175.66667	172.33333	164.0	156.66667	147.66667	143.66667	149.66667	147.33333	145.0	145.66667	140.66667	134.33333	125.333336	134.0	130.66667	113.333336	94.666664	69.333336	
96.0	116.333336	130.66667	137.0	138.66667	145.33333	152.0	149.66667	151.66667	158.0	166.33333	174.0	173.33333	169.0	159.33333	164.0	173.66667	185.0	187.33333	181.0	165.66667	157.33333	154.66667	150.33333	148.0	145.33333	154.0	154.0	144.0	132.33333	120.0	130.33333	129.0	108.333336	86.333336	56.333332	
85.0	109.666664	124.666664	134.33333	137.66667	144.33333	149.33333	148.33333	150.33333	156.66667	163.66667	167.33333	163.0	161.33333	156.0	162.66667	175.66667	188.0	190.0	176.66667	160.0	155.0	159.66667	160.33333	150.0	142.66667	153.66667	156.33333	145.33333	132.0	121.333336	129.0	126.333336	105.333336	81.333336	50.0	
72.0	97.333336	117.0	127.666664	133.33333	142.66667	146.66667	146.33333	149.33333	153.66667	157.66667	158.0	156.66667	160.33333	162.33333	168.0	179.66667	186.66667	185.0	174.0	164.0	161.66667	164.0	160.33333	153.0	146.0	155.33333	161.66667	149.0	132.0	123.666664	126.666664	120.0	97.333336	78.333336	62.333332	
62.333332	79.0	105.666664	119.333336	126.0	137.0	141.66667	140.33333	146.0	151.33333	154.66667	154.0	156.66667	165.0	168.0	172.33333	179.66667	185.33333	184.33333	176.66667	167.0	160.0	156.66667	154.0	148.66667	145.66667	156.0	160.33333	150.0	129.66667	122.333336	121.666664	111.666664	89.0	68.333336	55.666668	
71.666664	67.0	86.333336	106.666664	117.0	128.33333	135.33333	135.0	139.66667	145.33333	149.66667	153.33333	158.66667	167.33333	170.0	172.66667	179.66667	185.33333	180.66667	169.66667	162.66667	158.66667	155.0	146.66667	138.0	142.33333	154.33333	150.66667	144.66667	126.666664	120.0	115.333336	103.333336	83.666664	55.333332	33.333332	
94.666664	71.333336	65.333336	86.333336	104.0	117.666664	126.0	127.333336	133.66667	140.66667	143.66667	151.0	158.66667	166.0	169.66667	170.33333	176.33333	178.0	166.0	149.0	151.33333	153.33333	151.33333	142.0	134.33333	140.33333	151.66667	145.0	136.0	122.333336	116.666664	110.0	95.666664	75.0	63.0	58.666668	
111.333336	93.0	60.0	63.333332	85.0	101.666664	116.333336	122.333336	128.33333	134.0	136.0	145.66667	155.0	160.0	164.0	164.33333	167.0	169.33333	161.33333	148.66667	145.0	146.0	144.0	142.33333	137.66667	137.33333	142.0	139.66667	130.0	116.333336	108.666664	100.666664	88.333336	71.0	69.0	68.333336	
114.666664	110.0	77.333336	50.666668	55.333332	77.333336	99.333336	109.0	116.333336	123.0	126.0	135.0	143.0	146.66667	152.0	153.66667	155.33333	162.33333	167.0	161.66667	154.33333	149.0	148.0	144.33333	136.0	130.0	132.33333	136.33333	124.0	109.0	100.0	93.333336	77.333336	51.0	37.666668	33.666668	
115.666664	119.333336	105.666664	71.666664	47.0	53.333332	75.333336	89.666664	100.333336	110.333336	115.666664	123.0	128.33333	134.33333	142.0	146.0	148.33333	156.66667	165.66667	165.33333	157.66667	146.0	144.0	138.0	127.666664	131.0	139.66667	142.33333	115.333336	94.333336	85.0	82.0	56.666668	23.666666	13.0	12.333333	
114.333336	124.666664	122.333336	100.333336	73.666664	55.0	53.333332	66.666664	81.333336	93.0	101.666664	110.0	113.666664	119.0	125.666664	132.0	135.66667	139.33333	147.66667	151.33333	145.0	136.0	132.66667	133.0	130.66667	136.66667	140.33333	129.33333	96.0	77.0	70.333336	63.0	32.0	10.333333	6.6666665	6.3333335	
112.0	123.0	128.66667	118.333336	102.0	80.333336	58.0	52.0	63.666668	73.666664	81.666664	90.333336	96.666664	101.333336	103.333336	109.0	115.333336	116.333336	120.666664	123.666664	119.666664	122.666664	126.666664	127.666664	126.0	125.0	118.666664	103.0	75.0	65.333336	60.333332	38.666668	15.333333	5.6666665	5.0	5.0	
111.333336	117.666664	127.666664	130.33333	123.666664	109.333336	90.333336	73.666664	58.666668	56.0	65.666664	74.666664	80.0	84.333336	86.333336	90.333336	95.0	96.666664	100.666664	105.0	106.333336	110.666664	116.0	118.0	113.666664	106.666664	97.0	78.666664	62.666668	59.333332	42.333332	16.0	6.0	3.3333333	4.0	3.6666667	
