12.333333	19.333334	30.333334	48.0	67.0	84.0	98.0	110.666664	115.333336	119.666664	126.666664	132.0	136.66667	145.66667	155.0	159.66667	164.33333	167.66667	165.33333	165.0	167.33333	164.66667	167.0	172.66667	175.0	174.0	168.33333	165.33333	162.33333	161.33333	158.66667	151.66667	148.0	143.33333	132.0	121.0	
13.0	24.333334	42.0	65.666664	92.666664	113.333336	128.33333	142.33333	153.0	163.33333	175.33333	180.0	181.0	190.33333	195.33333	193.33333	200.0	203.66667	200.66667	203.33333	210.33333	207.33333	207.33333	212.33333	210.0	205.33333	204.0	203.33333	195.0	187.33333	183.33333	178.66667	175.0	169.66667	160.0	153.0	
23.666666	41.333332	66.333336	94.333336	121.333336	138.33333	149.66667	159.0	170.66667	180.66667	193.0	197.33333	197.66667	203.0	206.33333	207.66667	211.66667	214.66667	208.66667	206.66667	214.66667	213.33333	209.33333	212.66667	213.33333	211.66667	208.33333	205.33333	199.33333	193.33333	191.33333	186.66667	181.0	174.0	163.0	158.33333	
45.0	69.333336	95.333336	122.333336	142.33333	153.66667	162.0	171.0	183.0	193.33333	199.33333	203.33333	208.66667	212.0	211.0	209.33333	209.66667	211.66667	212.66667	208.0	210.0	212.0	210.66667	214.66667	214.66667	215.0	213.0	210.33333	207.33333	202.66667	197.66667	191.66667	183.33333	170.66667	162.66667	160.0	
69.0	94.666664	122.333336	146.0	158.33333	165.33333	167.66667	174.66667	188.33333	194.0	198.0	200.66667	202.66667	206.33333	210.0	209.66667	210.0	213.0	214.33333	206.0	206.33333	206.0	204.66667	206.33333	205.33333	207.66667	208.0	206.0	204.66667	203.0	199.0	194.66667	186.33333	174.33333	164.0	158.33333	
90.0	111.666664	136.66667	156.33333	164.66667	169.66667	175.66667	182.66667	191.0	197.0	201.66667	203.0	201.66667	203.0	206.33333	207.33333	208.0	210.33333	212.66667	205.66667	204.0	200.66667	198.0	198.0	196.66667	200.0	199.33333	195.33333	193.0	191.33333	189.0	187.66667	185.33333	179.33333	170.66667	159.33333	
104.333336	123.333336	147.33333	164.0	165.66667	166.66667	172.33333	174.33333	178.33333	183.66667	185.33333	186.33333	189.0	193.66667	197.33333	199.0	199.33333	202.66667	208.0	204.66667	200.66667	196.66667	184.33333	179.33333	172.66667	175.0	179.0	172.66667	169.66667	166.0	167.66667	172.66667	177.33333	181.0	176.33333	162.33333	
112.333336	130.0	152.66667	162.66667	159.0	153.0	151.66667	150.0	150.0	144.0	146.0	153.33333	158.33333	161.66667	167.66667	181.0	187.33333	187.33333	193.0	193.66667	186.66667	181.33333	160.66667	149.0	128.33333	121.333336	131.66667	130.0	127.666664	130.33333	140.66667	148.0	154.0	161.33333	164.33333	159.66667	
121.666664	133.0	147.33333	148.66667	138.33333	131.0	125.333336	115.333336	107.333336	97.0	93.666664	100.666664	114.0	125.333336	138.0	156.66667	167.0	171.0	182.66667	183.0	167.66667	160.33333	148.33333	125.0	104.0	91.0	81.0	79.0	82.0	100.0	116.666664	119.0	121.333336	127.666664	136.66667	147.66667	
125.666664	133.33333	135.0	127.666664	114.333336	108.0	105.0	98.666664	94.666664	92.0	87.0	89.0	98.666664	106.666664	121.333336	135.33333	147.33333	166.66667	181.66667	177.0	155.66667	142.66667	133.66667	116.333336	107.333336	103.333336	90.0	92.0	100.0	108.666664	118.0	117.333336	112.0	110.666664	119.666664	138.0	
127.0	131.0	123.666664	109.333336	97.666664	105.0	119.333336	128.66667	130.66667	118.666664	105.333336	100.0	103.666664	112.0	117.0	129.33333	151.0	171.33333	184.66667	185.0	164.33333	144.33333	128.66667	117.666664	106.333336	100.666664	105.0	108.0	110.666664	117.666664	130.0	125.333336	118.0	117.0	122.666664	135.66667	
129.33333	127.666664	114.333336	105.666664	103.333336	118.666664	137.33333	143.66667	143.33333	141.66667	133.0	117.0	108.333336	112.333336	111.666664	127.0	155.0	175.0	189.66667	199.33333	192.0	167.66667	124.0	113.0	104.0	105.0	128.0	119.666664	115.666664	104.333336	120.333336	107.333336	98.333336	121.0	136.0	144.66667	
132.33333	128.66667	117.333336	109.666664	102.666664	103.333336	115.0	108.333336	98.666664	107.0	122.666664	122.666664	109.666664	104.333336	97.666664	117.666664	157.33333	178.66667	195.33333	207.66667	203.66667	180.0	128.66667	129.0	124.333336	118.666664	141.33333	120.0	100.333336	100.0	140.0	133.0	114.0	127.666664	143.66667	153.33333	
135.33333	129.0	124.666664	109.666664	93.666664	101.0	117.666664	103.0	89.0	104.333336	138.33333	148.33333	132.33333	134.0	131.66667	128.0	146.66667	176.0	197.0	209.0	208.0	184.0	150.66667	161.66667	161.0	148.0	156.0	147.33333	137.33333	144.33333	158.66667	152.33333	146.33333	152.0	151.0	154.66667	
139.66667	131.0	121.666664	115.333336	115.0	127.333336	147.0	138.66667	124.666664	130.0	160.0	175.66667	164.0	160.66667	156.66667	146.66667	151.66667	174.0	195.66667	210.33333	210.33333	188.66667	164.33333	161.0	162.33333	149.66667	146.66667	150.66667	154.66667	168.66667	162.33333	163.33333	175.33333	168.66667	158.66667	161.66667	
147.66667	142.0	133.0	129.0	135.33333	140.33333	151.66667	164.66667	168.66667	164.33333	161.0	158.66667	151.33333	152.33333	155.0	157.66667	163.33333	175.66667	196.0	213.0	213.33333	195.66667	182.33333	172.33333	164.33333	161.66667	153.0	150.66667	156.33333	164.33333	168.33333	177.66667	178.66667	174.0	176.33333	175.66667	
151.0	153.33333	148.66667	145.0	149.0	155.33333	159.0	160.66667	160.0	158.0	155.33333	160.0	151.0	152.66667	159.66667	164.33333	168.0	179.0	195.66667	213.0	218.0	203.66667	185.0	176.33333	171.33333	167.0	163.66667	169.0	175.0	176.33333	175.33333	178.66667	182.33333	184.0	186.33333	184.0	
151.66667	160.33333	164.33333	163.0	158.33333	161.0	165.66667	172.0	173.33333	170.66667	162.0	152.0	149.33333	161.0	164.66667	161.66667	164.0	176.33333	197.0	216.0	220.0	206.0	182.33333	173.66667	174.0	173.33333	160.0	154.0	154.66667	153.66667	160.66667	165.0	177.0	186.0	187.66667	185.0	
148.33333	160.33333	169.0	172.66667	165.33333	160.66667	161.33333	169.0	167.0	154.66667	144.66667	141.66667	163.66667	170.0	165.0	162.0	161.66667	175.66667	196.0	215.66667	222.66667	212.0	193.33333	180.0	174.66667	185.0	179.66667	163.33333	152.66667	154.33333	161.33333	171.66667	175.33333	181.66667	187.0	180.33333	
137.66667	155.66667	173.0	181.0	175.0	163.33333	149.0	145.33333	144.66667	144.0	148.33333	168.0	186.66667	178.0	171.0	168.33333	168.66667	182.33333	195.0	210.66667	220.0	213.66667	206.66667	194.66667	181.33333	189.33333	193.33333	191.0	187.33333	183.33333	180.66667	183.33333	178.33333	178.66667	180.66667	171.0	
133.33333	150.0	165.0	176.0	176.33333	172.0	169.33333	159.66667	160.33333	178.33333	189.0	193.0	195.33333	183.33333	174.66667	164.66667	172.0	186.0	197.0	210.66667	219.0	212.66667	209.0	198.0	181.0	182.0	193.33333	201.0	201.66667	194.66667	188.0	184.0	177.33333	174.66667	171.33333	161.33333	
127.0	141.66667	155.0	170.33333	174.66667	174.66667	177.33333	178.0	180.66667	188.33333	193.0	193.66667	192.66667	182.33333	162.0	154.0	162.66667	179.0	193.33333	209.0	218.0	213.33333	205.0	182.0	160.66667	159.0	186.33333	199.66667	202.33333	198.0	191.0	183.0	172.33333	164.33333	160.66667	153.33333	
123.333336	133.0	144.33333	160.0	167.33333	168.33333	169.66667	171.33333	176.0	183.0	191.33333	190.33333	180.66667	158.33333	144.33333	156.0	151.66667	165.66667	184.66667	202.33333	215.0	212.0	198.0	185.66667	168.33333	144.33333	172.0	191.33333	199.33333	199.66667	195.66667	183.0	168.33333	156.66667	151.66667	148.33333	
122.333336	126.0	133.0	145.0	153.66667	154.66667	158.33333	165.66667	171.33333	179.66667	187.33333	184.66667	167.0	138.33333	144.0	168.0	168.66667	175.66667	186.66667	197.0	214.33333	215.0	202.0	194.66667	184.66667	151.66667	152.0	175.33333	188.0	190.66667	189.66667	182.33333	169.66667	156.66667	150.66667	148.66667	
120.666664	122.0	131.33333	143.66667	150.66667	151.66667	157.66667	163.0	167.0	174.66667	181.0	180.66667	154.33333	137.0	147.0	172.33333	182.33333	184.33333	188.66667	196.0	209.0	207.33333	193.0	183.66667	183.33333	160.33333	137.0	160.33333	180.66667	185.66667	184.33333	180.33333	170.66667	156.66667	151.66667	150.66667	
118.333336	122.0	132.33333	142.66667	147.66667	148.33333	154.66667	159.66667	163.66667	171.0	177.0	171.66667	150.66667	147.33333	145.0	152.0	161.0	168.66667	174.66667	186.0	189.33333	183.66667	177.33333	160.33333	147.33333	154.33333	138.0	148.33333	171.0	181.66667	181.33333	179.0	169.0	154.33333	152.66667	153.0	
117.333336	123.333336	132.33333	140.33333	145.33333	143.0	148.33333	158.0	163.33333	170.33333	171.66667	159.0	155.0	159.33333	147.33333	119.666664	108.0	124.333336	152.66667	170.66667	170.33333	165.66667	155.33333	123.666664	128.0	160.33333	158.66667	151.33333	160.33333	176.66667	179.0	176.66667	167.33333	154.0	155.0	155.33333	
115.0	121.666664	127.666664	138.0	137.66667	135.33333	142.66667	153.0	161.33333	166.0	168.33333	156.0	158.0	166.0	155.0	118.333336	84.666664	87.333336	122.666664	143.33333	144.33333	139.33333	131.66667	123.0	149.0	176.33333	173.33333	158.0	158.66667	170.66667	173.0	171.66667	164.0	153.33333	158.0	157.0	
112.666664	121.666664	125.666664	137.33333	128.0	130.33333	140.66667	150.0	158.0	163.33333	167.0	158.33333	161.0	167.33333	159.66667	136.0	109.0	99.333336	105.0	109.0	109.333336	114.666664	121.666664	135.66667	157.66667	176.0	176.0	161.66667	158.33333	164.33333	166.0	165.66667	161.33333	155.0	160.0	156.66667	
114.333336	120.0	125.666664	136.66667	130.66667	134.0	140.33333	148.0	156.0	161.66667	165.0	158.33333	161.33333	165.33333	160.0	149.33333	137.66667	127.666664	118.333336	107.333336	105.0	118.666664	131.66667	148.0	165.33333	175.66667	175.66667	165.0	158.33333	160.66667	162.33333	161.33333	161.66667	161.33333	164.33333	158.66667	
119.666664	117.0	121.666664	130.0	141.0	139.0	139.0	147.0	155.66667	161.0	161.33333	155.33333	159.0	161.33333	158.0	152.66667	152.33333	147.66667	139.33333	124.0	120.0	137.33333	148.33333	156.0	164.33333	168.66667	170.33333	166.66667	159.33333	161.33333	162.33333	159.33333	160.33333	163.66667	165.0	159.33333	
121.666664	119.333336	121.666664	128.0	139.0	142.33333	141.0	146.33333	154.0	160.33333	158.33333	152.0	156.0	153.66667	152.0	152.33333	160.0	162.0	157.66667	147.66667	146.66667	158.33333	160.66667	159.0	162.66667	161.33333	161.66667	165.66667	161.0	156.33333	160.66667	159.33333	156.0	160.0	161.33333	154.33333	
115.333336	120.666664	120.333336	124.333336	132.66667	140.0	140.66667	145.33333	153.33333	156.33333	150.66667	152.66667	147.0	145.33333	146.33333	140.33333	138.0	133.33333	136.66667	151.66667	154.33333	147.33333	159.66667	160.66667	161.0	156.66667	151.0	150.0	157.66667	157.0	160.66667	159.33333	152.0	154.66667	158.33333	150.0	
112.333336	119.333336	118.333336	121.0	128.0	134.33333	138.66667	144.33333	151.66667	153.66667	149.66667	155.33333	139.66667	129.33333	118.666664	99.666664	79.333336	65.333336	71.666664	89.333336	91.666664	81.333336	89.666664	114.333336	130.0	133.0	133.66667	133.0	151.66667	158.0	162.66667	162.0	152.66667	151.0	152.33333	143.66667	
116.666664	118.0	118.666664	121.0	127.0	133.33333	136.66667	142.66667	150.0	153.0	149.66667	144.33333	125.0	91.0	54.666668	48.0	48.333332	45.0	37.0	36.0	35.666668	38.0	55.333332	71.666664	74.333336	82.0	88.333336	105.666664	128.33333	153.0	167.0	165.0	152.66667	146.66667	145.33333	139.0	
122.666664	119.333336	119.666664	117.333336	124.333336	133.33333	134.0	140.33333	149.33333	158.0	154.33333	132.33333	107.0	83.666664	54.333332	50.333332	83.666664	108.0	110.0	106.666664	100.666664	104.666664	117.0	103.0	92.333336	112.666664	123.0	125.333336	121.666664	142.66667	164.66667	165.66667	153.66667	145.0	142.66667	135.33333	
114.333336	118.0	116.333336	117.333336	123.666664	129.0	127.666664	137.33333	149.0	159.33333	145.0	117.0	123.0	139.66667	125.333336	104.333336	109.0	126.666664	125.666664	120.666664	116.333336	124.0	126.666664	132.0	146.33333	164.33333	160.66667	157.33333	147.33333	139.66667	156.0	162.0	152.0	140.0	139.33333	134.33333	
75.333336	106.0	114.0	118.333336	124.666664	126.666664	122.333336	131.66667	147.0	156.0	144.33333	135.33333	144.66667	141.66667	143.0	140.66667	136.33333	154.0	155.0	152.0	151.0	162.33333	164.66667	167.33333	164.33333	158.0	158.0	164.33333	154.33333	141.33333	147.33333	156.0	148.0	136.0	137.33333	132.33333	
43.333332	81.0	114.0	112.333336	120.666664	128.66667	122.0	127.666664	143.66667	149.66667	144.0	140.33333	148.33333	151.33333	136.66667	133.33333	136.0	156.0	177.0	179.0	176.66667	183.33333	179.66667	166.33333	152.33333	147.0	154.0	162.33333	153.33333	142.0	145.0	150.0	144.66667	139.33333	143.66667	119.0	
34.0	51.666668	114.666664	111.666664	119.666664	131.33333	126.0	122.0	135.0	141.66667	139.33333	146.0	150.33333	151.0	136.66667	126.0	128.33333	139.0	154.0	160.33333	158.66667	157.66667	156.0	148.0	140.0	138.0	151.66667	158.0	156.66667	152.0	146.66667	143.0	137.0	139.33333	145.0	93.333336	
27.333334	27.666666	107.0	121.333336	119.666664	130.33333	131.66667	119.0	127.0	135.66667	135.0	143.0	149.66667	143.0	137.0	127.0	119.666664	120.0	122.0	122.333336	120.0	118.666664	121.333336	123.333336	131.33333	141.66667	151.33333	155.33333	164.0	167.66667	154.0	139.0	130.33333	139.33333	145.0	76.0	
20.666666	15.0	89.333336	127.0	120.666664	127.666664	135.0	121.0	123.666664	133.66667	135.0	148.0	154.33333	144.66667	139.33333	132.66667	123.0	114.333336	109.333336	101.666664	102.333336	111.666664	123.333336	130.66667	142.0	154.0	158.66667	160.33333	167.66667	169.0	156.66667	140.66667	129.66667	137.33333	139.66667	73.0	
14.666667	11.0	75.0	120.0	124.666664	124.333336	132.66667	125.0	124.0	133.0	137.0	149.66667	157.33333	151.33333	148.66667	144.66667	139.33333	135.0	136.0	134.66667	139.66667	150.33333	161.33333	164.66667	167.33333	170.0	169.33333	169.33333	170.33333	164.66667	153.33333	136.66667	128.0	134.66667	129.33333	78.0	
10.0	16.0	71.333336	114.333336	125.666664	121.666664	128.0	128.0	124.333336	129.0	136.0	147.0	156.0	158.33333	160.66667	160.0	159.0	161.33333	161.0	161.33333	162.66667	168.0	179.0	185.0	189.66667	189.33333	182.0	176.66667	171.66667	158.0	144.33333	129.33333	124.666664	129.66667	118.666664	82.666664	
12.0	31.666666	76.333336	112.666664	122.333336	121.333336	123.333336	124.666664	120.333336	121.333336	130.0	141.66667	153.0	161.0	164.0	167.66667	167.0	168.33333	170.0	170.33333	172.33333	178.0	184.66667	186.0	187.0	186.66667	183.33333	179.0	168.66667	150.0	133.0	119.333336	119.0	121.0	109.333336	77.0	
22.0	52.666668	86.0	109.666664	119.666664	120.0	117.666664	117.333336	114.0	112.0	115.0	127.0	143.33333	154.33333	157.0	162.66667	160.0	158.0	167.0	169.66667	171.66667	175.33333	176.66667	175.0	176.0	178.33333	179.66667	175.66667	162.0	138.66667	121.666664	115.0	114.0	114.0	108.0	75.666664	
41.666668	75.0	95.0	106.0	116.666664	120.333336	117.0	114.333336	111.666664	105.666664	103.666664	110.333336	124.333336	138.0	145.33333	149.33333	149.0	149.33333	158.33333	163.33333	165.33333	165.33333	164.33333	164.0	165.0	166.0	163.33333	155.0	141.0	122.333336	114.333336	110.666664	108.666664	112.666664	108.333336	78.0	
58.333332	89.0	100.333336	100.666664	112.0	117.666664	115.333336	115.666664	115.666664	107.666664	102.0	102.333336	109.333336	119.0	128.66667	130.0	132.66667	136.33333	142.0	147.0	149.0	147.0	145.33333	147.33333	147.66667	146.66667	142.66667	131.66667	120.666664	113.333336	112.333336	107.666664	107.333336	116.333336	109.333336	80.666664	
73.0	97.666664	102.666664	100.333336	109.666664	110.333336	111.333336	114.666664	113.333336	114.666664	108.666664	106.0	106.666664	107.0	110.333336	111.333336	113.333336	115.333336	118.0	120.0	122.0	122.333336	122.666664	123.0	125.333336	127.666664	125.0	118.0	112.666664	110.333336	108.0	105.333336	112.666664	117.333336	106.666664	83.333336	
