48.0	64.333336	58.0	46.0	43.0	68.666664	80.333336	88.333336	134.33333	145.0	136.33333	138.66667	138.66667	134.66667	132.33333	135.33333	138.66667	139.66667	137.66667	142.0	147.33333	151.33333	155.33333	160.0	165.66667	174.66667	187.0	164.66667	113.333336	137.33333	165.66667	94.0	57.0	73.0	77.666664	117.0	
60.333332	56.0	42.666668	39.0	66.0	93.0	94.0	136.66667	148.33333	138.33333	135.66667	136.66667	136.0	132.33333	133.33333	132.66667	133.66667	137.66667	137.33333	136.66667	139.33333	146.0	151.33333	154.0	158.33333	168.66667	180.0	184.66667	171.33333	134.0	158.66667	179.0	91.0	62.0	74.666664	104.0	
56.666668	43.333332	35.666668	48.0	97.0	106.666664	139.66667	142.66667	130.33333	128.0	129.33333	128.66667	128.33333	127.666664	129.66667	126.666664	126.666664	130.66667	134.66667	135.66667	136.33333	139.0	141.66667	146.66667	152.0	157.33333	167.66667	175.33333	181.66667	176.66667	140.66667	159.0	171.66667	77.666664	51.0	82.0	
40.333332	34.666668	33.333332	77.666664	118.333336	133.66667	144.66667	125.0	120.666664	118.666664	119.666664	120.666664	119.0	120.0	124.0	121.666664	122.0	125.0	126.333336	129.66667	133.33333	133.66667	133.0	139.33333	145.66667	150.33333	160.66667	170.33333	174.33333	183.0	170.33333	153.0	184.33333	175.33333	91.666664	102.0	
35.333332	33.0	47.0	108.0	129.66667	141.66667	126.333336	115.333336	113.0	111.666664	112.666664	115.0	115.333336	118.0	122.333336	121.333336	119.333336	123.333336	124.666664	125.666664	130.33333	131.66667	131.66667	135.33333	139.66667	145.33333	152.66667	161.66667	171.0	176.66667	180.0	168.66667	175.66667	194.0	142.0	104.0	
35.666668	31.333334	69.0	126.0	134.33333	133.33333	113.333336	109.666664	109.333336	109.333336	109.0	109.333336	113.666664	116.666664	120.666664	121.333336	117.333336	120.333336	124.0	124.0	127.666664	132.0	134.33333	136.33333	139.0	145.33333	153.33333	158.0	164.0	170.33333	177.33333	167.66667	176.0	187.66667	180.66667	112.666664	
42.333332	41.0	95.0	127.666664	130.0	120.666664	112.666664	109.333336	110.333336	109.0	109.333336	110.333336	109.0	113.0	120.0	120.0	116.0	116.0	122.0	124.666664	125.333336	130.0	137.0	139.0	139.33333	141.0	151.33333	157.66667	156.66667	163.0	168.66667	163.33333	168.0	187.0	191.33333	154.0	
33.666668	54.333332	122.666664	125.666664	122.333336	112.666664	114.666664	110.666664	112.333336	107.666664	109.0	110.0	105.333336	110.666664	117.666664	113.666664	110.666664	108.666664	115.0	123.666664	124.0	128.66667	138.0	140.66667	141.66667	141.66667	143.33333	152.66667	157.33333	159.33333	161.0	167.66667	151.66667	156.33333	178.0	172.0	
36.333332	101.666664	138.0	114.333336	115.0	110.333336	111.666664	110.666664	113.333336	114.666664	115.333336	117.333336	113.0	116.0	121.0	114.666664	111.666664	107.0	107.0	119.0	123.333336	129.66667	134.66667	136.0	138.0	140.66667	140.0	146.33333	156.66667	159.33333	159.66667	164.33333	152.33333	131.66667	146.66667	171.66667	
50.666668	130.66667	125.666664	106.666664	112.666664	109.333336	107.0	108.333336	110.666664	112.0	114.666664	117.666664	114.666664	113.333336	120.0	119.666664	114.0	113.333336	115.0	120.0	122.0	128.0	131.66667	133.0	136.33333	141.0	143.33333	146.66667	158.33333	166.66667	162.33333	166.0	168.33333	143.0	137.66667	160.33333	
61.333332	133.33333	116.333336	105.666664	113.666664	111.666664	108.333336	98.0	104.0	105.0	104.333336	110.0	108.333336	106.666664	112.0	112.666664	108.0	110.333336	112.333336	117.333336	116.333336	120.333336	130.66667	133.33333	137.33333	142.33333	143.33333	137.66667	133.0	154.0	169.0	164.0	175.0	169.0	143.33333	152.66667	
71.0	136.33333	110.0	109.0	118.0	119.0	114.333336	105.333336	110.333336	111.666664	106.0	101.0	95.333336	96.0	106.666664	107.0	102.333336	102.333336	103.333336	107.666664	109.333336	110.666664	113.666664	109.666664	109.0	105.333336	107.0	99.0	105.333336	120.666664	154.0	169.33333	167.0	180.33333	150.33333	143.66667	
64.0	129.66667	100.0	115.0	112.333336	94.666664	95.666664	97.0	95.333336	93.666664	98.666664	100.666664	94.333336	90.666664	96.333336	96.666664	100.0	100.0	89.666664	95.0	93.0	89.333336	84.333336	75.666664	71.666664	75.666664	86.0	92.666664	103.0	112.333336	123.666664	153.33333	167.66667	171.33333	165.0	131.0	
42.0	112.0	105.666664	104.666664	70.666664	53.333332	56.666668	56.666668	55.0	59.666668	69.666664	80.0	82.666664	81.333336	87.666664	81.666664	89.666664	100.666664	81.333336	71.333336	75.0	81.0	78.333336	66.333336	62.666668	71.333336	88.0	100.0	112.333336	122.0	129.0	132.33333	151.33333	164.66667	168.0	128.0	
42.666668	98.333336	111.333336	98.333336	69.666664	69.0	72.333336	62.333332	53.0	55.333332	57.333332	62.666668	66.666664	68.0	73.333336	73.0	84.666664	93.666664	89.0	72.0	69.666664	64.333336	60.0	64.0	69.666664	82.0	96.666664	102.0	114.0	123.666664	135.0	136.0	136.0	153.33333	165.0	143.33333	
40.0	104.0	114.666664	94.0	92.0	90.333336	83.666664	79.333336	72.0	64.0	52.333332	47.0	49.333332	57.0	63.0	60.0	78.333336	90.333336	88.666664	69.333336	56.333332	50.333332	57.666668	61.333332	63.666668	68.666664	75.333336	79.333336	92.333336	104.0	116.333336	132.33333	129.33333	121.666664	135.66667	123.333336	
36.0	99.333336	112.666664	91.0	91.333336	81.666664	79.333336	77.333336	80.0	73.0	59.666668	50.333332	40.333332	40.0	57.333332	53.0	85.666664	101.0	90.0	70.666664	63.333332	44.333332	48.666668	42.0	41.0	37.0	37.0	37.666668	45.666668	58.333332	83.0	111.666664	112.0	120.0	144.33333	122.0	
54.666668	108.333336	106.0	85.666664	81.0	72.0	65.666664	51.666668	41.0	35.666668	31.0	34.333332	36.0	36.0	56.333332	53.333332	92.0	120.333336	102.666664	68.333336	55.666668	45.333332	47.0	47.666668	58.666668	57.333332	37.333332	40.333332	50.666668	52.666668	50.666668	84.333336	111.666664	137.66667	150.33333	155.33333	
68.666664	95.666664	86.666664	71.666664	69.666664	53.666668	42.333332	39.333332	34.0	30.0	34.0	35.666668	39.0	41.0	47.666668	66.666664	105.333336	131.0	125.666664	99.0	72.666664	64.666664	64.666664	68.666664	73.666664	77.333336	74.0	81.333336	94.333336	101.333336	88.0	87.0	107.333336	139.0	161.0	165.33333	
62.0	90.666664	86.333336	73.333336	54.0	45.333332	48.0	59.666668	61.0	57.666668	61.666668	62.666668	58.0	57.333332	61.333332	82.333336	117.666664	134.66667	139.66667	128.66667	97.0	83.666664	70.666664	73.333336	78.333336	88.0	94.333336	94.666664	105.0	116.0	119.0	122.333336	130.0	147.66667	162.33333	166.0	
57.0	93.666664	99.666664	77.0	60.333332	71.0	81.666664	82.666664	80.666664	79.666664	76.666664	70.666664	70.666664	74.0	76.333336	98.666664	127.0	139.33333	145.66667	146.33333	122.0	108.333336	94.666664	81.666664	82.0	88.666664	94.333336	97.666664	102.0	112.0	124.666664	138.66667	150.0	158.66667	164.33333	165.0	
62.0	79.666664	102.0	85.333336	79.0	90.0	89.333336	89.333336	89.333336	85.666664	80.333336	76.666664	84.0	85.333336	90.666664	119.333336	132.0	136.66667	146.33333	151.33333	138.33333	117.333336	107.0	101.666664	92.0	97.333336	102.0	103.666664	111.0	120.666664	131.33333	143.33333	156.0	164.33333	161.66667	156.33333	
51.333332	57.0	108.666664	105.333336	92.0	89.333336	87.0	90.0	89.0	85.666664	87.333336	91.666664	95.0	89.0	103.0	123.0	121.333336	127.333336	139.33333	151.33333	149.66667	122.666664	104.333336	106.666664	111.666664	112.333336	112.333336	113.333336	117.0	125.0	129.66667	132.66667	147.66667	161.66667	159.33333	146.0	
50.666668	62.333332	107.0	113.0	108.666664	93.0	83.333336	84.333336	88.333336	93.0	99.666664	98.333336	84.333336	81.0	105.333336	110.333336	104.666664	115.333336	125.0	132.66667	148.66667	133.0	93.0	99.666664	113.0	118.333336	118.333336	120.666664	124.0	123.0	121.666664	124.0	129.33333	145.33333	148.33333	131.66667	
57.666668	64.666664	97.0	98.0	98.666664	97.333336	97.0	99.333336	98.333336	98.333336	97.666664	88.333336	67.333336	82.333336	101.333336	88.666664	83.0	91.666664	103.0	113.333336	130.33333	145.0	95.666664	78.0	106.333336	115.333336	121.0	124.666664	127.666664	129.0	124.333336	120.666664	111.0	124.333336	134.66667	122.0	
100.333336	75.333336	89.666664	89.0	87.333336	93.0	96.666664	95.333336	94.0	94.333336	91.666664	78.666664	63.333332	93.0	85.333336	66.333336	66.666664	71.666664	79.0	86.0	95.0	123.333336	123.333336	69.666664	95.333336	109.333336	115.333336	119.0	123.0	132.0	133.0	129.66667	118.333336	120.0	129.33333	118.333336	
94.0	63.666668	80.0	91.333336	85.0	89.333336	95.0	92.333336	88.0	86.666664	79.333336	62.333332	62.666668	85.666664	62.666668	41.333332	49.0	60.333332	60.666668	45.0	43.666668	74.666664	113.333336	76.666664	77.333336	98.333336	109.333336	110.333336	111.333336	122.666664	130.0	131.66667	125.333336	127.666664	132.33333	124.333336	
41.333332	46.0	85.333336	85.666664	83.333336	86.666664	89.666664	87.666664	84.0	79.666664	70.666664	53.666668	59.0	67.666664	40.666668	23.0	32.666668	51.333332	52.333332	34.0	22.666666	38.666668	81.0	84.0	69.0	79.0	94.666664	103.666664	103.666664	110.666664	122.333336	130.0	126.666664	132.0	140.0	130.33333	
46.0	41.333332	83.333336	86.0	81.0	83.333336	82.333336	81.0	79.333336	75.666664	65.333336	55.0	65.0	58.666668	37.0	40.333332	53.0	54.666668	55.333332	62.0	61.333332	54.333332	75.0	99.666664	84.0	69.333336	81.333336	101.0	104.666664	100.333336	111.333336	124.333336	128.0	131.66667	139.0	132.66667	
41.0	38.333332	78.0	93.333336	80.333336	79.0	75.0	74.666664	73.666664	71.666664	61.333332	68.333336	85.333336	76.333336	63.666668	68.333336	80.0	71.666664	69.333336	88.0	95.0	94.666664	107.333336	114.666664	104.333336	79.0	69.333336	88.666664	106.666664	104.666664	108.666664	120.333336	124.666664	131.33333	134.66667	134.0	
47.666668	39.0	71.666664	95.0	82.666664	75.333336	70.333336	70.666664	71.666664	68.333336	61.0	81.0	94.0	87.333336	85.0	87.666664	94.0	85.0	82.333336	100.0	110.333336	111.666664	115.666664	117.0	117.333336	102.0	80.0	81.333336	100.333336	110.666664	114.0	120.666664	124.0	132.0	133.0	129.33333	
47.0	39.333332	61.0	90.0	82.0	76.666664	70.666664	69.666664	69.0	63.0	65.0	87.0	93.333336	88.333336	90.666664	97.333336	101.666664	91.333336	84.666664	105.333336	115.333336	116.333336	118.666664	122.0	118.666664	109.333336	96.0	82.333336	90.333336	107.333336	118.666664	124.333336	124.333336	130.66667	131.0	126.333336	
43.0	39.333332	55.333332	89.333336	83.333336	79.666664	75.333336	73.0	69.0	63.666668	74.0	85.333336	91.0	94.666664	98.0	102.666664	107.0	102.666664	98.0	111.666664	118.333336	121.0	123.333336	123.333336	118.333336	104.333336	101.333336	92.333336	86.333336	99.333336	111.333336	120.666664	121.333336	127.333336	133.0	126.0	
44.0	41.333332	45.333332	84.333336	85.333336	79.333336	73.333336	71.666664	70.0	68.0	78.666664	82.333336	91.333336	94.333336	83.666664	76.333336	87.0	95.666664	88.333336	80.0	84.0	101.333336	119.0	127.666664	123.333336	103.0	92.0	94.333336	92.0	100.666664	112.0	120.666664	120.666664	128.0	132.0	122.0	
44.333332	44.0	42.0	74.333336	86.666664	78.0	74.666664	74.666664	71.0	72.0	76.666664	75.0	79.0	63.0	48.666668	46.666668	45.333332	50.0	46.333332	42.0	43.666668	49.0	67.0	95.0	118.333336	103.333336	81.0	88.333336	93.0	103.333336	111.0	118.333336	123.666664	132.0	131.66667	118.0	
42.333332	44.0	40.0	62.333332	86.333336	78.0	75.666664	75.333336	72.333336	71.0	70.666664	67.333336	57.0	40.333332	40.666668	41.333332	42.333332	45.333332	41.0	43.333332	46.333332	41.0	37.0	40.0	70.0	92.0	73.333336	78.0	85.666664	101.333336	109.666664	114.0	119.0	127.0	127.333336	109.0	
43.0	43.0	39.333332	54.333332	83.666664	78.333336	76.0	78.0	76.0	69.666664	65.666664	56.0	39.333332	33.666668	30.333334	31.333334	48.666668	56.666668	54.666668	62.666668	61.333332	55.666668	43.666668	29.0	39.333332	48.0	49.333332	58.0	74.333336	98.333336	109.666664	110.0	114.666664	122.666664	117.666664	107.666664	
42.666668	41.333332	40.0	48.333332	79.666664	79.0	74.333336	80.333336	77.666664	66.333336	56.333332	48.333332	38.666668	41.333332	43.333332	47.666668	57.333332	60.666668	59.333332	64.333336	69.0	69.0	65.666664	56.666668	71.0	84.666664	77.666664	49.0	64.0	92.333336	105.333336	106.666664	110.333336	116.666664	110.333336	108.0	
42.0	40.666668	39.666668	43.0	68.666664	79.0	74.0	75.333336	75.0	64.333336	55.0	67.0	74.666664	74.333336	70.333336	71.666664	73.666664	78.0	80.666664	78.333336	83.0	87.333336	95.333336	97.666664	99.333336	104.333336	102.666664	68.0	57.0	77.333336	99.666664	102.333336	104.333336	107.0	102.666664	94.333336	
38.666668	39.0	36.0	34.666668	55.333332	75.333336	73.0	71.333336	69.333336	62.333332	60.0	72.333336	80.666664	82.333336	84.666664	82.0	79.666664	83.666664	86.333336	85.0	87.333336	89.0	95.0	100.666664	105.0	108.0	97.0	81.666664	68.0	70.666664	90.0	95.0	98.333336	101.666664	101.0	97.333336	
36.333332	37.666668	38.333332	36.0	47.0	66.0	66.0	66.666664	62.666668	61.666668	66.0	74.333336	71.666664	68.333336	69.666664	69.0	65.0	63.333332	61.0	58.666668	62.333332	64.0	70.666664	83.0	86.666664	90.666664	88.0	82.333336	73.666664	72.666664	82.333336	88.666664	95.0	99.333336	98.0	110.0	
35.0	37.0	37.333332	36.0	37.0	60.0	63.0	59.666668	58.666668	58.666668	61.0	64.0	62.666668	61.0	61.0	55.0	50.0	51.666668	49.0	46.0	48.666668	51.666668	56.666668	66.0	73.666664	82.666664	86.333336	81.666664	75.0	76.333336	80.666664	83.666664	94.333336	101.0	99.0	109.666664	
35.0	38.0	36.333332	36.333332	33.666668	46.666668	64.333336	53.666668	54.0	57.666668	60.0	59.0	58.333332	60.0	61.333332	58.666668	57.333332	59.666668	61.666668	64.666664	67.666664	70.333336	70.333336	72.333336	78.333336	86.666664	87.666664	83.0	77.666664	78.666664	78.0	78.333336	95.0	99.666664	106.333336	94.333336	
36.333332	36.666668	37.333332	37.0	34.666668	35.0	62.0	60.333332	48.666668	54.0	58.333332	59.0	63.333332	66.666664	67.666664	66.333336	70.333336	76.0	85.0	91.0	90.0	93.666664	91.666664	86.333336	90.666664	93.666664	91.333336	84.0	76.666664	78.333336	74.333336	78.666664	93.666664	96.333336	100.333336	92.0	
35.0	36.0	36.0	35.333332	35.333332	31.666666	46.0	70.0	51.0	48.333332	57.0	63.0	68.333336	74.666664	76.333336	81.666664	86.666664	87.0	88.666664	91.333336	93.333336	102.333336	106.333336	99.333336	101.333336	99.0	91.333336	81.0	73.0	72.333336	72.333336	86.333336	94.333336	80.333336	126.666664	145.0	
33.0	32.666668	34.333332	33.333332	33.0	33.666668	34.0	55.666668	62.333332	47.333332	51.333332	61.0	65.666664	73.666664	80.0	82.333336	83.666664	83.666664	82.666664	78.333336	77.333336	87.333336	95.0	95.666664	95.0	94.666664	86.333336	77.333336	73.666664	72.0	79.666664	88.0	82.333336	122.666664	209.0	170.33333	
30.333334	31.333334	32.666668	31.0	33.333332	33.0	34.0	40.333332	65.333336	53.666668	50.0	55.333332	59.666668	65.333336	68.666664	66.666664	67.333336	67.666664	69.333336	67.0	66.666664	73.333336	76.333336	81.333336	83.333336	84.0	79.666664	75.0	74.666664	79.333336	86.0	78.0	129.33333	217.66667	237.33333	187.0	
30.333334	30.333334	34.333332	38.333332	43.0	45.333332	49.666668	48.0	112.0	73.666664	49.666668	59.0	54.0	57.333332	59.666668	55.0	54.0	51.666668	55.666668	58.333332	56.666668	59.333332	62.666668	67.0	73.666664	73.333336	73.0	76.666664	78.666664	80.666664	81.333336	127.666664	215.0	241.33333	231.0	196.66667	
40.666668	43.0	48.0	52.0	53.666668	49.333332	51.333332	46.666668	142.66667	152.66667	61.333332	56.0	57.333332	55.0	52.0	50.666668	51.666668	52.333332	53.0	56.0	55.666668	56.0	57.0	60.333332	65.333336	71.0	74.0	76.0	75.333336	75.333336	129.0	211.66667	232.66667	237.33333	233.0	190.66667	
