28.0	26.333334	22.333334	22.333334	29.333334	51.0	65.333336	107.333336	176.0	205.0	215.33333	221.33333	221.0	221.66667	220.33333	215.0	210.66667	215.33333	223.0	230.66667	237.66667	237.33333	229.66667	217.0	201.66667	186.0	161.66667	111.666664	71.666664	67.666664	73.0	85.0	91.0	86.666664	79.0	75.666664	
27.333334	25.666666	28.0	28.0	71.666664	137.33333	164.33333	172.0	196.0	194.33333	190.33333	194.33333	200.66667	200.66667	199.66667	198.33333	194.0	197.33333	203.66667	213.66667	225.0	231.66667	231.0	222.33333	197.0	179.33333	174.33333	159.66667	114.0	83.666664	81.0	89.666664	96.0	95.333336	87.333336	78.666664	
33.0	29.333334	36.666668	77.666664	145.33333	193.33333	189.66667	178.33333	181.66667	178.0	175.66667	181.66667	190.33333	186.0	184.33333	188.33333	186.0	182.66667	187.0	194.0	203.0	211.33333	218.66667	217.66667	192.66667	175.33333	166.33333	165.0	161.0	124.666664	96.666664	98.666664	99.666664	92.666664	87.666664	83.0	
34.333332	36.333332	79.666664	157.66667	188.0	192.66667	178.33333	178.0	182.66667	185.0	181.66667	183.0	187.33333	180.66667	176.33333	180.0	178.33333	174.0	180.33333	187.0	190.66667	195.33333	206.33333	202.0	184.33333	177.66667	168.0	160.33333	163.0	163.66667	143.66667	130.66667	108.666664	91.333336	87.666664	85.0	
37.333332	53.333332	128.66667	191.66667	191.0	178.66667	174.66667	180.66667	195.66667	197.66667	191.66667	186.66667	184.33333	178.33333	173.33333	172.33333	172.0	171.33333	178.0	181.0	179.0	182.0	190.66667	188.0	182.33333	174.66667	162.66667	154.66667	155.0	165.33333	157.0	145.33333	125.333336	100.666664	79.666664	77.0	
48.0	92.0	174.66667	197.66667	183.33333	171.33333	181.66667	194.33333	205.33333	199.66667	191.33333	184.0	176.0	173.0	171.66667	170.66667	170.66667	171.33333	175.33333	176.0	172.66667	175.0	181.0	179.33333	173.33333	165.66667	161.66667	155.0	156.66667	164.33333	163.33333	146.0	120.666664	109.666664	78.0	65.333336	
68.333336	150.66667	203.66667	197.33333	179.33333	173.0	187.66667	204.66667	209.0	196.0	185.66667	181.33333	173.33333	174.66667	175.33333	171.33333	170.0	174.33333	175.66667	173.66667	173.0	175.33333	180.33333	180.33333	172.0	160.0	156.66667	153.0	152.0	156.0	173.66667	167.66667	126.333336	108.333336	79.666664	49.0	
83.0	188.0	213.33333	197.0	183.33333	182.66667	198.0	208.0	203.66667	192.66667	188.0	185.66667	176.33333	172.0	173.33333	174.33333	174.33333	177.66667	178.0	175.66667	176.66667	183.33333	194.0	188.0	172.66667	159.66667	157.0	154.66667	151.66667	145.33333	169.33333	182.66667	156.33333	113.666664	94.0	52.333332	
118.0	208.66667	213.0	194.0	182.33333	188.33333	203.0	206.66667	200.0	196.66667	199.33333	191.66667	184.0	176.0	174.0	177.66667	178.33333	181.0	181.66667	175.66667	175.0	183.66667	193.33333	188.33333	173.66667	159.0	154.33333	155.0	155.33333	145.33333	160.0	181.33333	179.0	138.0	118.666664	66.666664	
171.66667	224.33333	212.66667	190.66667	179.66667	187.0	201.0	203.33333	200.33333	198.66667	195.0	186.0	183.66667	181.0	175.33333	174.33333	178.0	180.0	171.66667	164.0	162.66667	163.66667	169.33333	172.33333	166.0	153.66667	148.0	148.66667	148.66667	147.66667	158.33333	177.0	175.0	156.66667	149.33333	88.666664	
205.0	223.66667	208.66667	185.33333	174.66667	182.0	195.0	198.33333	196.66667	192.0	183.33333	175.0	176.0	173.0	169.33333	173.66667	178.66667	179.66667	167.0	161.33333	157.0	151.0	154.0	152.0	143.33333	148.0	153.66667	151.0	144.66667	143.0	154.0	178.0	180.0	165.66667	172.66667	121.0	
199.33333	210.0	199.0	180.33333	173.33333	179.66667	190.33333	199.0	196.0	183.0	179.0	169.33333	166.0	156.0	149.0	155.33333	159.66667	164.33333	159.33333	160.0	149.33333	138.0	144.33333	142.33333	149.33333	157.66667	150.33333	147.66667	140.0	134.0	146.33333	178.0	184.33333	165.0	170.33333	147.0	
186.66667	197.0	184.33333	174.0	175.66667	177.66667	184.0	190.66667	185.33333	167.66667	154.33333	145.0	147.33333	139.0	131.0	131.0	127.666664	147.66667	149.0	133.0	122.333336	122.666664	126.0	126.666664	135.33333	152.33333	150.66667	147.33333	140.0	133.33333	141.0	165.66667	175.33333	160.33333	156.66667	152.66667	
187.66667	195.0	178.66667	176.33333	179.66667	176.33333	180.66667	179.33333	157.33333	139.66667	119.0	101.0	103.333336	104.0	110.666664	115.666664	113.666664	139.33333	140.0	111.666664	98.666664	89.0	71.0	74.333336	84.333336	105.333336	130.0	142.0	141.33333	136.33333	134.33333	146.0	161.33333	162.0	155.0	148.66667	
189.0	188.66667	176.33333	177.66667	175.66667	173.0	171.33333	153.33333	136.33333	139.33333	133.33333	101.666664	70.0	63.0	76.666664	90.333336	105.333336	137.0	132.0	99.333336	69.666664	56.666668	47.333332	51.333332	76.666664	101.333336	114.666664	127.666664	132.66667	135.66667	134.66667	140.0	150.0	159.0	155.33333	147.66667	
187.66667	181.66667	173.66667	177.66667	168.0	166.0	154.33333	138.66667	143.33333	144.33333	130.0	98.333336	72.666664	67.666664	66.0	70.666664	100.333336	135.66667	128.66667	97.333336	55.0	60.333332	73.0	88.333336	101.666664	112.0	120.333336	123.0	119.666664	118.333336	125.333336	142.0	153.0	159.66667	156.66667	154.0	
182.33333	175.0	170.33333	171.33333	166.0	158.66667	135.66667	131.66667	133.33333	124.0	102.666664	78.333336	68.666664	73.0	79.0	80.333336	109.666664	138.33333	133.0	105.333336	67.0	74.0	76.0	65.0	64.333336	76.0	88.666664	102.333336	114.666664	119.666664	122.0	132.66667	135.66667	128.0	139.0	151.0	
153.0	146.0	148.0	153.0	162.33333	150.0	132.33333	139.0	124.333336	100.666664	69.0	44.0	43.0	52.0	65.666664	92.0	113.666664	138.33333	145.0	123.666664	75.0	61.0	55.666668	42.666668	35.0	41.0	56.666668	77.666664	100.666664	122.0	120.666664	123.0	130.33333	121.333336	115.0	119.0	
136.0	126.0	117.333336	132.33333	156.0	146.33333	142.0	153.33333	142.66667	124.333336	93.0	71.0	69.333336	70.0	67.666664	91.333336	124.666664	162.66667	158.66667	141.0	91.333336	74.666664	75.333336	75.333336	77.0	81.666664	94.666664	116.333336	119.666664	119.0	130.33333	128.33333	121.666664	113.666664	120.666664	109.666664	
178.66667	165.0	150.33333	147.66667	147.0	146.66667	154.66667	172.33333	172.0	159.66667	140.66667	122.333336	111.333336	100.666664	86.333336	106.666664	147.66667	177.0	168.33333	156.66667	114.0	86.666664	86.333336	93.0	109.666664	125.666664	139.0	151.66667	143.0	127.0	128.0	123.0	122.666664	124.666664	131.33333	130.0	
174.66667	156.33333	155.33333	159.33333	156.66667	151.33333	156.33333	167.33333	172.66667	168.0	154.33333	133.66667	118.0	99.666664	99.333336	139.33333	169.66667	188.0	173.0	161.66667	128.66667	102.333336	94.333336	92.333336	107.666664	124.666664	138.66667	138.66667	137.66667	144.0	138.0	131.66667	127.666664	120.666664	121.666664	130.66667	
173.33333	149.33333	153.0	163.0	169.0	175.0	172.0	151.0	149.0	154.66667	143.33333	121.666664	104.666664	105.0	129.33333	156.0	176.0	191.33333	174.66667	165.0	146.0	115.0	125.666664	115.0	108.666664	117.666664	126.666664	130.66667	146.66667	164.0	157.0	136.66667	122.666664	116.333336	115.0	130.66667	
168.33333	148.0	151.33333	156.33333	167.66667	187.0	195.0	178.0	162.0	144.66667	127.333336	117.666664	121.0	132.66667	132.0	149.33333	170.0	183.0	168.66667	156.66667	153.66667	113.0	122.0	133.66667	133.33333	137.0	139.0	146.33333	164.66667	170.66667	157.0	134.66667	122.333336	114.666664	112.666664	127.0	
170.66667	151.33333	146.0	155.33333	164.33333	178.0	191.66667	191.0	178.66667	159.33333	143.0	133.0	133.66667	134.66667	118.0	131.33333	166.0	166.33333	143.0	129.66667	133.66667	113.333336	98.333336	112.333336	117.333336	127.333336	141.66667	156.66667	161.33333	152.33333	143.0	134.66667	126.0	115.0	112.333336	121.0	
154.0	146.66667	148.33333	157.33333	162.0	166.66667	175.0	180.33333	168.33333	162.0	164.0	147.66667	136.66667	130.33333	112.666664	120.0	159.66667	154.33333	125.333336	103.333336	100.666664	108.666664	100.0	98.666664	109.0	123.666664	141.33333	151.0	146.0	137.66667	129.33333	129.0	128.33333	116.666664	112.666664	114.333336	
114.666664	142.66667	151.0	154.33333	158.66667	160.66667	163.66667	161.66667	160.33333	162.0	160.33333	152.66667	148.33333	132.0	99.333336	120.333336	146.66667	111.666664	100.333336	90.666664	72.666664	78.666664	101.666664	90.333336	103.666664	121.0	132.0	127.666664	123.333336	125.333336	122.333336	123.666664	124.666664	121.0	122.666664	134.0	
117.0	166.0	158.33333	156.0	157.66667	156.66667	154.33333	152.0	151.0	152.0	153.66667	151.66667	143.0	119.333336	88.666664	110.666664	110.0	58.666668	72.666664	83.333336	54.333332	44.666668	83.0	87.666664	90.666664	114.333336	115.666664	111.333336	111.0	117.0	119.333336	123.0	122.666664	126.666664	126.0	144.66667	
123.0	171.66667	163.33333	163.33333	162.0	156.66667	151.66667	146.33333	144.66667	146.66667	149.0	147.33333	134.0	103.333336	84.0	110.666664	107.666664	75.666664	85.0	91.333336	78.0	76.666664	100.666664	106.666664	81.666664	100.0	110.0	108.0	108.333336	112.333336	115.0	120.0	122.333336	128.33333	125.333336	135.33333	
128.66667	159.66667	160.33333	165.66667	165.0	154.66667	147.66667	141.66667	141.33333	146.66667	148.33333	142.66667	124.333336	89.0	85.333336	128.33333	147.0	133.33333	114.0	101.666664	109.333336	123.666664	138.66667	137.33333	101.333336	86.0	100.666664	105.333336	108.0	108.0	112.333336	119.666664	123.333336	126.0	127.333336	130.33333	
164.0	160.33333	157.0	163.0	164.0	153.33333	141.33333	137.33333	142.66667	150.0	149.0	139.66667	117.333336	87.0	102.333336	149.66667	165.0	151.33333	128.66667	109.666664	113.666664	130.33333	140.66667	141.33333	122.0	87.0	89.333336	102.333336	107.333336	104.666664	110.0	117.666664	120.333336	120.333336	122.0	134.33333	
187.33333	169.66667	158.0	158.66667	160.33333	151.0	141.0	140.66667	145.66667	153.66667	151.33333	138.0	111.333336	92.0	122.0	152.33333	148.33333	134.33333	122.0	113.0	114.0	119.0	120.666664	119.333336	116.0	98.333336	83.666664	97.0	103.0	104.0	108.333336	113.333336	121.0	118.333336	114.666664	131.0	
175.0	169.0	153.66667	155.66667	153.66667	147.0	144.66667	143.66667	146.66667	154.66667	154.0	138.33333	107.333336	99.333336	134.0	142.0	131.66667	122.666664	118.333336	123.333336	127.333336	122.333336	117.0	112.666664	110.333336	103.666664	82.0	90.0	100.0	105.0	111.0	109.333336	116.333336	116.0	113.666664	127.0	
154.33333	163.66667	152.0	154.33333	150.33333	147.66667	147.66667	144.33333	147.33333	157.0	155.66667	136.66667	103.666664	104.333336	130.0	130.66667	125.0	121.0	115.0	112.333336	109.333336	102.0	100.333336	102.333336	105.666664	102.0	86.333336	87.333336	100.0	107.333336	113.333336	111.333336	112.666664	115.333336	112.0	109.666664	
90.666664	113.333336	138.66667	151.66667	149.66667	148.33333	149.33333	147.66667	151.33333	160.66667	157.33333	134.33333	97.333336	107.666664	119.666664	125.0	120.666664	102.333336	85.666664	73.666664	69.333336	69.333336	68.333336	74.0	86.333336	94.333336	84.666664	83.333336	98.333336	106.0	114.333336	113.0	112.0	112.666664	109.333336	91.666664	
28.0	41.333332	100.333336	149.33333	152.0	145.0	149.66667	150.0	153.66667	162.66667	156.0	129.0	90.666664	107.0	114.666664	108.333336	84.333336	55.333332	39.666668	26.666666	21.333334	21.666666	22.0	27.0	50.0	80.333336	86.0	87.0	100.666664	103.333336	110.333336	109.333336	109.333336	109.0	104.666664	81.666664	
18.0	16.666666	60.666668	143.33333	153.33333	145.0	149.66667	151.66667	154.0	160.33333	154.33333	125.0	89.333336	102.666664	103.333336	69.666664	33.666668	17.0	13.666667	11.0	11.666667	12.333333	10.0	11.666667	29.333334	71.0	86.666664	92.666664	106.333336	103.0	106.0	104.666664	102.666664	102.666664	100.333336	78.666664	
17.333334	14.666667	34.333332	120.333336	149.66667	145.66667	148.33333	152.33333	156.0	159.66667	153.0	123.0	91.666664	96.666664	84.0	39.333332	23.666666	33.666668	38.333332	38.666668	45.666668	54.0	49.666668	30.333334	36.666668	85.333336	92.333336	95.333336	109.0	104.666664	103.333336	101.333336	100.0	97.0	98.0	74.333336	
15.0	15.333333	19.333334	77.0	134.66667	141.33333	146.66667	153.33333	160.33333	160.66667	152.66667	125.0	92.333336	96.333336	105.0	87.0	84.0	105.0	117.333336	120.0	121.666664	123.666664	114.666664	67.666664	80.0	110.666664	97.333336	95.0	104.0	102.666664	98.666664	100.666664	103.333336	98.0	97.666664	68.666664	
15.666667	14.666667	13.666667	46.0	119.333336	135.0	140.66667	153.33333	159.0	154.33333	147.66667	127.333336	93.666664	96.333336	130.0	141.33333	130.66667	126.333336	128.66667	126.666664	127.666664	130.0	126.333336	107.333336	115.0	115.666664	100.666664	96.333336	100.0	99.333336	97.333336	101.0	103.0	97.333336	94.666664	58.0	
33.666668	40.666668	47.666668	69.0	124.666664	129.33333	134.33333	147.33333	154.0	148.0	143.33333	124.666664	90.333336	109.666664	139.0	141.33333	134.33333	129.66667	130.0	127.333336	127.666664	127.666664	119.666664	110.333336	107.666664	115.666664	109.0	100.333336	103.333336	98.0	101.0	102.333336	105.333336	99.666664	90.666664	44.0	
71.333336	89.333336	95.0	105.666664	141.0	128.0	128.33333	142.0	152.0	148.33333	142.0	123.333336	99.333336	117.333336	138.66667	140.0	127.666664	121.666664	113.333336	100.333336	95.333336	93.333336	92.666664	97.666664	109.333336	119.666664	120.666664	115.333336	110.333336	99.333336	101.333336	99.333336	101.666664	97.333336	89.0	62.0	
67.333336	83.0	87.0	109.666664	152.33333	139.0	128.66667	138.33333	148.0	144.66667	139.0	126.666664	119.333336	130.33333	136.66667	134.33333	123.666664	114.333336	98.333336	82.666664	78.666664	79.333336	85.333336	96.666664	109.666664	119.333336	125.0	122.666664	110.666664	100.333336	97.333336	93.666664	94.0	87.0	84.666664	92.0	
89.333336	100.0	110.666664	125.333336	156.0	163.66667	145.66667	137.0	139.66667	139.0	137.0	134.66667	133.0	139.0	137.33333	130.66667	122.333336	109.333336	93.333336	81.333336	81.333336	85.666664	97.666664	112.333336	121.333336	126.666664	128.0	117.333336	103.333336	96.666664	89.333336	85.666664	82.666664	66.666664	61.333332	76.0	
113.666664	120.666664	118.333336	104.0	141.33333	173.66667	164.0	142.66667	133.66667	134.33333	134.33333	135.66667	136.33333	140.33333	139.33333	133.66667	126.666664	121.666664	111.333336	103.666664	104.0	108.666664	124.0	136.0	137.0	133.33333	123.333336	103.0	90.0	86.666664	79.333336	72.0	60.666668	49.0	49.666668	65.333336	
111.666664	110.333336	103.666664	97.0	163.0	178.66667	165.0	147.33333	130.0	131.0	129.66667	128.0	131.33333	137.66667	138.0	135.33333	132.66667	137.33333	131.66667	123.666664	119.666664	119.333336	126.333336	133.0	132.66667	129.66667	111.666664	90.333336	80.333336	72.333336	63.666668	51.0	40.0	40.333332	47.0	56.333332	
101.666664	96.666664	90.0	98.666664	192.66667	208.0	182.66667	161.0	139.0	131.66667	128.66667	120.666664	121.333336	127.333336	131.66667	134.66667	135.66667	132.66667	118.666664	107.333336	102.333336	97.333336	97.333336	102.666664	109.333336	108.333336	91.333336	81.333336	73.0	58.333332	43.333332	33.333332	31.0	35.333332	43.666668	43.666668	
95.333336	91.666664	84.666664	100.666664	206.33333	233.33333	201.33333	167.0	153.66667	142.0	130.33333	120.0	110.0	112.333336	122.666664	130.0	128.66667	115.666664	96.0	86.0	83.333336	75.666664	70.666664	78.0	86.0	80.333336	68.333336	65.333336	53.666668	36.333332	23.666666	29.333334	30.666666	32.666668	37.0	35.333332	
92.0	85.666664	75.333336	92.666664	204.33333	245.0	231.0	191.66667	156.33333	144.66667	133.66667	120.0	109.666664	101.333336	106.0	117.333336	118.0	102.666664	86.666664	77.666664	72.666664	64.666664	59.0	63.333332	63.0	58.666668	56.0	48.333332	31.666666	19.666666	19.333334	31.666666	32.0	30.666666	28.333334	41.0	
90.333336	81.333336	66.666664	86.0	202.33333	248.66667	248.33333	234.0	198.33333	166.66667	146.66667	128.33333	118.666664	102.333336	93.666664	96.333336	93.0	85.666664	78.0	72.333336	68.0	61.333332	60.0	57.333332	53.666668	48.666668	43.0	30.666666	18.666666	20.333334	25.333334	29.666666	33.0	26.333334	25.333334	47.666668	
