140.33333	122.666664	111.333336	116.333336	132.66667	144.0	150.66667	155.66667	166.33333	174.33333	182.33333	188.33333	192.0	192.66667	195.33333	196.33333	193.66667	193.66667	191.33333	187.0	182.33333	180.66667	178.0	169.66667	165.0	163.33333	159.66667	151.66667	145.33333	137.66667	129.66667	127.0	136.0	142.66667	136.66667	140.66667	
132.0	113.666664	109.666664	121.0	135.66667	140.33333	149.33333	156.66667	165.0	175.66667	187.66667	191.33333	194.0	194.66667	195.66667	192.33333	189.66667	191.0	184.33333	178.0	177.33333	179.66667	178.66667	172.33333	165.0	160.33333	154.33333	147.66667	140.66667	137.0	134.66667	132.66667	135.33333	140.66667	136.0	129.66667	
119.0	109.0	105.333336	123.0	132.66667	136.33333	146.66667	153.66667	162.0	174.0	184.66667	191.33333	193.33333	192.33333	191.33333	186.0	182.33333	184.66667	182.0	178.0	176.0	177.66667	175.66667	170.0	161.66667	154.33333	149.33333	144.0	136.66667	134.0	134.0	131.33333	133.33333	144.33333	142.0	123.333336	
120.0	119.333336	110.0	122.333336	126.333336	134.66667	144.66667	150.66667	157.33333	165.66667	174.0	184.0	187.33333	185.33333	186.33333	183.66667	179.66667	178.0	178.66667	174.0	167.33333	167.33333	166.33333	161.33333	154.0	149.33333	147.0	141.0	133.66667	130.66667	129.0	125.333336	125.666664	137.0	138.66667	124.666664	
123.0	122.0	113.333336	120.0	122.333336	131.0	138.66667	145.0	152.33333	156.33333	160.33333	170.33333	174.66667	173.33333	175.33333	172.33333	166.66667	164.66667	168.0	165.33333	159.66667	158.66667	157.66667	153.33333	148.33333	145.0	144.33333	138.33333	130.33333	127.333336	126.333336	119.666664	113.0	116.0	119.666664	111.0	
113.333336	110.333336	107.0	115.666664	120.333336	127.333336	134.0	137.0	143.33333	147.0	148.66667	157.33333	162.0	160.0	161.0	161.66667	157.66667	155.66667	158.33333	154.66667	151.66667	155.0	150.66667	144.0	141.66667	137.66667	136.66667	132.33333	127.333336	125.666664	124.666664	118.333336	109.666664	103.666664	100.666664	96.0	
112.666664	106.333336	105.0	116.666664	124.333336	130.33333	135.66667	138.33333	140.33333	144.0	146.0	152.33333	154.33333	154.66667	159.0	161.0	157.33333	155.33333	157.33333	152.66667	150.33333	152.66667	144.0	138.66667	140.0	141.33333	139.0	129.33333	122.333336	125.333336	123.666664	119.666664	113.666664	99.666664	87.333336	88.666664	
114.0	101.666664	101.0	113.0	121.666664	130.66667	135.0	136.33333	140.33333	141.66667	139.66667	143.0	145.33333	148.33333	154.0	157.66667	154.0	150.66667	151.66667	148.66667	142.66667	144.33333	144.66667	143.66667	143.33333	142.0	140.66667	131.66667	127.0	129.0	122.333336	113.333336	110.0	98.333336	87.333336	90.0	
100.333336	86.666664	95.0	106.0	117.666664	128.0	134.0	135.66667	138.66667	140.33333	134.66667	135.66667	138.66667	142.0	148.0	151.66667	151.33333	147.33333	148.33333	145.66667	138.66667	141.0	145.66667	147.33333	147.33333	144.66667	141.0	133.66667	128.33333	127.333336	120.666664	111.333336	114.0	103.333336	95.333336	86.0	
85.333336	88.0	97.666664	103.666664	115.333336	124.0	131.66667	136.66667	142.0	149.33333	146.66667	142.33333	136.0	137.0	144.0	147.0	143.66667	144.0	143.66667	141.33333	140.0	141.66667	151.0	153.0	151.33333	151.0	141.66667	134.66667	131.66667	131.0	121.666664	113.333336	116.0	106.666664	102.333336	85.0	
86.666664	98.666664	103.0	108.333336	118.0	128.33333	137.0	139.0	144.33333	155.66667	161.0	160.33333	150.0	143.66667	147.0	148.0	139.66667	137.0	134.33333	131.33333	137.66667	148.33333	161.66667	157.33333	148.0	146.0	146.66667	144.33333	139.0	135.33333	123.0	111.666664	111.0	104.0	103.333336	86.666664	
89.0	100.666664	97.0	104.333336	121.666664	139.33333	143.66667	138.33333	139.0	150.33333	156.33333	160.66667	156.0	149.33333	148.66667	149.0	143.33333	141.0	137.0	137.66667	146.33333	157.66667	159.0	145.66667	141.66667	147.33333	148.33333	145.0	139.0	132.33333	122.333336	109.666664	103.666664	101.0	100.666664	86.666664	
93.333336	105.333336	98.0	103.0	119.0	135.66667	145.0	145.0	138.33333	146.0	148.33333	149.66667	154.0	148.33333	144.33333	142.33333	139.33333	143.33333	145.33333	145.33333	147.33333	152.66667	148.0	137.66667	143.33333	146.66667	142.66667	135.66667	118.0	108.666664	113.333336	108.0	104.333336	98.0	97.0	90.666664	
92.666664	108.333336	102.333336	99.333336	96.333336	94.333336	113.0	132.0	134.33333	136.66667	143.0	139.66667	140.33333	134.33333	135.33333	134.66667	134.33333	137.0	138.0	141.0	143.66667	140.33333	134.0	131.0	132.33333	121.333336	111.333336	97.0	83.333336	82.333336	88.666664	90.666664	97.666664	96.333336	95.0	90.333336	
95.666664	106.666664	98.333336	86.333336	76.0	64.666664	67.333336	79.0	89.666664	100.666664	114.333336	127.333336	127.0	120.666664	126.333336	126.333336	125.0	124.0	122.0	124.0	128.0	126.333336	117.0	101.333336	93.0	85.666664	73.666664	69.666664	70.333336	74.0	73.333336	70.666664	84.0	93.666664	95.0	85.333336	
92.0	98.666664	94.333336	80.0	84.0	85.0	79.333336	75.666664	74.0	77.666664	78.0	92.0	108.0	110.0	114.333336	114.0	111.666664	114.333336	107.666664	103.666664	107.0	102.666664	96.333336	90.666664	91.666664	93.0	94.666664	103.666664	110.333336	105.333336	90.333336	73.666664	80.333336	90.666664	93.0	83.0	
86.0	90.333336	83.333336	78.666664	93.333336	106.0	108.0	103.0	99.333336	87.666664	76.333336	79.333336	90.333336	93.666664	99.0	98.0	99.333336	108.333336	101.0	84.333336	87.666664	89.0	82.333336	77.0	76.666664	84.333336	99.666664	108.333336	111.666664	102.333336	92.666664	82.666664	86.666664	94.0	90.666664	82.333336	
84.0	91.0	83.666664	75.333336	84.0	99.333336	107.666664	109.0	104.333336	90.666664	78.333336	72.0	68.333336	67.666664	73.333336	71.666664	93.0	112.666664	105.0	70.333336	68.0	63.0	59.666668	65.666664	76.333336	92.666664	106.666664	105.333336	97.666664	89.666664	81.666664	74.333336	88.333336	93.0	86.666664	84.666664	
86.0	89.666664	91.666664	81.666664	72.0	79.0	88.333336	95.333336	94.0	89.333336	80.666664	66.0	50.333332	44.333332	59.333332	61.333332	81.333336	111.0	104.0	66.0	64.666664	51.0	49.666668	58.666668	70.666664	85.666664	91.666664	87.666664	80.0	74.0	67.333336	73.666664	98.333336	96.666664	99.333336	96.666664	
86.333336	94.666664	99.333336	90.666664	62.666668	57.0	66.666664	75.333336	76.333336	71.0	58.333332	47.0	43.0	42.666668	62.666668	65.0	94.666664	127.666664	117.666664	68.666664	54.0	51.666668	46.666668	45.333332	54.0	69.0	76.0	71.0	62.333332	60.0	65.333336	90.333336	114.0	112.333336	109.0	96.666664	
85.0	97.666664	109.666664	105.666664	76.666664	62.0	55.0	51.666668	48.666668	43.333332	40.666668	45.0	53.666668	57.666668	62.0	67.666664	120.0	156.66667	147.33333	93.0	58.666668	63.666668	61.0	55.333332	49.333332	48.666668	54.666668	56.333332	62.0	75.333336	86.333336	112.666664	124.0	119.333336	106.333336	89.333336	
89.0	98.0	109.666664	115.333336	99.333336	84.0	77.333336	66.333336	56.333332	56.0	60.333332	68.333336	74.666664	75.0	76.333336	86.666664	143.33333	177.33333	172.66667	129.0	77.0	78.333336	80.0	72.333336	67.666664	63.0	65.333336	73.333336	87.0	96.0	106.333336	127.0	124.0	116.333336	102.0	81.333336	
90.333336	92.0	101.666664	116.0	117.0	101.666664	97.333336	92.333336	88.0	90.0	91.0	88.666664	83.666664	86.333336	87.0	104.333336	154.33333	191.0	186.33333	149.0	98.666664	85.333336	88.0	84.0	85.0	90.333336	95.333336	101.333336	105.333336	109.333336	128.33333	133.33333	125.666664	116.0	95.333336	70.333336	
91.0	83.666664	97.0	113.666664	126.333336	136.0	124.333336	111.333336	108.666664	108.0	98.333336	96.0	97.333336	91.666664	94.333336	127.666664	168.33333	198.66667	197.0	166.0	124.666664	91.333336	90.333336	101.333336	110.666664	119.666664	122.333336	122.333336	130.33333	141.33333	141.33333	128.33333	123.0	110.0	86.666664	63.0	
85.666664	76.0	85.666664	102.666664	120.0	159.33333	171.0	161.33333	145.0	131.66667	122.0	119.666664	112.333336	93.666664	108.0	149.0	181.33333	203.33333	201.0	177.0	144.0	104.666664	90.0	112.0	129.66667	137.33333	136.66667	129.66667	133.33333	133.66667	121.333336	113.0	109.333336	94.0	74.0	61.0	
80.666664	73.333336	80.333336	90.333336	100.0	115.0	129.66667	143.0	140.0	131.66667	130.33333	126.333336	108.666664	87.0	112.333336	158.66667	187.0	204.66667	201.33333	180.0	149.66667	112.0	86.666664	109.0	127.333336	131.0	132.0	128.66667	121.333336	108.666664	99.0	94.333336	87.0	81.333336	69.0	65.666664	
85.666664	72.666664	79.0	84.666664	89.0	99.0	107.333336	120.0	128.33333	130.33333	130.66667	122.0	97.333336	82.333336	116.0	146.33333	170.0	184.66667	184.33333	169.66667	142.66667	119.666664	86.666664	98.333336	118.666664	129.0	132.66667	126.0	117.0	105.0	95.333336	86.0	76.666664	76.333336	68.666664	68.666664	
77.333336	78.333336	82.333336	84.666664	84.0	96.333336	105.666664	118.333336	126.333336	128.0	126.0	114.666664	89.333336	102.666664	127.0	125.333336	143.66667	153.33333	153.33333	145.0	128.66667	123.666664	100.666664	91.333336	107.333336	121.0	125.333336	124.333336	121.333336	113.0	100.666664	89.0	83.333336	83.333336	74.0	73.0	
62.666668	79.333336	83.666664	86.666664	82.0	91.666664	106.333336	118.666664	122.333336	121.333336	119.0	106.333336	86.666664	111.333336	112.0	100.333336	113.333336	123.0	124.333336	114.333336	103.666664	100.666664	100.666664	87.0	100.666664	117.333336	118.666664	114.333336	113.333336	111.333336	99.0	89.0	88.333336	85.666664	75.666664	74.666664	
57.666668	78.333336	80.666664	89.0	88.666664	90.0	99.333336	108.333336	111.666664	112.333336	111.333336	97.333336	83.666664	93.0	86.0	70.0	77.333336	92.333336	92.0	82.0	70.333336	77.333336	85.333336	85.666664	93.333336	108.0	111.666664	105.666664	102.0	100.0	92.333336	90.666664	92.333336	85.0	75.0	73.333336	
55.333332	75.0	76.333336	84.333336	90.666664	86.333336	88.666664	95.0	101.333336	105.666664	101.0	90.0	93.0	83.666664	56.0	41.0	43.666668	63.666668	63.0	44.666668	39.666668	55.666668	81.333336	99.333336	89.666664	91.333336	100.333336	102.666664	97.0	91.0	89.666664	95.666664	93.333336	81.666664	75.0	70.0	
51.0	74.333336	78.0	81.666664	89.666664	87.666664	85.666664	87.333336	92.0	98.0	91.0	96.0	111.333336	93.333336	55.0	45.666668	52.0	53.333332	48.666668	45.0	46.666668	62.333332	98.0	114.0	101.0	90.0	93.333336	100.0	95.666664	90.666664	91.333336	94.666664	92.666664	81.0	75.0	67.333336	
47.666668	69.0	77.0	81.666664	88.333336	88.333336	84.666664	84.333336	89.0	88.666664	87.333336	108.333336	121.0	113.0	90.0	82.0	81.0	69.0	67.666664	77.0	78.666664	91.666664	111.333336	118.0	115.666664	101.0	92.0	93.333336	93.666664	92.0	93.0	91.666664	88.666664	81.666664	74.666664	61.666668	
38.666668	61.666668	76.0	82.0	87.333336	88.666664	87.333336	87.0	87.666664	83.666664	94.333336	117.333336	118.333336	115.666664	108.666664	104.666664	100.666664	85.333336	87.333336	101.666664	100.666664	107.666664	113.666664	114.333336	117.333336	108.333336	94.0	86.666664	89.333336	89.333336	91.0	91.0	87.0	81.333336	69.333336	59.333332	
19.333334	43.0	68.0	77.666664	85.0	89.0	87.666664	85.333336	85.333336	85.0	99.666664	110.666664	112.0	115.666664	117.666664	117.666664	113.0	98.0	99.0	113.0	113.666664	115.333336	113.333336	107.0	103.333336	101.333336	92.333336	82.666664	84.333336	84.0	89.0	92.333336	89.333336	79.333336	62.666668	58.0	
9.666667	26.333334	58.0	74.333336	80.666664	86.0	87.666664	85.333336	86.0	89.333336	98.0	97.666664	105.0	114.0	121.666664	126.666664	126.333336	114.666664	112.666664	124.333336	125.0	121.0	115.0	102.333336	89.0	82.666664	86.666664	84.666664	86.666664	85.666664	90.666664	91.666664	85.666664	73.0	59.666668	54.666668	
20.666666	29.0	52.333332	69.0	76.666664	80.333336	83.333336	85.666664	87.666664	87.0	89.333336	87.0	100.0	108.666664	110.666664	110.333336	118.0	123.333336	121.666664	114.666664	110.333336	108.333336	105.0	94.333336	77.0	67.0	77.0	82.666664	89.666664	88.0	88.0	87.666664	80.333336	65.666664	57.666668	45.666668	
32.666668	36.666668	51.666668	69.333336	71.333336	76.666664	80.333336	88.333336	88.666664	78.666664	73.0	69.0	75.666664	72.333336	67.0	61.333332	68.666664	82.333336	83.0	65.666664	64.666664	67.333336	66.666664	64.0	59.0	52.666668	63.666668	77.333336	90.0	87.0	85.0	83.666664	75.666664	60.333332	57.333332	37.333332	
29.666666	32.0	37.333332	62.333332	69.0	71.333336	75.0	83.0	86.666664	72.666664	57.0	52.333332	57.333332	50.666668	48.0	50.0	55.666668	58.666668	57.666668	57.0	62.333332	60.666668	57.666668	64.333336	74.0	60.333332	53.0	71.0	86.666664	83.666664	82.666664	77.0	64.666664	58.0	63.333332	40.666668	
27.0	24.666666	21.333334	47.666668	69.333336	65.333336	72.0	78.333336	82.333336	72.666664	65.0	76.333336	84.333336	82.0	82.333336	83.333336	85.0	85.0	80.666664	82.666664	89.666664	88.333336	88.0	91.0	89.333336	81.0	72.333336	73.0	79.0	80.333336	77.666664	68.333336	57.333332	61.0	82.0	59.666668	
22.666666	16.0	14.333333	37.333332	73.0	58.333332	61.666668	69.0	73.333336	75.333336	82.0	88.666664	88.666664	88.333336	89.333336	86.0	82.666664	77.333336	73.0	74.666664	77.666664	80.666664	79.666664	80.666664	80.666664	79.0	80.666664	77.333336	74.666664	74.0	66.666664	56.666668	53.666668	63.666668	104.666664	70.333336	
14.666667	13.0	17.0	48.0	87.0	62.666668	54.0	59.0	63.666668	70.0	76.0	77.0	76.0	78.333336	81.333336	76.333336	67.666664	63.666668	61.333332	62.666668	65.0	70.666664	73.333336	74.333336	74.0	72.666664	76.666664	74.0	71.0	67.666664	56.666668	49.666668	52.666668	83.666664	135.0	88.0	
15.0	18.0	24.0	56.333332	116.0	79.666664	53.666668	51.666668	56.0	60.0	64.0	67.0	66.333336	68.666664	73.0	71.666664	71.0	77.0	78.666664	76.666664	75.333336	75.666664	75.0	76.0	75.333336	72.333336	70.0	69.0	65.333336	60.666668	50.666668	51.666668	66.333336	126.0	153.66667	102.0	
23.0	25.333334	28.333334	61.0	138.0	109.333336	62.0	55.0	50.666668	56.333332	63.0	69.333336	73.333336	75.666664	80.333336	90.333336	102.333336	107.0	108.0	105.333336	101.666664	93.0	86.666664	86.0	83.333336	77.0	69.666664	63.666668	56.333332	51.0	51.333332	58.666668	104.333336	159.33333	158.33333	110.0	
33.666668	29.0	28.0	65.333336	153.66667	146.0	90.0	59.333332	57.333332	54.333332	55.0	67.0	76.0	83.666664	91.666664	106.666664	112.333336	110.666664	106.0	106.0	109.0	102.0	96.666664	92.333336	83.333336	73.666664	60.666668	51.333332	49.666668	55.333332	59.333332	89.333336	148.33333	168.0	158.33333	118.0	
32.666668	26.0	27.0	70.666664	161.66667	168.33333	132.33333	75.666664	65.0	61.666668	54.333332	60.0	70.666664	75.666664	84.333336	94.666664	98.333336	95.333336	92.666664	92.333336	95.0	90.666664	88.333336	82.666664	74.333336	66.333336	54.333332	54.333332	59.0	62.666668	84.333336	140.33333	171.33333	169.33333	163.33333	124.0	
30.333334	27.666666	29.0	70.333336	167.0	183.33333	171.33333	123.666664	78.333336	67.333336	60.666668	59.0	65.333336	68.333336	73.333336	77.333336	79.0	78.333336	79.666664	80.333336	80.0	75.0	73.666664	74.0	67.0	60.333332	59.0	62.0	66.666664	83.0	132.0	171.66667	182.0	181.0	167.33333	125.0	
27.333334	26.666666	29.333334	65.0	164.0	193.0	191.0	166.0	116.333336	81.333336	69.333336	64.0	61.666668	63.333332	65.333336	69.666664	72.666664	71.333336	69.666664	69.0	68.666664	66.666664	67.0	66.0	63.333332	63.666668	66.333336	72.666664	91.333336	134.0	170.33333	187.0	193.66667	184.0	166.0	119.0	
26.333334	26.333334	29.333334	55.333332	153.0	193.0	197.33333	188.66667	160.33333	116.333336	83.0	68.666664	66.333336	62.666668	59.333332	59.666668	61.666668	60.0	60.666668	60.666668	60.666668	61.0	65.0	67.666664	70.666664	72.666664	80.0	103.0	138.33333	172.33333	188.0	196.33333	201.33333	180.66667	160.0	110.333336	
