14.0	15.0	19.0	15.333333	15.0	31.666666	54.0	81.666664	109.666664	134.0	141.66667	149.0	157.66667	162.33333	164.0	161.66667	160.33333	159.0	156.33333	152.66667	146.33333	136.33333	128.66667	121.333336	110.666664	93.0	74.0	57.0	43.333332	33.666668	25.333334	19.0	20.333334	20.666666	21.666666	18.333334	
16.333334	18.666666	19.0	15.666667	26.333334	53.333332	81.666664	109.666664	135.0	147.33333	151.66667	157.33333	163.33333	169.33333	171.0	168.66667	166.33333	165.66667	164.33333	162.33333	159.66667	152.0	147.0	141.66667	134.66667	121.333336	98.333336	75.0	58.0	48.0	36.0	23.666666	20.0	19.0	21.333334	20.333334	
19.333334	21.666666	19.0	23.0	41.333332	74.0	108.333336	134.66667	151.33333	153.33333	158.0	165.66667	172.0	178.66667	179.66667	178.66667	177.0	174.0	169.33333	165.66667	164.33333	161.0	157.33333	155.0	149.33333	139.33333	125.0	102.333336	76.0	60.0	47.666668	33.666668	24.333334	17.0	20.0	21.333334	
21.333334	21.666666	22.0	33.333332	56.0	90.333336	126.0	146.0	155.0	157.66667	162.66667	169.66667	177.66667	183.66667	186.0	185.0	181.33333	178.33333	174.33333	171.33333	170.33333	166.66667	162.66667	162.0	156.33333	150.33333	143.0	126.333336	99.333336	76.333336	61.333332	47.666668	35.0	21.666666	17.333334	20.333334	
21.333334	19.333334	23.666666	42.333332	69.666664	107.333336	142.0	154.0	158.66667	163.66667	167.33333	172.33333	179.33333	186.33333	189.66667	187.66667	182.0	181.33333	179.66667	178.0	177.33333	172.0	167.66667	168.33333	162.33333	157.33333	150.0	138.0	119.333336	97.0	71.666664	58.666668	48.0	30.333334	18.333334	20.333334	
22.666666	18.333334	26.0	52.333332	82.0	122.0	150.33333	158.33333	162.0	166.0	169.0	174.0	181.0	189.0	191.33333	189.0	183.33333	182.66667	181.66667	180.33333	180.0	174.66667	170.0	170.0	166.0	160.33333	154.0	144.33333	132.66667	117.333336	90.0	70.666664	58.666668	40.666668	22.666666	16.0	
21.0	18.666666	33.0	62.333332	93.333336	133.0	156.66667	161.66667	165.33333	169.33333	173.66667	179.33333	184.66667	188.33333	187.33333	186.66667	183.66667	181.33333	180.0	180.66667	181.66667	178.66667	174.33333	171.33333	168.66667	162.33333	155.33333	147.66667	140.66667	132.33333	110.333336	85.666664	68.666664	51.666668	29.666666	12.333333	
19.0	19.333334	37.666668	69.0	103.333336	141.33333	159.33333	164.0	168.0	172.33333	176.66667	181.66667	185.33333	187.33333	186.0	186.0	184.0	180.66667	177.66667	180.33333	183.0	182.33333	177.33333	172.0	170.66667	164.33333	156.0	148.66667	144.0	139.33333	123.666664	99.666664	78.0	59.666668	37.666668	12.333333	
17.333334	20.333334	43.666668	75.0	111.666664	149.0	162.0	164.66667	168.66667	172.33333	176.66667	181.33333	185.0	185.33333	186.33333	189.33333	186.0	180.33333	177.33333	179.66667	182.0	183.33333	179.0	172.33333	172.0	167.0	160.66667	152.33333	148.0	143.66667	134.0	116.0	90.0	65.333336	44.333332	15.0	
18.0	23.333334	51.0	81.666664	120.0	152.66667	160.66667	159.33333	162.0	166.33333	168.33333	174.33333	181.33333	182.0	183.66667	190.33333	187.33333	182.0	181.0	182.33333	181.33333	182.0	179.33333	171.0	170.66667	167.33333	160.66667	154.0	148.66667	144.66667	138.66667	130.33333	104.666664	69.666664	47.333332	20.666666	
19.333334	26.666666	59.666668	90.333336	126.0	149.33333	142.0	128.0	123.0	122.666664	124.666664	130.0	140.0	159.33333	176.33333	183.33333	185.33333	185.0	184.0	183.66667	181.33333	178.66667	176.0	170.33333	167.66667	161.33333	150.66667	139.33333	133.66667	132.33333	125.333336	119.333336	108.333336	79.0	52.666668	28.666666	
20.333334	28.666666	63.333332	98.333336	125.333336	126.333336	106.333336	100.666664	97.666664	92.666664	88.0	82.0	81.0	106.0	142.0	166.0	175.0	182.0	182.66667	180.0	180.66667	174.66667	171.33333	165.33333	148.66667	126.333336	107.333336	92.333336	87.666664	90.0	84.666664	83.666664	90.333336	79.333336	54.333332	35.0	
21.0	32.333332	65.333336	97.666664	112.666664	113.333336	127.333336	146.66667	152.0	147.33333	137.0	121.0	98.333336	87.333336	99.333336	125.0	152.0	172.66667	176.66667	175.33333	176.0	168.66667	164.66667	154.0	120.0	84.666664	71.0	67.666664	80.333336	90.666664	91.333336	91.333336	88.0	72.333336	50.666668	38.0	
22.666666	35.333332	68.666664	98.333336	121.333336	140.33333	166.66667	178.0	178.0	176.33333	173.0	164.33333	145.33333	118.666664	103.0	109.666664	137.33333	162.33333	169.0	172.0	169.33333	161.33333	156.33333	139.66667	105.333336	85.666664	87.0	101.333336	121.333336	138.66667	146.66667	144.0	126.666664	98.0	61.666668	34.333332	
26.0	37.666668	72.0	102.333336	133.66667	154.0	169.0	169.33333	168.33333	168.66667	171.66667	173.66667	169.0	153.33333	133.66667	125.0	137.66667	154.66667	163.33333	170.33333	165.66667	154.33333	143.66667	128.0	109.333336	110.666664	128.0	144.0	152.33333	158.0	155.33333	146.33333	136.0	120.333336	86.0	45.0	
27.666666	41.333332	75.333336	105.333336	137.0	151.33333	155.0	152.0	151.0	150.66667	152.0	161.0	166.0	162.0	152.0	148.33333	145.66667	151.66667	161.0	172.66667	167.0	147.33333	134.33333	126.333336	122.666664	134.66667	155.0	162.0	154.0	145.66667	134.33333	130.33333	128.0	121.0	99.0	57.0	
27.666666	47.333332	80.333336	110.666664	136.33333	146.66667	146.33333	136.33333	112.0	94.333336	94.333336	106.0	126.666664	145.33333	155.0	158.33333	153.0	150.0	156.66667	173.66667	169.66667	145.66667	130.33333	128.66667	135.66667	150.66667	149.0	130.66667	108.666664	95.0	92.333336	102.333336	112.666664	113.666664	99.666664	61.0	
29.0	54.333332	85.666664	118.333336	142.33333	143.66667	129.0	88.333336	67.0	47.0	47.0	48.0	62.0	103.0	136.0	156.66667	160.66667	152.0	154.66667	173.33333	170.66667	144.0	128.0	129.66667	138.66667	134.0	101.333336	69.0	51.666668	41.333332	50.0	57.666668	78.333336	105.0	103.333336	70.666664	
29.333334	58.666668	93.0	128.33333	150.0	140.0	110.666664	73.333336	76.0	59.333332	42.333332	41.0	64.0	103.666664	105.666664	137.33333	163.33333	155.66667	156.33333	172.66667	175.0	146.33333	128.0	131.66667	130.66667	98.333336	73.333336	47.666668	37.333332	30.333334	53.333332	55.666668	58.0	99.333336	109.666664	86.333336	
29.333334	63.333332	105.0	141.0	158.66667	158.0	145.0	128.66667	127.0	111.666664	93.0	88.0	109.0	129.33333	116.666664	134.33333	160.66667	157.66667	156.33333	169.33333	173.66667	149.0	132.0	135.0	133.0	114.666664	113.666664	90.0	74.666664	72.666664	87.333336	87.0	78.333336	104.333336	122.333336	102.333336	
28.333334	67.666664	113.666664	146.66667	160.33333	167.33333	169.0	161.33333	154.33333	152.66667	151.0	145.0	141.66667	144.66667	153.0	161.33333	164.0	156.0	154.33333	166.0	170.66667	147.66667	133.0	139.33333	145.33333	147.0	148.0	144.33333	144.0	134.33333	125.0	119.0	118.0	125.333336	134.0	116.0	
28.666666	76.0	126.333336	153.33333	166.0	171.66667	174.33333	171.0	167.66667	159.0	151.66667	153.66667	159.33333	167.0	175.66667	174.66667	166.0	155.33333	156.33333	167.33333	172.33333	151.33333	133.33333	139.0	154.33333	158.0	160.0	157.33333	148.66667	147.0	143.66667	138.0	140.66667	139.33333	138.0	127.333336	
31.0	85.0	136.33333	155.66667	164.66667	170.0	175.33333	177.66667	180.66667	179.0	176.66667	176.66667	180.0	185.66667	184.66667	176.33333	165.0	157.0	159.0	171.0	178.66667	161.33333	137.0	136.0	150.66667	163.66667	168.33333	171.66667	172.33333	169.0	162.0	158.33333	152.33333	148.0	143.0	134.0	
35.0	96.0	141.66667	157.0	166.33333	172.0	177.66667	181.0	183.33333	183.0	182.66667	181.0	184.33333	187.33333	182.66667	172.66667	165.66667	162.33333	163.66667	173.66667	182.0	168.33333	146.33333	136.66667	144.0	163.33333	169.66667	172.33333	176.66667	172.66667	168.66667	164.33333	157.0	150.33333	146.0	138.66667	
39.333332	104.333336	141.66667	154.66667	166.33333	173.33333	178.66667	183.33333	185.0	185.33333	184.33333	182.66667	184.0	182.33333	177.33333	169.33333	163.33333	161.66667	167.66667	176.66667	179.66667	168.33333	155.0	139.66667	138.33333	157.0	167.66667	174.0	176.66667	175.33333	169.66667	165.0	158.66667	154.0	148.33333	141.0	
45.666668	109.0	139.66667	149.33333	163.0	172.66667	179.33333	184.66667	186.66667	185.66667	183.33333	179.66667	178.33333	178.66667	174.0	164.0	157.33333	156.33333	165.66667	176.0	175.66667	168.33333	158.33333	141.0	132.66667	146.66667	163.0	172.33333	176.66667	178.0	172.0	167.0	161.33333	155.66667	148.0	141.33333	
53.0	112.666664	135.66667	144.66667	159.66667	171.33333	180.33333	185.66667	186.0	184.0	180.66667	176.0	171.66667	166.33333	159.66667	155.0	154.66667	153.66667	162.66667	176.66667	177.66667	170.66667	155.0	138.66667	127.333336	136.0	154.33333	168.66667	173.33333	176.33333	175.0	170.33333	162.66667	154.33333	147.0	140.66667	
57.0	112.666664	133.0	142.66667	157.66667	170.66667	178.66667	183.66667	184.33333	181.0	177.66667	172.0	161.0	147.66667	143.33333	148.33333	156.33333	152.0	154.33333	169.33333	173.33333	169.0	149.0	133.66667	128.0	128.33333	138.0	157.33333	167.0	173.0	176.0	172.0	162.66667	151.66667	143.0	137.33333	
57.0	108.0	132.0	142.66667	154.0	166.66667	172.33333	174.66667	176.33333	173.66667	165.33333	153.33333	137.66667	137.33333	141.33333	137.66667	143.0	133.33333	128.0	139.66667	148.33333	142.33333	122.666664	117.666664	122.666664	118.333336	121.666664	130.66667	149.33333	165.0	169.33333	166.33333	157.0	146.0	137.0	130.33333	
62.333332	107.0	128.0	139.0	148.66667	158.66667	163.33333	163.0	163.33333	160.66667	144.0	127.0	125.666664	146.0	148.66667	130.33333	117.0	102.666664	101.0	111.333336	116.333336	107.333336	89.666664	89.0	96.666664	107.333336	119.333336	110.0	125.0	146.66667	153.66667	153.0	146.33333	138.0	128.66667	120.333336	
68.333336	106.666664	124.333336	132.33333	141.0	149.0	151.66667	150.33333	147.0	135.66667	118.666664	115.333336	138.0	161.66667	161.66667	151.33333	140.33333	131.0	125.0	113.333336	100.333336	96.666664	95.333336	95.333336	99.0	116.666664	129.0	114.0	105.0	122.0	138.0	140.0	135.66667	128.66667	122.0	112.666664	
75.333336	107.333336	122.333336	126.333336	133.0	139.66667	141.33333	140.0	132.0	113.666664	109.333336	129.0	155.66667	167.33333	168.66667	170.33333	164.0	161.0	154.66667	139.0	129.0	129.0	128.66667	131.0	125.0	126.666664	130.66667	124.666664	101.666664	106.0	126.333336	131.66667	127.666664	121.666664	114.0	106.333336	
82.0	110.0	119.0	122.0	126.0	131.66667	134.0	134.0	123.0	111.666664	127.333336	152.33333	165.0	172.33333	172.33333	173.33333	174.66667	173.66667	171.0	156.0	150.66667	152.33333	148.33333	145.66667	140.66667	136.0	133.66667	132.33333	120.333336	106.333336	116.666664	126.666664	121.666664	115.333336	105.333336	101.0	
86.666664	116.333336	120.666664	122.333336	122.666664	127.333336	132.33333	134.33333	120.666664	123.666664	146.66667	160.66667	162.33333	163.66667	161.0	155.0	149.33333	148.33333	147.0	149.0	146.66667	141.33333	137.66667	135.66667	138.0	141.33333	137.66667	134.0	134.0	123.0	116.0	127.333336	122.0	113.0	104.333336	100.666664	
79.333336	118.666664	122.666664	125.666664	126.0	128.0	136.0	143.0	132.0	140.33333	151.0	143.33333	128.0	116.333336	106.666664	101.333336	98.0	96.333336	94.666664	104.0	97.666664	89.666664	88.0	96.0	98.666664	109.333336	122.666664	127.0	133.33333	134.0	127.333336	135.66667	124.666664	111.0	105.333336	99.666664	
69.333336	119.0	125.666664	127.0	129.66667	132.0	140.0	151.33333	148.0	147.66667	146.33333	115.333336	85.0	92.666664	107.666664	125.666664	145.0	135.0	145.66667	139.66667	120.333336	127.333336	116.666664	114.333336	90.333336	75.666664	82.333336	104.333336	127.333336	137.0	144.0	149.0	128.0	109.666664	106.333336	95.333336	
51.666668	112.333336	129.33333	126.666664	134.33333	137.33333	142.66667	155.0	164.66667	160.0	157.66667	126.0	88.333336	109.666664	137.33333	159.33333	182.0	186.66667	202.33333	197.0	181.33333	180.66667	156.0	142.0	111.666664	79.666664	66.0	100.0	134.33333	148.33333	158.66667	153.66667	127.333336	110.666664	107.333336	91.0	
33.333332	99.333336	126.666664	126.333336	133.33333	140.66667	144.66667	154.0	168.33333	171.0	166.66667	158.0	136.33333	121.666664	122.666664	132.0	153.0	165.33333	179.66667	178.66667	171.0	161.0	133.66667	117.666664	97.333336	84.333336	96.666664	127.333336	149.0	163.33333	166.33333	145.66667	121.666664	110.333336	103.0	94.333336	
22.0	77.0	121.0	125.0	131.0	139.0	145.33333	151.66667	163.33333	174.0	173.0	169.33333	167.0	149.33333	133.66667	131.0	135.33333	139.0	144.66667	143.0	139.33333	134.0	115.333336	104.0	102.0	112.666664	131.66667	146.66667	155.33333	162.66667	157.66667	133.0	113.0	106.333336	97.333336	102.0	
24.0	57.0	108.0	121.0	126.0	133.33333	141.66667	148.66667	158.66667	172.33333	176.0	173.33333	171.66667	168.33333	158.66667	145.0	129.66667	127.666664	129.66667	130.33333	126.666664	114.666664	100.0	99.333336	111.333336	131.33333	143.66667	153.0	156.0	151.66667	140.0	120.333336	104.666664	99.666664	97.666664	110.333336	
46.666668	54.666668	93.0	115.0	119.333336	126.333336	135.66667	145.33333	155.66667	166.66667	171.0	173.0	169.0	171.33333	167.0	159.33333	146.0	131.0	117.333336	111.666664	107.666664	108.0	110.666664	119.666664	128.0	139.66667	148.0	149.0	146.0	137.33333	123.0	110.666664	100.666664	95.333336	101.333336	118.0	
74.0	66.666664	84.666664	106.333336	113.0	119.333336	129.0	139.33333	150.66667	160.66667	167.0	173.0	175.33333	173.0	167.33333	165.66667	160.66667	151.66667	139.0	134.0	134.0	138.66667	137.33333	137.66667	141.66667	147.66667	149.66667	145.33333	134.33333	123.0	111.333336	102.333336	94.666664	92.0	103.333336	121.333336	
102.0	89.333336	92.333336	102.0	108.666664	112.0	119.333336	131.0	142.66667	152.66667	161.33333	169.33333	175.33333	175.66667	174.0	171.33333	170.0	168.0	164.0	162.33333	165.0	164.33333	158.66667	153.0	152.0	153.0	147.0	138.66667	125.333336	112.666664	106.333336	99.333336	90.0	94.0	110.666664	120.666664	
122.333336	115.666664	108.0	109.666664	107.666664	103.333336	109.333336	121.333336	131.66667	142.33333	151.66667	161.66667	169.66667	174.0	176.0	175.66667	175.0	175.66667	175.0	175.0	177.66667	175.0	168.66667	162.66667	158.33333	154.66667	142.33333	130.66667	116.333336	105.0	99.333336	93.0	85.666664	95.333336	115.666664	118.666664	
135.33333	133.66667	123.333336	121.666664	112.0	99.666664	100.333336	106.0	115.666664	126.333336	136.66667	148.0	157.66667	167.0	176.0	179.66667	179.66667	180.66667	180.0	179.66667	178.33333	173.66667	168.33333	162.66667	154.66667	147.33333	131.33333	118.333336	105.0	96.333336	90.0	83.0	80.666664	94.666664	116.333336	116.666664	
141.33333	140.0	135.66667	133.33333	118.0	102.333336	97.666664	93.666664	97.0	107.666664	118.0	130.66667	140.0	151.0	164.33333	173.0	175.0	178.0	179.33333	180.33333	180.66667	177.66667	170.0	158.33333	145.66667	134.0	118.0	106.0	93.666664	85.666664	79.0	76.333336	79.0	94.666664	114.333336	116.666664	
143.0	143.33333	146.66667	144.33333	123.666664	106.666664	99.666664	90.333336	85.333336	88.333336	95.666664	106.666664	118.0	128.66667	140.33333	152.66667	161.0	166.66667	170.66667	172.33333	172.33333	168.66667	157.66667	143.33333	128.66667	114.333336	100.0	89.666664	78.333336	74.0	74.333336	80.333336	84.666664	100.666664	115.666664	116.666664	
149.33333	148.0	147.66667	144.33333	121.333336	108.0	105.333336	99.333336	89.666664	83.666664	79.0	80.666664	91.666664	103.666664	112.666664	123.333336	131.0	139.66667	145.0	147.33333	144.66667	139.33333	130.33333	119.0	105.0	88.333336	76.666664	70.0	67.666664	71.333336	80.0	88.666664	88.333336	99.666664	114.333336	116.666664	
154.66667	146.66667	133.33333	116.333336	96.333336	105.0	111.666664	107.333336	101.0	91.333336	80.666664	75.666664	77.333336	80.333336	84.666664	89.666664	93.333336	104.0	110.333336	113.666664	111.333336	106.333336	95.333336	84.333336	77.0	70.666664	68.333336	69.333336	74.666664	83.0	90.0	93.666664	89.666664	97.333336	113.333336	116.666664	
