86.666664	104.666664	125.0	140.0	140.66667	138.66667	142.0	140.0	138.66667	139.66667	141.33333	139.66667	141.66667	145.0	146.66667	147.66667	149.0	152.66667	157.0	159.66667	158.33333	155.66667	154.0	156.0	157.33333	154.33333	152.66667	152.33333	145.66667	137.66667	123.333336	85.666664	55.0	65.666664	73.0	77.333336	
97.333336	117.333336	130.33333	137.0	142.0	139.66667	136.66667	135.66667	136.33333	139.66667	141.0	140.33333	145.0	148.66667	150.0	151.33333	154.33333	160.33333	162.33333	161.33333	161.0	160.66667	159.33333	159.33333	160.33333	158.0	158.66667	160.0	154.66667	148.0	136.33333	115.666664	72.0	71.666664	77.333336	79.0	
107.666664	125.0	133.66667	139.0	141.66667	137.33333	135.33333	135.33333	137.66667	139.0	138.0	136.66667	145.33333	153.0	158.0	166.33333	169.66667	168.0	165.0	165.0	166.0	169.33333	167.33333	162.66667	163.0	162.33333	165.33333	167.0	162.33333	159.0	150.0	142.33333	99.333336	74.333336	82.0	78.333336	
113.333336	125.333336	134.33333	139.0	140.0	136.33333	135.33333	137.33333	137.33333	135.66667	137.0	139.0	148.66667	159.0	166.0	176.0	179.0	174.33333	172.0	173.33333	171.33333	171.66667	174.0	170.0	169.0	168.66667	170.0	171.33333	170.0	166.66667	161.33333	156.66667	131.33333	74.666664	79.666664	79.666664	
115.333336	124.666664	138.33333	139.66667	139.0	136.33333	133.66667	132.66667	135.66667	136.66667	141.66667	145.66667	150.33333	155.66667	163.66667	176.0	177.33333	171.33333	169.66667	174.0	172.66667	171.0	176.0	172.66667	171.66667	170.33333	170.33333	172.0	170.33333	165.33333	164.0	158.66667	149.33333	86.666664	71.666664	80.666664	
119.333336	128.66667	139.33333	139.33333	137.0	136.66667	135.0	132.33333	135.33333	138.66667	140.66667	145.66667	153.0	160.66667	168.33333	176.66667	176.0	171.33333	168.66667	172.66667	174.66667	172.33333	175.66667	173.33333	175.0	175.0	172.0	170.0	167.0	164.66667	165.33333	155.33333	151.66667	103.666664	67.0	78.666664	
117.333336	127.666664	138.0	138.33333	132.0	133.33333	134.66667	135.0	138.0	139.33333	137.66667	140.33333	148.66667	155.66667	160.33333	165.66667	166.0	163.33333	160.0	163.66667	171.0	173.33333	174.66667	174.66667	176.33333	175.66667	170.33333	165.0	161.0	158.66667	159.0	152.66667	151.0	112.333336	65.333336	77.0	
110.0	126.666664	136.66667	136.33333	135.33333	135.33333	134.66667	138.0	137.0	139.0	139.66667	145.66667	148.66667	149.33333	155.66667	162.33333	162.66667	159.33333	158.33333	159.66667	163.0	167.66667	170.66667	173.66667	173.0	171.0	166.33333	162.0	158.33333	156.66667	158.0	152.66667	145.33333	117.666664	67.0	88.666664	
115.666664	133.66667	141.66667	139.66667	141.33333	139.66667	134.0	134.66667	135.66667	142.33333	149.33333	155.33333	153.33333	151.66667	158.0	167.66667	166.33333	165.33333	167.66667	165.33333	162.0	165.33333	168.0	172.0	173.66667	169.66667	164.0	159.66667	156.66667	154.66667	156.0	152.0	146.66667	125.666664	64.333336	93.0	
117.0	138.0	149.0	146.66667	143.66667	142.33333	136.0	133.33333	136.66667	141.33333	149.0	156.0	156.33333	155.0	160.33333	168.33333	167.66667	166.66667	170.0	169.0	163.33333	166.0	168.33333	171.0	175.66667	172.66667	165.0	159.66667	157.66667	158.0	160.66667	158.0	155.33333	137.0	69.333336	90.333336	
131.33333	147.66667	152.66667	148.33333	145.66667	140.66667	132.33333	128.33333	131.66667	138.66667	148.0	155.33333	155.66667	156.33333	164.0	172.66667	173.33333	172.66667	174.33333	176.33333	169.33333	171.0	172.33333	171.66667	176.33333	174.33333	167.66667	165.0	163.66667	166.66667	169.0	160.66667	149.33333	141.66667	89.333336	91.0	
148.33333	153.66667	150.66667	145.33333	143.66667	138.0	131.33333	128.66667	133.33333	144.0	147.0	146.33333	149.33333	153.66667	164.33333	180.33333	183.33333	184.0	176.66667	178.33333	173.0	172.66667	174.0	173.33333	179.66667	181.0	175.66667	172.66667	169.66667	171.33333	171.66667	166.33333	152.33333	141.0	112.666664	101.0	
151.33333	151.66667	151.66667	146.33333	143.66667	137.33333	128.66667	130.0	139.33333	141.0	129.0	116.666664	121.0	128.0	139.0	156.33333	171.33333	180.33333	179.33333	177.66667	172.0	170.66667	173.33333	172.33333	178.33333	182.33333	179.33333	174.0	170.66667	170.0	171.0	163.33333	142.0	120.0	115.666664	115.333336	
149.0	146.66667	145.66667	144.0	144.33333	140.33333	130.66667	132.33333	131.0	118.666664	110.0	108.666664	111.333336	111.333336	107.666664	111.333336	125.666664	142.66667	158.0	162.0	160.66667	166.33333	174.0	173.66667	174.0	174.33333	173.66667	166.0	160.0	155.33333	150.66667	139.66667	122.666664	113.333336	119.333336	118.333336	
141.66667	139.0	139.0	141.0	145.66667	144.33333	131.0	129.0	123.666664	117.0	123.333336	134.66667	142.66667	138.33333	121.0	107.333336	103.666664	113.0	128.33333	140.0	150.33333	161.33333	168.33333	173.0	173.0	167.66667	158.33333	140.0	133.0	124.333336	116.333336	117.666664	125.0	130.33333	121.666664	104.0	
137.0	137.0	141.33333	144.33333	147.33333	140.33333	128.0	124.333336	125.333336	132.66667	144.0	157.0	166.33333	170.66667	163.66667	145.33333	125.666664	129.0	129.0	134.33333	143.66667	151.0	155.66667	160.0	159.66667	152.0	138.0	122.333336	123.666664	126.333336	136.33333	147.0	150.66667	140.33333	112.333336	87.666664	
135.0	139.33333	144.33333	144.33333	145.0	135.0	128.0	129.33333	135.33333	145.33333	151.33333	158.66667	157.33333	157.33333	145.0	137.0	119.666664	121.666664	132.0	143.0	153.33333	157.0	163.0	162.33333	158.0	138.66667	124.666664	129.0	131.0	127.333336	135.0	143.66667	149.33333	140.33333	109.666664	74.666664	
136.0	138.66667	142.0	143.33333	147.0	144.66667	144.0	144.66667	146.33333	145.0	140.66667	140.33333	124.0	126.666664	130.66667	160.0	146.66667	130.0	141.33333	152.33333	161.66667	162.0	161.0	157.33333	155.0	142.33333	135.0	149.66667	144.33333	118.0	134.33333	121.0	112.333336	135.66667	110.333336	61.666668	
135.33333	137.33333	140.0	144.33333	151.33333	155.33333	154.66667	147.66667	141.66667	134.66667	126.0	141.33333	140.0	130.66667	150.0	183.0	162.66667	150.0	163.0	160.0	153.66667	150.33333	147.33333	146.0	145.33333	143.33333	150.66667	166.66667	150.0	126.333336	146.0	133.66667	116.666664	143.66667	117.666664	52.333332	
133.33333	137.0	144.33333	151.66667	160.0	164.33333	163.0	155.0	151.66667	151.33333	145.0	149.33333	163.66667	170.66667	177.33333	173.0	150.66667	144.0	150.0	150.33333	148.0	144.66667	141.66667	144.0	147.33333	148.66667	154.33333	158.0	152.66667	147.66667	157.0	154.33333	143.0	148.66667	125.666664	50.666668	
134.0	136.0	144.0	150.0	161.66667	167.66667	168.0	159.33333	153.66667	159.66667	155.33333	159.33333	167.0	175.66667	179.0	168.33333	149.33333	146.0	152.0	148.33333	142.33333	142.0	146.0	152.66667	156.33333	156.33333	155.0	151.0	148.66667	150.0	159.0	161.0	153.0	151.33333	126.0	53.333332	
134.66667	137.33333	142.0	147.0	158.66667	169.0	170.66667	158.0	146.66667	147.33333	152.66667	162.33333	167.33333	173.33333	174.33333	164.0	154.0	161.0	158.33333	139.66667	139.33333	141.66667	141.0	148.66667	154.33333	153.33333	155.0	158.33333	152.0	152.0	158.66667	161.0	153.0	154.66667	129.33333	57.0	
133.33333	135.33333	137.0	143.33333	151.66667	158.0	163.66667	157.33333	149.33333	137.0	139.33333	152.0	159.66667	166.66667	165.0	157.66667	158.66667	163.33333	153.66667	138.66667	146.33333	147.66667	136.33333	138.0	141.33333	141.33333	149.33333	160.33333	154.33333	147.66667	151.33333	152.0	148.33333	154.33333	140.33333	63.0	
128.0	129.33333	130.66667	138.33333	145.66667	153.0	158.0	153.0	146.33333	138.33333	136.66667	140.66667	146.33333	154.66667	156.33333	152.66667	155.66667	158.33333	153.66667	149.0	155.33333	150.0	136.33333	136.0	140.33333	142.33333	146.66667	160.0	160.33333	150.0	150.0	149.66667	145.66667	149.33333	146.33333	72.333336	
123.666664	126.666664	127.666664	132.33333	138.0	147.0	149.0	154.66667	152.33333	152.0	151.0	155.66667	154.0	152.66667	152.33333	150.66667	153.66667	159.0	156.66667	150.66667	151.33333	141.33333	134.33333	139.66667	150.0	149.66667	147.0	157.0	164.66667	157.66667	155.33333	152.66667	149.33333	150.33333	152.0	82.666664	
118.333336	126.0	126.0	128.0	136.33333	146.0	150.0	160.66667	159.66667	165.0	166.0	165.66667	154.66667	150.33333	156.33333	161.0	159.66667	153.0	145.66667	140.33333	138.0	132.0	135.33333	143.0	157.0	160.66667	158.0	162.66667	167.0	165.0	158.33333	154.66667	155.33333	157.0	151.66667	85.333336	
121.333336	128.0	124.333336	124.0	138.66667	148.66667	159.0	165.0	164.33333	168.66667	162.66667	153.0	154.0	162.66667	166.66667	165.33333	156.0	139.66667	132.0	127.0	125.0	126.666664	136.66667	144.0	159.0	176.66667	173.0	172.0	168.66667	166.33333	162.33333	158.66667	154.0	156.0	147.0	83.666664	
131.66667	135.66667	126.666664	120.666664	139.33333	150.33333	156.66667	161.0	162.66667	159.66667	150.66667	150.0	160.66667	176.0	175.66667	163.33333	144.66667	128.66667	126.0	133.66667	136.33333	136.66667	143.33333	147.0	164.33333	178.66667	172.66667	169.33333	164.33333	165.66667	166.0	166.0	161.0	159.0	146.0	77.0	
135.33333	140.33333	132.0	124.333336	135.66667	149.33333	154.0	157.33333	159.0	155.66667	152.66667	161.0	176.33333	184.33333	173.33333	152.0	141.33333	139.0	130.0	136.0	127.333336	122.333336	134.0	147.33333	161.66667	166.33333	161.0	156.66667	158.66667	165.33333	165.0	165.66667	167.66667	164.0	141.66667	69.333336	
137.0	141.66667	136.66667	128.33333	134.66667	147.0	151.66667	154.33333	156.0	156.0	158.66667	169.0	178.66667	176.33333	158.33333	144.0	157.33333	158.66667	143.0	143.33333	138.0	127.0	121.333336	129.66667	142.0	144.0	142.0	143.0	152.66667	161.0	162.33333	162.33333	166.0	162.0	133.66667	65.0	
137.66667	142.33333	137.0	127.333336	133.0	143.66667	146.33333	149.33333	152.33333	155.33333	161.66667	173.33333	172.33333	162.33333	149.33333	156.33333	172.0	164.66667	158.33333	156.0	158.66667	155.66667	141.66667	128.33333	126.666664	135.33333	145.66667	148.33333	152.66667	156.66667	160.0	161.33333	163.0	157.33333	122.666664	56.333332	
139.0	140.0	137.0	128.66667	135.0	144.0	148.66667	151.66667	153.0	156.33333	162.66667	166.66667	165.0	150.66667	153.33333	170.66667	168.33333	159.66667	155.66667	156.66667	160.33333	163.0	161.0	158.66667	155.66667	154.0	156.66667	156.33333	157.33333	154.33333	155.0	158.0	157.33333	150.33333	107.666664	49.0	
139.0	137.0	136.0	130.66667	138.66667	147.33333	153.66667	155.66667	155.33333	157.66667	162.0	163.33333	156.66667	146.33333	161.0	172.66667	162.0	158.33333	157.66667	163.66667	168.0	170.0	163.33333	168.0	170.0	160.66667	158.66667	157.33333	161.0	155.0	153.66667	158.66667	155.0	145.33333	101.666664	46.0	
138.0	134.0	131.0	128.66667	141.33333	150.66667	156.66667	159.0	157.33333	158.33333	161.66667	162.0	148.0	151.33333	169.33333	175.66667	168.0	163.0	165.33333	169.66667	173.0	174.33333	165.33333	169.66667	170.33333	160.66667	160.66667	158.0	160.33333	155.33333	152.66667	158.33333	155.0	148.33333	100.666664	43.333332	
136.66667	128.0	125.0	124.0	140.0	153.33333	157.33333	161.33333	162.0	162.0	164.66667	162.66667	150.33333	156.33333	169.66667	174.33333	171.0	169.33333	171.0	172.66667	171.66667	167.66667	166.0	172.0	170.0	161.33333	161.33333	156.0	156.66667	157.66667	154.66667	160.33333	157.66667	154.0	99.0	35.333332	
137.0	126.0	121.0	121.333336	139.0	155.33333	157.33333	160.33333	162.0	164.0	167.66667	164.66667	156.0	161.66667	166.33333	162.66667	152.66667	150.33333	148.66667	142.0	137.33333	135.66667	146.66667	153.0	145.0	136.33333	139.0	143.0	149.66667	154.33333	154.66667	163.33333	161.66667	156.33333	96.0	27.333334	
139.0	129.33333	118.0	120.0	140.33333	154.66667	156.0	160.0	161.66667	164.66667	169.33333	164.0	157.66667	165.0	158.33333	141.0	122.0	114.0	113.666664	111.666664	115.666664	118.333336	124.666664	126.666664	122.666664	117.0	113.333336	121.666664	139.0	150.0	157.66667	166.33333	161.0	154.33333	84.666664	22.0	
136.33333	138.0	117.0	111.666664	137.0	151.0	155.0	160.33333	161.33333	164.66667	168.33333	166.33333	158.66667	158.0	148.66667	136.0	129.66667	128.33333	127.666664	130.0	136.66667	137.0	136.66667	138.66667	142.0	142.33333	138.66667	137.0	139.33333	146.66667	160.33333	164.0	156.33333	145.0	67.0	21.333334	
130.33333	140.66667	125.666664	104.666664	126.333336	148.0	153.66667	159.66667	158.0	160.0	165.33333	167.33333	159.33333	152.66667	148.33333	146.33333	151.66667	156.33333	152.33333	151.66667	155.66667	159.33333	155.66667	154.33333	155.33333	153.33333	156.0	155.66667	151.66667	153.66667	162.66667	160.0	150.0	122.666664	44.666668	20.333334	
140.33333	136.0	138.0	109.333336	113.333336	141.33333	156.0	163.0	158.33333	156.66667	159.33333	163.33333	158.0	152.0	150.66667	153.66667	158.66667	161.33333	157.66667	150.66667	147.0	149.0	146.0	146.33333	147.33333	149.66667	155.66667	158.33333	158.33333	159.66667	158.66667	154.33333	144.66667	87.666664	29.0	22.666666	
149.0	143.0	140.0	124.666664	108.0	130.0	154.0	163.33333	157.66667	150.33333	150.66667	157.0	156.0	151.33333	153.33333	158.0	159.33333	159.66667	157.33333	153.0	143.33333	137.0	131.33333	134.66667	141.66667	150.33333	157.33333	156.33333	153.33333	158.0	152.0	145.0	127.0	48.333332	20.666666	24.666666	
139.66667	151.33333	141.0	133.33333	109.0	119.666664	146.66667	158.33333	158.33333	150.33333	143.66667	149.66667	154.0	151.0	154.66667	159.0	158.33333	157.33333	157.33333	155.66667	145.0	138.33333	138.66667	142.0	146.66667	155.0	158.33333	154.33333	155.33333	152.0	146.33333	142.66667	85.0	25.0	19.666666	22.666666	
125.666664	139.66667	140.66667	131.66667	117.666664	111.333336	135.33333	156.66667	163.33333	159.33333	147.33333	142.0	149.0	147.33333	153.0	159.66667	158.0	155.66667	158.33333	155.33333	142.66667	139.0	140.66667	145.0	147.33333	155.0	159.33333	156.33333	156.0	147.66667	139.33333	115.0	42.333332	21.0	21.0	20.333334	
124.333336	125.666664	137.0	128.33333	119.0	109.0	123.333336	147.66667	158.66667	159.33333	152.66667	144.0	145.0	145.33333	150.66667	159.66667	160.33333	153.66667	149.33333	142.66667	137.66667	143.33333	145.66667	146.66667	147.66667	147.66667	151.66667	152.33333	149.33333	143.0	128.66667	69.666664	23.0	21.333334	19.666666	22.333334	
139.66667	128.0	128.33333	128.33333	119.333336	110.333336	112.333336	133.66667	154.66667	156.33333	149.33333	143.0	142.33333	145.66667	153.33333	162.0	161.66667	151.66667	143.33333	139.33333	150.0	158.66667	158.66667	154.66667	154.66667	152.33333	151.33333	150.66667	148.0	134.66667	94.666664	34.333332	21.333334	21.333334	18.666666	22.333334	
197.66667	161.66667	131.0	125.666664	118.666664	113.0	106.0	118.0	141.66667	150.0	142.33333	134.0	134.66667	136.33333	142.0	154.0	158.66667	156.66667	157.66667	157.0	157.66667	156.66667	158.66667	152.33333	152.66667	154.0	153.33333	154.33333	149.33333	103.333336	43.0	21.0	20.666666	19.333334	17.666666	19.666666	
232.0	221.33333	184.33333	141.33333	123.666664	115.0	109.333336	108.666664	125.0	139.0	137.0	126.666664	122.666664	123.0	127.666664	138.66667	150.66667	157.66667	161.33333	158.66667	149.66667	146.66667	148.66667	145.66667	145.66667	146.33333	145.0	146.33333	129.0	52.666668	19.333334	17.333334	18.333334	17.333334	15.333333	16.0	
163.66667	225.33333	234.66667	206.66667	164.33333	127.333336	113.333336	107.666664	116.333336	127.666664	133.66667	128.33333	120.0	116.333336	118.333336	125.333336	143.33333	152.0	150.0	146.66667	142.0	141.0	140.66667	142.0	143.66667	142.66667	137.66667	134.0	91.0	28.0	17.333334	19.0	19.0	18.333334	17.0	17.0	
65.0	134.33333	217.0	240.66667	228.0	180.66667	132.0	115.333336	115.666664	121.333336	127.333336	125.0	117.333336	115.333336	117.333336	117.333336	126.666664	140.0	144.66667	143.66667	141.33333	138.0	134.33333	134.0	135.66667	132.0	127.666664	104.0	42.666668	14.333333	14.333333	16.666666	15.0	14.333333	17.666666	24.0	
