56.333332	48.666668	52.666668	77.0	99.333336	105.666664	110.333336	113.0	114.666664	116.333336	117.333336	116.666664	114.333336	114.0	114.0	110.333336	119.0	119.666664	119.666664	137.33333	156.0	168.66667	174.33333	173.0	172.33333	186.33333	207.33333	191.33333	162.33333	176.66667	190.66667	190.33333	172.0	130.66667	99.333336	81.333336	
60.333332	59.0	69.0	92.0	108.0	109.0	111.0	114.0	115.333336	118.0	119.666664	119.0	117.333336	119.0	119.666664	119.666664	120.666664	124.666664	131.33333	139.33333	151.33333	161.66667	166.33333	171.66667	183.33333	199.33333	209.0	193.0	168.0	170.66667	191.33333	194.0	179.33333	153.66667	125.0	97.333336	
63.333332	66.666664	92.0	107.0	111.666664	111.666664	115.0	116.666664	119.0	121.0	120.0	119.0	118.333336	121.0	120.666664	121.666664	122.0	121.0	130.0	139.0	147.33333	151.0	157.33333	167.66667	178.66667	205.66667	211.33333	188.66667	170.0	171.0	182.0	190.66667	179.66667	156.0	140.0	104.333336	
64.333336	76.0	102.333336	111.666664	113.333336	114.666664	116.333336	118.333336	120.333336	120.333336	120.333336	119.666664	118.666664	121.0	121.333336	121.0	122.0	122.666664	131.33333	140.0	144.33333	148.66667	153.33333	163.33333	164.0	194.33333	219.33333	198.0	170.33333	180.66667	181.66667	194.33333	194.33333	160.66667	141.0	114.666664	
69.666664	91.0	106.333336	111.666664	114.0	116.0	116.0	117.0	120.333336	121.666664	118.666664	116.666664	117.666664	120.666664	121.333336	121.333336	122.333336	126.666664	135.33333	142.66667	146.0	153.0	157.33333	158.66667	158.33333	190.66667	222.0	211.33333	177.0	176.66667	190.0	193.66667	193.0	176.66667	159.66667	130.0	
83.666664	101.0	108.333336	110.0	113.0	113.666664	114.666664	115.333336	119.0	120.333336	117.666664	115.0	115.666664	118.333336	120.0	121.0	121.333336	126.0	135.0	140.66667	145.0	155.66667	158.33333	156.33333	163.0	191.0	219.33333	216.0	182.33333	164.66667	194.0	202.66667	192.33333	181.33333	178.66667	134.0	
95.333336	103.0	106.333336	108.333336	112.0	113.0	112.333336	115.333336	117.666664	118.666664	116.333336	112.666664	113.666664	115.0	119.0	121.666664	123.0	127.0	128.66667	128.33333	132.0	138.66667	145.33333	151.33333	161.66667	185.0	216.0	219.0	194.66667	160.66667	188.33333	202.66667	196.33333	184.66667	179.0	141.66667	
99.666664	102.666664	106.0	107.0	111.333336	112.666664	112.666664	115.666664	118.0	116.666664	114.0	111.666664	113.0	116.0	119.333336	119.333336	117.666664	113.0	105.333336	98.666664	95.666664	95.0	98.666664	123.333336	149.0	174.0	204.66667	217.0	204.66667	174.0	184.33333	196.66667	195.0	189.33333	171.66667	149.66667	
99.333336	102.0	106.666664	109.333336	111.333336	112.0	114.666664	116.666664	117.333336	113.666664	114.0	113.333336	114.333336	114.666664	112.333336	104.0	84.666664	65.333336	55.666668	55.333332	65.0	68.666664	68.666664	76.333336	104.0	138.33333	184.0	205.33333	206.0	196.66667	186.66667	197.0	193.66667	192.33333	172.33333	152.33333	
98.0	103.666664	108.333336	110.333336	111.333336	112.0	114.0	118.0	118.666664	117.666664	116.0	115.666664	116.333336	110.0	104.0	89.0	62.666668	47.666668	47.333332	48.666668	55.0	63.666668	69.0	71.0	77.666664	98.333336	153.0	195.33333	201.0	206.33333	198.66667	200.33333	193.0	187.0	171.0	156.33333	
99.333336	105.0	109.666664	112.666664	112.0	112.333336	114.666664	120.0	121.333336	119.666664	118.0	116.666664	113.666664	103.333336	92.333336	78.0	61.333332	52.0	51.333332	56.333332	63.333332	75.333336	86.333336	91.333336	89.666664	95.0	135.66667	182.0	200.0	205.33333	202.66667	204.33333	195.0	181.66667	158.0	154.66667	
102.0	105.0	104.666664	103.0	98.0	96.666664	104.666664	110.666664	114.0	113.666664	112.0	111.666664	106.666664	94.0	80.666664	65.666664	54.666668	50.0	48.666668	49.0	56.333332	62.666668	68.0	80.333336	96.0	97.666664	116.666664	154.66667	188.0	202.0	196.66667	201.66667	199.0	178.33333	152.33333	149.33333	
98.666664	92.333336	78.333336	61.333332	57.0	62.666668	77.0	91.333336	99.0	104.333336	105.333336	108.333336	99.666664	83.666664	70.333336	59.666668	59.666668	63.666668	61.666668	52.666668	41.0	38.333332	43.0	54.0	73.333336	97.0	104.666664	128.66667	166.0	189.66667	188.0	196.33333	204.66667	182.0	154.33333	152.33333	
73.666664	62.333332	46.0	38.0	41.333332	49.666668	60.666668	71.333336	83.333336	98.666664	108.333336	113.0	104.0	84.666664	69.0	61.333332	64.666664	70.0	63.0	59.333332	41.333332	41.333332	52.333332	61.666668	45.666668	64.666664	99.333336	114.666664	141.0	168.0	176.66667	192.0	201.33333	191.33333	151.66667	150.66667	
55.333332	47.0	39.666668	41.333332	46.333332	49.333332	50.666668	54.666668	64.0	88.0	112.666664	119.333336	113.333336	92.0	76.666664	71.666664	75.333336	70.666664	68.666664	83.666664	57.666668	52.333332	68.666664	83.333336	69.666664	61.333332	81.333336	106.333336	123.333336	145.33333	162.33333	181.0	195.66667	198.33333	162.33333	147.66667	
51.0	49.666668	53.666668	54.333332	48.333332	46.0	48.666668	53.333332	55.0	71.333336	105.333336	118.666664	113.0	95.0	86.0	90.333336	90.666664	80.0	79.333336	83.666664	80.666664	79.0	86.0	96.666664	99.333336	91.666664	90.0	95.0	113.0	127.666664	146.33333	170.33333	192.33333	202.0	180.0	150.33333	
62.333332	70.0	62.333332	51.333332	47.0	50.333332	59.666668	63.333332	67.333336	70.666664	97.0	113.333336	114.333336	99.666664	92.333336	97.0	99.666664	91.666664	85.333336	84.666664	86.333336	85.0	87.0	97.666664	106.0	109.666664	108.666664	109.0	112.0	126.333336	143.66667	167.0	190.66667	206.66667	201.66667	166.0	
77.333336	69.666664	49.333332	37.666668	32.0	35.666668	53.666668	62.333332	75.666664	84.0	95.666664	110.666664	115.666664	105.666664	96.0	93.333336	93.666664	91.333336	92.0	95.0	100.666664	103.0	103.666664	107.333336	114.333336	118.333336	117.0	119.333336	122.666664	128.33333	143.0	167.0	189.0	205.33333	210.33333	195.66667	
76.333336	56.0	41.666668	52.333332	39.333332	43.333332	65.333336	73.0	78.333336	88.333336	95.333336	109.666664	117.666664	112.666664	104.0	99.0	94.666664	92.666664	93.666664	97.666664	104.0	110.333336	115.0	118.333336	122.333336	124.333336	124.666664	125.0	129.33333	135.33333	148.33333	173.33333	192.0	195.66667	203.66667	210.0	
72.666664	45.333332	47.666668	73.0	65.666664	75.333336	81.333336	82.0	84.0	84.666664	95.666664	105.333336	118.666664	131.66667	121.0	110.333336	108.333336	106.0	105.0	103.333336	104.333336	110.666664	117.0	119.666664	124.666664	127.333336	130.0	130.66667	134.33333	142.0	158.0	183.33333	189.66667	184.66667	190.33333	204.66667	
72.333336	53.0	68.666664	80.666664	80.0	79.333336	81.333336	83.666664	83.333336	85.666664	93.666664	104.333336	119.333336	139.0	139.66667	125.0	117.0	114.0	117.0	116.333336	111.666664	111.333336	113.666664	115.0	120.666664	125.666664	130.66667	131.33333	135.66667	148.66667	169.0	186.66667	180.66667	178.33333	183.33333	196.0	
77.333336	67.333336	80.0	83.666664	82.666664	86.333336	89.666664	89.0	90.666664	90.333336	94.333336	108.333336	120.0	131.33333	139.0	136.66667	125.333336	116.666664	117.666664	118.0	117.0	115.666664	116.666664	115.333336	119.333336	125.0	127.333336	127.0	133.33333	154.0	179.0	183.0	173.33333	171.66667	178.33333	191.0	
78.333336	77.333336	87.666664	92.666664	95.333336	93.333336	94.0	97.0	97.333336	91.333336	98.666664	110.666664	117.666664	126.666664	141.33333	142.66667	124.333336	113.0	115.666664	118.0	120.333336	118.333336	118.666664	120.333336	123.333336	125.0	125.666664	127.0	136.0	154.33333	176.66667	177.33333	172.66667	175.0	181.66667	187.33333	
83.333336	85.666664	94.666664	100.666664	99.0	95.0	99.333336	101.666664	96.666664	92.666664	100.333336	110.666664	114.666664	130.0	144.66667	128.66667	112.666664	107.0	104.666664	112.333336	118.666664	119.666664	121.333336	123.333336	125.0	126.333336	124.666664	129.33333	141.66667	158.0	173.66667	176.33333	173.0	176.66667	184.0	186.0	
93.333336	94.0	99.666664	100.666664	98.0	102.333336	104.666664	102.0	93.0	94.666664	102.333336	112.666664	118.666664	126.0	138.33333	123.666664	117.0	121.0	100.333336	95.666664	108.0	116.0	119.666664	122.0	121.0	122.0	123.666664	128.33333	142.33333	160.33333	177.33333	176.66667	175.33333	172.0	177.0	181.0	
97.333336	99.333336	100.0	100.0	101.0	106.666664	105.666664	99.0	90.333336	96.0	104.0	111.666664	115.666664	115.333336	121.333336	113.333336	98.666664	103.666664	95.0	87.333336	91.0	101.333336	112.0	118.666664	119.666664	118.666664	120.333336	129.66667	142.33333	160.66667	176.33333	181.33333	179.33333	179.0	182.33333	183.66667	
97.666664	100.666664	101.666664	103.666664	105.0	107.0	102.666664	95.333336	91.333336	93.0	93.666664	98.0	96.0	93.333336	85.0	61.666668	43.666668	61.333332	76.666664	88.0	87.666664	87.666664	98.0	107.333336	114.0	113.333336	115.666664	122.333336	136.0	156.33333	178.0	185.0	184.33333	181.66667	181.66667	184.33333	
99.333336	102.0	104.333336	108.333336	108.0	107.0	97.666664	85.333336	71.333336	56.333332	62.333332	71.666664	71.0	67.0	56.333332	50.666668	62.666668	68.666664	82.333336	98.0	99.0	91.0	91.333336	99.0	107.333336	109.0	111.666664	117.333336	131.0	157.0	176.0	185.66667	180.66667	177.33333	185.33333	185.66667	
98.333336	101.666664	104.666664	109.0	108.333336	103.0	89.0	73.666664	56.666668	38.333332	48.333332	56.0	50.666668	50.333332	55.666668	74.333336	86.333336	91.0	98.333336	104.0	103.666664	98.333336	92.666664	94.0	99.666664	102.333336	104.666664	111.0	125.0	147.0	165.33333	176.0	177.66667	177.33333	177.66667	178.0	
93.666664	99.666664	104.666664	107.666664	106.666664	99.0	82.666664	71.0	66.333336	59.666668	60.666668	57.333332	53.333332	56.333332	69.666664	82.0	87.0	90.333336	98.0	102.0	101.0	100.666664	97.0	95.0	95.333336	98.333336	101.0	105.0	114.0	136.33333	156.0	169.66667	171.0	173.33333	174.66667	177.0	
91.333336	97.333336	102.666664	104.333336	101.0	93.0	80.333336	79.666664	83.0	80.333336	72.666664	68.0	69.333336	74.333336	77.333336	79.666664	79.333336	84.666664	89.666664	93.333336	93.0	96.0	92.0	95.666664	97.0	96.0	98.333336	100.333336	104.0	120.0	140.66667	157.66667	165.33333	167.33333	167.66667	169.0	
90.666664	95.666664	97.333336	97.333336	94.666664	87.0	80.333336	86.333336	87.333336	78.333336	73.0	74.666664	75.0	76.666664	78.0	84.0	84.666664	85.0	84.666664	84.0	85.0	87.666664	85.0	87.666664	95.333336	97.333336	98.0	97.0	98.666664	108.666664	127.0	143.33333	154.66667	158.66667	160.33333	161.0	
87.0	93.666664	93.666664	91.666664	89.333336	83.333336	82.333336	88.0	84.0	73.0	75.333336	80.0	83.0	80.333336	83.666664	94.666664	93.333336	90.666664	89.333336	86.333336	83.666664	81.666664	78.666664	79.333336	85.0	94.333336	98.0	97.0	101.333336	104.333336	115.333336	132.33333	142.33333	145.66667	150.33333	155.66667	
85.333336	91.0	90.0	86.666664	85.0	82.333336	85.0	84.333336	76.666664	75.333336	80.666664	83.666664	84.333336	82.333336	78.333336	76.0	74.666664	75.0	77.0	80.0	82.0	81.0	75.666664	72.333336	76.0	88.0	96.333336	99.0	102.333336	101.0	108.333336	124.333336	136.33333	136.0	142.33333	148.66667	
86.333336	87.666664	88.666664	84.333336	83.666664	82.333336	85.0	80.333336	72.666664	75.666664	70.0	67.333336	65.0	63.666668	56.333332	51.666668	51.333332	49.0	52.0	54.333332	54.333332	61.666668	64.333336	64.333336	71.333336	79.666664	93.666664	99.333336	104.666664	98.0	99.0	114.333336	127.0	128.33333	134.66667	144.66667	
92.333336	86.666664	86.666664	83.0	83.333336	84.333336	83.333336	76.666664	70.333336	65.666664	58.666668	47.666668	44.333332	46.666668	43.666668	36.0	31.666666	24.333334	24.666666	27.666666	28.0	33.666668	45.333332	59.333332	66.666664	77.0	91.666664	100.0	104.333336	95.333336	92.666664	106.0	116.333336	119.0	124.333336	131.66667	
101.666664	90.0	85.333336	81.666664	82.0	83.666664	79.333336	72.0	65.0	52.333332	42.666668	33.333332	32.0	28.0	25.333334	21.333334	23.666666	27.0	31.333334	38.666668	46.666668	58.0	72.0	79.666664	71.0	72.666664	86.666664	99.0	101.333336	92.333336	88.333336	100.333336	110.333336	111.333336	119.333336	118.666664	
110.666664	90.666664	86.333336	82.333336	84.333336	87.333336	80.333336	71.0	63.333332	46.0	29.333334	18.666666	18.666666	29.666666	36.0	38.0	45.666668	54.333332	62.333332	75.333336	82.0	85.333336	86.0	84.666664	78.0	72.0	80.666664	95.333336	99.666664	86.666664	86.666664	99.666664	104.666664	102.666664	111.333336	109.666664	
131.66667	90.0	85.666664	82.0	82.333336	87.333336	83.333336	72.333336	61.0	48.0	36.666668	28.0	42.666668	68.0	76.666664	77.666664	82.0	87.333336	88.0	89.0	89.666664	90.333336	88.0	86.0	81.666664	75.333336	80.0	92.666664	96.0	85.0	87.0	97.666664	98.333336	97.666664	102.333336	99.0	
166.0	109.666664	117.0	88.666664	79.666664	84.333336	85.0	71.666664	61.0	67.0	69.333336	70.333336	78.666664	85.333336	90.333336	91.666664	93.0	92.666664	85.666664	80.333336	84.666664	85.666664	84.0	85.333336	82.333336	77.0	79.0	90.333336	92.666664	81.333336	87.0	97.0	95.333336	93.333336	95.333336	90.666664	
233.66667	220.33333	209.0	110.0	78.666664	80.333336	86.333336	75.333336	64.333336	72.333336	75.333336	82.333336	88.0	88.0	86.333336	82.333336	77.0	69.0	68.0	72.0	78.666664	81.666664	83.0	86.333336	84.666664	81.333336	82.0	89.666664	90.333336	83.333336	90.0	97.0	92.333336	88.333336	87.0	86.666664	
246.33333	246.0	238.0	145.0	79.666664	77.333336	82.666664	78.333336	73.666664	76.333336	77.333336	75.0	73.0	68.666664	60.666668	56.0	54.0	57.333332	66.0	74.0	79.666664	83.666664	87.333336	91.0	87.333336	85.666664	85.666664	91.0	90.0	85.0	91.0	94.666664	89.666664	86.333336	86.666664	88.333336	
246.66667	247.0	246.0	189.0	92.0	76.333336	77.333336	78.333336	79.0	76.666664	74.666664	71.333336	64.666664	58.666668	55.0	54.333332	60.666668	68.0	75.666664	82.333336	84.333336	88.0	91.666664	93.666664	88.333336	89.666664	91.333336	93.0	87.666664	84.666664	90.666664	93.666664	88.333336	85.666664	88.0	92.333336	
247.66667	247.66667	246.66667	222.33333	117.0	75.333336	72.333336	75.666664	80.333336	77.333336	73.666664	72.666664	69.333336	67.0	65.666664	65.333336	72.333336	79.666664	85.333336	89.333336	90.666664	94.333336	93.333336	89.0	88.666664	94.333336	94.0	95.0	88.333336	84.333336	88.333336	89.0	86.0	86.333336	90.333336	93.666664	
247.66667	247.33333	247.0	243.0	166.33333	81.666664	71.0	70.333336	78.0	79.0	77.0	75.0	74.333336	75.333336	76.666664	81.333336	84.333336	90.333336	92.333336	94.333336	95.333336	96.0	88.666664	87.333336	91.666664	94.0	91.0	91.0	84.0	79.333336	82.666664	84.333336	83.666664	86.0	90.666664	94.0	
247.66667	247.33333	248.33333	248.33333	213.66667	102.666664	72.333336	67.0	74.333336	80.666664	81.0	80.0	79.0	79.666664	84.666664	90.0	88.333336	92.0	93.333336	94.333336	90.0	88.666664	87.333336	90.333336	91.333336	91.0	88.666664	84.333336	78.666664	74.333336	77.333336	84.666664	84.333336	85.333336	90.0	93.0	
249.0	249.0	249.0	249.0	241.33333	155.33333	79.0	71.0	68.666664	77.666664	79.0	84.333336	84.0	81.666664	85.0	87.666664	81.333336	88.0	90.0	88.666664	84.666664	81.0	81.0	83.333336	82.666664	82.333336	81.333336	79.666664	76.0	71.666664	77.0	85.333336	84.333336	85.333336	88.666664	93.333336	
248.0	248.33333	249.0	249.0	249.0	212.66667	103.666664	75.333336	68.0	69.666664	76.0	80.666664	81.666664	80.333336	82.666664	83.333336	80.333336	79.0	72.333336	70.333336	75.0	74.666664	75.0	76.333336	75.0	74.0	73.333336	74.333336	73.0	71.666664	77.333336	84.0	84.333336	84.0	88.333336	96.0	
249.33333	249.33333	249.33333	248.66667	248.0	235.66667	133.66667	77.0	71.666664	66.0	72.666664	76.333336	76.333336	76.666664	76.0	76.0	72.0	63.666668	56.666668	55.666668	60.0	64.666664	65.666664	68.333336	67.0	68.0	68.333336	69.0	69.666664	71.666664	77.0	84.333336	86.666664	87.666664	89.333336	92.666664	
