76.0	73.666664	65.0	61.0	49.0	38.0	30.666666	29.666666	34.333332	31.666666	48.0	67.333336	77.333336	91.666664	112.666664	97.0	84.0	90.666664	84.666664	71.333336	78.333336	108.333336	140.33333	141.0	119.333336	100.666664	95.0	83.333336	77.666664	61.666668	59.333332	63.333332	58.0	53.0	47.0	46.333332	
89.333336	69.0	46.0	38.0	35.666668	30.666666	27.0	33.0	41.0	40.666668	68.333336	85.333336	91.0	108.666664	114.666664	110.0	101.666664	93.666664	82.0	83.333336	100.666664	137.0	151.0	154.66667	144.66667	114.333336	94.333336	82.333336	69.666664	67.0	60.666668	58.0	51.333332	51.0	49.666668	52.333332	
80.666664	61.666668	43.0	34.666668	27.666666	23.0	29.666666	39.0	43.0	55.333332	85.333336	91.333336	103.333336	125.0	125.0	127.0	98.333336	87.666664	88.333336	95.666664	130.33333	150.33333	154.66667	156.66667	152.66667	129.33333	98.333336	92.666664	70.666664	61.666668	64.333336	58.333332	49.333332	50.666668	49.333332	42.333332	
60.666668	50.0	37.0	29.666666	22.333334	23.666666	33.333332	40.333332	47.666668	73.333336	94.333336	88.0	107.333336	118.333336	113.666664	105.0	86.333336	98.0	114.333336	113.666664	145.33333	153.0	155.33333	155.0	159.33333	148.66667	119.333336	98.666664	82.0	57.0	59.333332	61.333332	61.0	61.0	65.0	52.333332	
63.0	50.333332	32.0	25.333334	25.0	30.666666	38.0	42.666668	60.0	91.666664	99.666664	98.333336	106.0	112.333336	117.0	119.666664	117.666664	134.66667	138.66667	127.666664	155.66667	159.66667	159.66667	160.66667	161.33333	154.33333	139.66667	112.0	92.666664	69.333336	52.333332	47.0	51.0	55.666668	53.0	54.666668	
41.0	41.666668	28.333334	22.666666	28.333334	37.0	43.0	53.666668	75.333336	89.666664	97.0	119.666664	134.0	143.0	143.66667	148.66667	143.0	153.0	148.33333	144.66667	162.0	163.66667	167.0	167.0	159.33333	154.33333	145.66667	122.666664	94.333336	78.333336	57.0	44.666668	41.666668	50.666668	46.0	35.666668	
21.333334	25.333334	25.666666	27.333334	31.666666	38.333332	52.0	64.333336	70.666664	63.666668	71.333336	85.666664	96.666664	113.0	136.33333	148.33333	148.0	154.33333	149.33333	158.0	167.0	166.66667	173.0	169.66667	160.0	154.33333	149.33333	138.66667	115.333336	92.333336	69.0	49.666668	39.666668	49.666668	52.0	37.333332	
22.333334	26.333334	27.333334	27.333334	32.333332	45.0	64.0	74.0	77.333336	68.666664	68.666664	64.0	65.666664	71.0	91.333336	128.33333	142.0	151.33333	151.0	162.0	165.33333	164.0	164.0	155.0	141.33333	132.33333	130.33333	125.333336	113.0	95.333336	76.666664	63.666668	43.666668	37.333332	52.333332	50.666668	
12.0	15.0	19.666666	23.666666	36.666668	55.0	71.666664	90.333336	102.666664	101.333336	98.666664	94.333336	89.333336	85.333336	86.333336	109.666664	121.333336	134.66667	143.0	157.0	159.0	154.33333	136.66667	112.0	89.333336	75.666664	72.0	72.0	74.0	71.0	64.333336	67.333336	60.666668	43.666668	41.0	43.666668	
12.333333	11.666667	16.0	28.333334	46.666668	74.666664	96.666664	117.666664	127.666664	127.0	122.0	117.666664	112.333336	110.666664	107.0	109.666664	116.333336	138.66667	151.66667	156.66667	154.0	142.0	118.666664	92.666664	75.333336	64.666664	57.333332	54.666668	57.333332	62.666668	64.333336	59.333332	63.666668	64.0	44.333332	39.333332	
12.333333	10.333333	15.666667	37.333332	65.333336	101.0	113.333336	121.333336	124.0	114.333336	110.666664	107.333336	105.666664	101.666664	106.0	111.0	124.666664	146.33333	156.66667	159.66667	149.0	131.66667	117.0	106.333336	95.666664	92.666664	90.333336	88.333336	86.0	86.0	85.333336	74.333336	61.666668	69.333336	57.666668	45.333332	
14.333333	11.333333	35.666668	66.666664	77.666664	94.0	82.666664	81.333336	103.333336	100.666664	115.0	133.0	138.66667	127.0	111.0	111.333336	122.0	140.33333	156.0	156.66667	145.66667	128.33333	115.0	105.333336	100.0	101.333336	105.333336	113.333336	121.333336	125.666664	125.0	118.0	92.0	73.0	64.666664	48.0	
28.0	34.333332	78.0	92.333336	88.333336	85.0	77.0	63.666668	49.0	38.333332	46.666668	66.666664	89.333336	111.666664	123.0	115.333336	119.0	137.33333	156.66667	152.0	137.66667	119.333336	103.333336	96.0	92.0	91.0	95.666664	97.666664	99.333336	107.666664	120.0	123.0	114.333336	90.0	69.0	53.0	
30.0	50.0	97.666664	101.333336	95.333336	92.666664	86.0	53.666668	26.333334	24.0	18.0	23.666666	35.333332	52.333332	74.0	94.0	115.333336	141.0	161.0	152.66667	128.33333	108.0	94.333336	100.333336	119.666664	129.66667	126.333336	122.333336	116.666664	97.666664	95.0	105.333336	112.666664	104.333336	80.666664	63.0	
24.666666	60.333332	103.666664	112.0	109.0	104.333336	92.0	65.666664	55.0	44.333332	19.0	19.666666	31.0	39.333332	54.0	65.666664	105.333336	146.33333	167.0	151.33333	121.0	90.666664	71.666664	76.666664	77.0	67.0	56.0	66.666664	77.666664	69.0	67.333336	74.333336	91.333336	98.666664	89.0	74.333336	
27.666666	77.333336	115.333336	122.0	124.0	119.0	108.333336	90.333336	78.666664	70.333336	47.333332	58.0	70.333336	60.333332	59.0	67.666664	89.333336	136.66667	156.0	134.33333	105.666664	65.666664	65.0	70.0	53.0	36.0	19.333334	18.666666	21.333334	25.666666	33.666668	45.0	58.0	74.0	80.666664	79.0	
25.666666	76.666664	124.333336	129.66667	132.66667	128.33333	111.333336	77.666664	53.0	48.666668	54.0	69.0	71.0	65.0	71.333336	66.0	83.666664	133.66667	145.0	122.0	85.333336	67.666664	84.0	71.666664	58.0	56.333332	21.333334	16.333334	23.333334	34.666668	26.333334	30.0	49.666668	66.666664	70.333336	72.333336	
18.0	66.666664	132.0	136.33333	125.333336	102.333336	79.0	67.333336	75.666664	84.333336	93.333336	99.333336	101.666664	100.666664	90.666664	59.0	94.666664	151.0	157.66667	129.33333	77.333336	59.666668	81.0	71.666664	68.333336	70.333336	41.0	29.333334	45.333332	62.0	48.666668	43.666668	54.666668	69.666664	80.666664	69.666664	
15.0	53.333332	126.0	130.66667	104.666664	93.666664	95.0	105.0	110.333336	113.0	111.0	106.333336	104.0	107.666664	111.0	81.0	131.66667	180.0	178.66667	147.66667	87.0	41.0	71.333336	90.0	88.666664	88.666664	77.333336	63.0	57.333332	55.0	58.333332	68.0	79.666664	90.333336	96.333336	74.0	
12.333333	56.666668	125.0	124.666664	111.0	125.0	125.333336	114.333336	108.333336	104.0	100.666664	96.666664	100.0	114.666664	102.666664	104.0	158.66667	183.0	175.0	143.66667	101.333336	53.666668	84.666664	107.333336	110.0	107.333336	100.666664	90.0	81.333336	72.0	64.333336	66.333336	84.333336	104.333336	110.0	95.0	
11.333333	57.666668	125.333336	130.33333	128.0	152.33333	154.66667	130.0	115.0	108.333336	102.0	104.666664	117.666664	108.666664	89.0	126.666664	166.66667	184.0	170.0	131.0	110.333336	76.333336	95.333336	104.666664	110.0	111.0	112.666664	108.333336	100.666664	103.0	102.333336	93.666664	82.333336	92.333336	102.333336	106.666664	
10.0	60.333332	134.33333	127.666664	136.33333	149.33333	157.0	158.66667	150.0	141.66667	132.33333	129.33333	123.0	97.666664	110.0	148.66667	170.66667	182.0	163.33333	127.0	116.0	95.333336	91.666664	109.666664	105.0	102.666664	106.666664	105.666664	106.666664	108.0	109.0	113.0	112.0	109.0	93.0	100.0	
8.333333	54.333332	127.666664	117.333336	119.0	114.666664	111.666664	116.333336	121.0	123.666664	121.666664	111.333336	96.666664	107.333336	138.33333	159.66667	178.0	183.33333	158.66667	126.666664	119.666664	121.333336	92.0	107.333336	107.0	104.333336	109.333336	108.0	108.0	115.666664	127.333336	132.33333	132.33333	125.333336	109.333336	111.0	
8.333333	39.0	111.0	115.0	100.666664	100.333336	106.333336	122.0	131.66667	129.66667	121.333336	128.0	128.33333	127.333336	142.0	163.33333	183.0	182.0	157.0	128.0	112.333336	127.666664	123.333336	101.0	96.333336	111.333336	137.33333	143.66667	131.0	126.333336	126.333336	128.0	131.33333	129.33333	129.0	129.66667	
6.0	31.666666	100.0	119.0	130.0	145.33333	157.66667	166.33333	165.0	161.33333	155.0	150.33333	129.66667	132.66667	149.0	157.66667	174.0	171.0	149.33333	124.666664	107.0	115.0	128.66667	137.66667	123.666664	108.333336	108.0	110.333336	110.333336	113.666664	117.0	125.666664	130.66667	133.0	134.66667	131.0	
4.3333335	34.333332	104.0	115.333336	132.66667	149.0	151.66667	151.0	151.0	153.33333	150.66667	134.33333	122.666664	140.0	142.66667	149.33333	159.66667	155.33333	140.33333	128.33333	126.666664	118.333336	118.333336	141.33333	154.33333	154.66667	148.0	134.66667	121.666664	109.666664	95.666664	91.0	93.0	105.0	114.333336	110.666664	
4.0	37.333332	116.333336	118.333336	125.333336	140.0	141.66667	141.66667	144.0	146.0	136.0	117.666664	121.333336	115.666664	115.0	131.66667	139.33333	135.33333	121.333336	113.0	118.333336	109.333336	107.0	133.66667	150.66667	160.66667	163.33333	158.66667	154.33333	145.0	131.0	108.666664	89.666664	82.333336	85.333336	84.666664	
6.0	38.333332	124.333336	132.0	130.0	137.0	139.33333	141.0	144.66667	138.66667	125.666664	132.66667	136.33333	91.0	65.333336	89.0	108.0	105.666664	80.333336	62.333332	76.333336	83.333336	94.666664	130.0	144.66667	153.0	154.33333	153.33333	150.0	147.66667	139.33333	125.333336	109.666664	94.666664	83.0	77.0	
5.3333335	40.666668	127.333336	141.66667	137.33333	137.66667	139.0	139.66667	140.0	134.33333	140.33333	157.66667	155.66667	118.666664	83.333336	70.0	80.666664	73.0	43.333332	34.333332	57.666668	66.666664	98.666664	139.0	142.0	148.0	147.33333	144.0	143.0	140.33333	132.0	122.666664	109.666664	94.666664	79.666664	71.666664	
4.6666665	40.666668	126.666664	145.33333	139.66667	135.33333	135.66667	135.66667	134.0	140.66667	155.66667	163.66667	164.33333	153.66667	140.66667	118.333336	90.333336	63.666668	49.666668	54.0	70.0	88.0	128.33333	151.66667	147.66667	143.0	142.0	139.66667	136.0	131.0	121.0	111.333336	98.666664	86.0	78.666664	72.666664	
3.3333333	39.333332	126.333336	139.66667	135.66667	130.66667	130.66667	130.0	133.0	146.0	157.33333	163.0	166.66667	167.66667	162.33333	160.0	151.33333	131.66667	116.333336	117.333336	131.66667	143.0	157.33333	160.0	151.33333	139.33333	138.66667	136.33333	130.33333	124.333336	115.0	103.0	89.0	84.0	89.333336	84.666664	
4.0	33.666668	124.333336	134.0	125.333336	123.0	122.0	122.0	131.0	143.33333	151.66667	159.0	167.33333	169.0	167.66667	167.0	166.0	165.33333	160.33333	154.66667	151.0	152.66667	158.33333	158.66667	151.0	134.66667	129.0	128.33333	124.666664	119.333336	110.333336	100.333336	91.666664	94.666664	100.333336	93.0	
4.6666665	24.666666	116.666664	131.0	109.0	104.666664	109.0	114.333336	123.666664	136.66667	146.66667	157.33333	165.33333	166.33333	163.66667	165.33333	166.66667	167.33333	160.0	152.33333	145.66667	145.0	148.0	147.66667	143.33333	125.666664	116.666664	119.0	119.666664	115.333336	107.0	101.333336	99.666664	105.333336	100.333336	86.0	
4.6666665	15.333333	103.666664	137.33333	109.333336	89.333336	95.333336	106.0	104.333336	114.0	129.66667	135.66667	130.33333	121.333336	118.333336	133.33333	148.33333	145.33333	140.33333	144.0	142.33333	139.33333	136.33333	133.66667	127.333336	108.666664	101.333336	109.333336	116.0	116.666664	114.0	110.666664	107.666664	106.666664	93.666664	78.0	
5.0	9.0	80.333336	142.33333	133.66667	109.666664	108.0	115.666664	99.333336	86.666664	86.666664	77.0	67.333336	58.0	61.333332	81.333336	93.0	84.0	81.0	94.333336	109.0	117.666664	119.333336	117.0	111.333336	91.333336	89.666664	103.666664	113.333336	116.333336	116.666664	114.0	108.333336	95.333336	80.666664	74.666664	
5.3333335	5.6666665	56.666668	137.33333	148.33333	140.0	129.0	129.33333	121.333336	112.0	100.666664	94.333336	88.0	70.333336	50.333332	48.0	48.666668	46.333332	39.0	40.333332	53.666668	71.333336	86.333336	92.333336	90.666664	79.333336	95.666664	111.666664	108.666664	110.666664	111.0	106.666664	97.333336	85.0	77.666664	75.0	
4.3333335	5.0	33.333332	118.333336	145.0	145.33333	132.33333	130.0	130.66667	129.33333	122.333336	115.333336	114.333336	114.333336	102.666664	84.0	64.333336	48.0	44.666668	56.333332	66.666664	60.333332	57.333332	60.333332	64.333336	69.333336	105.666664	119.666664	103.666664	95.666664	101.0	97.0	89.0	86.0	82.0	75.666664	
3.6666667	4.3333335	16.0	88.0	139.33333	145.33333	134.0	137.0	138.0	133.0	132.0	115.0	107.666664	113.0	116.666664	117.666664	114.666664	110.666664	108.333336	104.333336	99.333336	94.666664	87.333336	86.0	82.666664	92.0	112.0	109.666664	95.0	86.0	95.666664	95.666664	92.333336	88.666664	81.0	75.0	
3.6666667	3.3333333	8.0	49.666668	123.333336	141.33333	136.33333	142.33333	142.0	137.33333	136.66667	124.666664	108.333336	92.666664	89.0	94.0	102.333336	106.666664	109.0	99.666664	90.333336	84.0	90.666664	100.666664	103.333336	119.666664	116.0	99.333336	94.333336	100.333336	109.333336	106.666664	99.333336	86.333336	76.666664	74.666664	
3.3333333	3.6666667	5.0	20.0	88.666664	129.33333	131.66667	139.66667	145.0	143.66667	141.33333	136.66667	130.33333	113.333336	97.0	83.0	75.666664	75.0	76.333336	74.333336	77.333336	90.333336	107.666664	108.666664	116.333336	131.0	122.0	111.333336	112.666664	116.0	120.0	114.0	97.333336	80.333336	75.333336	75.0	
4.3333335	4.3333335	5.3333335	9.666667	42.0	104.0	121.666664	127.666664	136.0	142.66667	146.0	146.66667	150.0	150.33333	144.66667	135.33333	127.0	121.333336	113.0	104.0	107.0	119.333336	122.666664	113.333336	119.333336	123.0	117.666664	108.333336	107.0	110.333336	112.0	105.0	89.0	81.666664	83.0	74.666664	
3.3333333	3.6666667	5.0	7.6666665	13.333333	54.333332	97.666664	107.333336	125.666664	136.33333	149.0	149.33333	153.0	161.0	164.0	158.33333	152.0	148.33333	145.66667	137.66667	132.33333	130.66667	123.0	114.0	111.333336	109.333336	103.0	96.0	97.0	103.333336	101.333336	95.0	90.666664	91.0	84.333336	51.0	
4.0	3.6666667	5.3333335	7.0	7.0	14.666667	45.0	77.333336	104.0	121.666664	137.33333	143.33333	144.0	152.0	159.0	153.0	144.33333	142.0	141.0	137.33333	135.0	128.0	115.666664	106.333336	97.0	91.333336	85.0	83.666664	90.0	96.0	96.666664	95.0	92.666664	83.666664	60.0	21.666666	
2.3333333	3.0	5.0	6.3333335	6.0	7.0	10.333333	25.666666	75.666664	106.0	117.333336	132.33333	136.66667	139.33333	137.33333	137.33333	136.66667	135.66667	130.33333	121.666664	117.666664	112.666664	102.333336	93.333336	83.666664	81.666664	80.333336	82.666664	87.666664	94.0	96.333336	89.333336	77.0	59.666668	45.0	19.666666	
3.6666667	4.3333335	5.3333335	6.3333335	6.0	5.3333335	6.0	25.666666	111.666664	129.0	100.666664	111.666664	115.333336	119.0	117.333336	124.0	129.66667	125.333336	115.333336	103.333336	104.0	97.333336	89.333336	81.666664	76.333336	79.333336	80.0	83.666664	90.333336	88.333336	80.333336	69.333336	57.0	47.666668	43.0	21.333334	
4.0	3.6666667	4.0	5.6666665	5.3333335	5.3333335	13.333333	85.0	165.66667	121.0	81.0	91.0	104.333336	107.0	103.0	105.333336	109.666664	106.0	100.0	96.333336	97.0	88.0	79.666664	77.333336	76.333336	78.666664	80.666664	78.666664	75.333336	69.666664	64.0	53.666668	46.333332	48.0	44.0	22.0	
4.3333335	4.3333335	4.6666665	3.6666667	4.3333335	7.3333335	51.0	161.66667	158.33333	85.0	64.666664	74.0	81.666664	91.0	92.666664	95.666664	95.333336	93.666664	93.0	90.0	84.666664	78.333336	74.0	76.666664	75.0	71.333336	68.333336	63.666668	61.0	55.333332	49.0	46.0	48.666668	49.0	37.333332	23.333334	
6.0	5.6666665	3.6666667	3.6666667	6.0	19.333334	133.33333	194.33333	132.33333	56.333332	61.666668	77.0	64.0	71.0	81.666664	88.0	88.666664	87.666664	84.333336	81.0	81.333336	78.333336	75.666664	69.0	61.666668	59.333332	57.333332	53.0	49.333332	48.0	48.666668	50.0	49.333332	43.333332	24.333334	43.666668	
6.3333335	6.6666665	3.3333333	5.0	10.333333	68.666664	209.0	200.0	103.333336	32.0	66.333336	87.333336	70.0	64.333336	66.666664	72.333336	80.333336	85.666664	85.0	86.0	85.333336	78.0	65.333336	55.0	52.666668	50.333332	49.0	50.333332	50.333332	51.0	49.333332	49.333332	49.666668	30.666666	24.0	85.0	
