195.66667	178.66667	161.0	158.66667	165.66667	170.66667	169.33333	170.33333	173.66667	179.66667	194.33333	205.0	211.33333	211.33333	211.33333	212.0	210.0	208.33333	211.0	213.33333	211.66667	210.33333	206.66667	207.66667	208.33333	210.33333	209.33333	206.0	200.33333	192.0	182.33333	176.0	171.0	170.0	170.33333	178.66667	
186.33333	171.0	155.0	155.0	161.66667	165.0	170.66667	177.33333	180.66667	184.0	191.66667	200.33333	205.33333	206.66667	209.33333	210.66667	211.33333	212.33333	212.66667	214.33333	211.33333	211.66667	208.33333	205.33333	202.66667	198.33333	199.33333	194.0	188.33333	182.66667	180.0	178.66667	172.0	169.33333	168.33333	172.33333	
178.66667	165.66667	151.0	147.66667	155.33333	163.66667	171.0	174.66667	177.33333	183.33333	191.33333	198.0	200.0	202.66667	206.0	208.0	208.33333	210.33333	214.0	215.66667	213.66667	212.33333	209.33333	209.0	210.33333	203.66667	198.0	190.66667	182.66667	178.66667	174.0	170.66667	168.0	167.33333	163.33333	165.0	
173.0	162.33333	148.33333	144.0	149.66667	157.33333	167.0	171.33333	175.33333	181.33333	183.66667	189.0	195.0	196.66667	198.0	198.0	198.33333	202.33333	204.0	203.0	201.66667	200.0	200.66667	202.66667	202.66667	201.33333	196.0	191.66667	188.0	186.66667	181.0	174.66667	165.0	161.0	162.0	159.33333	
164.33333	153.0	142.66667	143.33333	149.66667	159.0	169.0	174.33333	179.66667	187.33333	192.33333	198.33333	205.66667	208.33333	207.66667	206.66667	204.66667	204.66667	203.0	201.33333	199.33333	200.0	197.66667	198.33333	198.66667	196.33333	187.0	184.33333	181.0	177.0	177.66667	177.66667	167.0	159.33333	161.0	160.66667	
159.66667	148.0	141.0	140.66667	144.66667	153.66667	157.66667	163.33333	171.0	180.33333	190.0	197.33333	204.33333	208.33333	208.33333	204.33333	197.33333	193.66667	195.33333	200.0	204.33333	207.66667	207.66667	206.66667	206.0	205.0	201.66667	196.66667	193.0	188.0	184.0	170.0	160.66667	160.0	158.0	157.0	
157.33333	146.33333	140.33333	137.33333	143.33333	148.0	158.0	173.33333	182.66667	191.66667	196.66667	201.0	207.66667	209.0	206.33333	203.33333	200.33333	196.66667	195.66667	196.66667	199.66667	203.66667	206.33333	210.66667	213.66667	211.33333	206.0	199.0	192.33333	182.33333	181.66667	172.33333	159.33333	150.0	148.33333	151.33333	
135.33333	131.66667	128.33333	130.66667	136.66667	147.0	164.0	177.33333	187.0	193.66667	197.33333	199.66667	208.33333	215.0	216.33333	216.66667	215.33333	215.33333	215.66667	214.33333	214.0	212.33333	213.33333	214.66667	213.33333	205.0	196.33333	191.33333	190.0	186.0	174.66667	169.66667	160.33333	143.33333	141.0	141.66667	
119.666664	119.666664	122.666664	126.333336	134.33333	160.0	172.66667	176.0	184.66667	189.66667	199.0	202.33333	201.0	206.33333	214.0	219.33333	216.33333	212.33333	214.33333	216.0	218.0	216.33333	214.0	209.0	202.66667	204.66667	206.33333	207.0	203.33333	201.0	186.66667	167.33333	156.0	142.66667	140.33333	142.0	
117.0	119.666664	126.0	132.33333	144.66667	162.0	152.66667	143.0	153.33333	169.0	180.33333	190.33333	198.0	204.66667	209.33333	212.0	213.33333	208.66667	207.33333	205.33333	208.0	211.33333	211.33333	206.33333	203.0	207.33333	204.0	201.66667	194.33333	189.0	181.0	175.66667	162.33333	142.33333	137.33333	141.0	
120.666664	123.333336	128.0	135.0	144.0	141.33333	128.33333	126.666664	138.33333	143.66667	145.66667	155.66667	170.0	186.66667	194.66667	192.66667	197.0	198.33333	201.0	193.0	192.66667	198.0	196.66667	192.33333	188.66667	183.66667	170.66667	162.0	155.66667	156.0	165.0	177.66667	171.0	149.33333	137.33333	140.33333	
126.666664	125.333336	126.333336	131.33333	130.0	129.66667	132.0	134.66667	123.666664	110.333336	108.0	119.0	132.0	146.33333	157.0	166.0	176.33333	178.66667	186.66667	182.66667	174.0	174.0	168.0	157.33333	145.33333	134.0	122.0	120.0	127.333336	136.66667	142.33333	154.33333	158.66667	152.66667	144.0	142.33333	
133.66667	128.66667	126.333336	124.666664	118.333336	124.333336	126.666664	118.333336	101.666664	85.333336	75.333336	84.0	99.666664	111.666664	127.0	144.66667	157.0	164.0	175.66667	178.66667	157.66667	152.66667	142.0	122.333336	106.333336	97.333336	91.0	92.0	104.666664	122.666664	131.33333	131.33333	131.0	135.33333	144.0	146.0	
137.66667	137.0	130.66667	119.666664	105.0	109.333336	107.666664	85.0	72.666664	71.0	70.333336	72.333336	75.0	87.333336	102.0	120.666664	138.33333	157.0	175.66667	177.0	147.0	131.33333	115.0	96.0	84.666664	70.666664	61.333332	63.333332	74.333336	84.666664	98.666664	114.333336	116.333336	122.0	140.33333	148.33333	
137.33333	141.0	135.0	115.666664	95.0	96.666664	87.0	77.333336	93.333336	110.333336	107.333336	93.666664	84.333336	82.0	82.0	90.333336	113.333336	149.66667	176.33333	165.0	127.666664	107.0	92.666664	82.0	73.333336	67.0	75.333336	94.333336	98.666664	81.333336	69.333336	83.333336	100.666664	113.0	134.66667	148.66667	
136.66667	143.66667	141.0	118.666664	95.666664	90.666664	81.0	98.0	118.0	123.666664	115.333336	93.333336	81.0	84.333336	81.333336	74.666664	96.666664	145.0	170.0	157.0	118.333336	91.666664	77.333336	79.333336	79.666664	78.0	94.333336	115.0	127.666664	118.0	86.0	66.333336	85.666664	105.333336	126.666664	148.0	
136.66667	147.66667	148.0	121.333336	97.0	82.333336	79.0	88.0	78.333336	56.666668	45.666668	53.666668	63.333332	67.0	67.333336	60.666668	90.0	153.0	170.0	160.33333	129.33333	86.333336	67.0	71.0	67.666664	72.333336	73.666664	50.666668	56.666668	85.0	95.0	74.666664	80.666664	101.666664	128.66667	151.66667	
132.33333	144.33333	146.66667	121.333336	96.666664	80.333336	77.666664	68.0	70.666664	51.333332	43.333332	61.666668	73.333336	70.666664	67.333336	63.666668	98.0	165.0	193.66667	186.66667	149.0	88.333336	66.333336	70.666664	71.333336	85.0	91.666664	58.666668	49.0	63.0	82.666664	87.666664	89.666664	106.666664	136.0	155.0	
121.333336	139.0	148.66667	136.0	113.333336	101.333336	116.0	111.0	116.0	109.333336	103.666664	120.0	125.333336	121.666664	109.666664	105.666664	131.33333	180.33333	208.33333	203.33333	165.0	117.666664	105.333336	113.333336	118.333336	127.0	130.0	108.333336	101.0	115.0	121.0	119.666664	118.666664	139.33333	157.66667	163.33333	
115.0	128.0	146.33333	148.66667	140.0	128.0	134.33333	126.333336	123.333336	131.0	134.33333	133.33333	127.666664	124.333336	121.333336	126.666664	152.33333	194.66667	218.0	211.0	175.66667	145.66667	131.33333	137.66667	137.33333	134.66667	142.66667	140.33333	133.33333	137.33333	146.33333	150.33333	155.33333	169.33333	168.66667	158.33333	
109.0	120.333336	141.0	156.33333	163.66667	149.33333	130.66667	135.33333	133.66667	132.66667	127.333336	125.666664	120.333336	113.0	122.333336	147.66667	163.33333	202.0	224.66667	214.0	179.33333	170.33333	148.66667	123.333336	126.333336	140.33333	146.0	145.33333	145.66667	147.0	148.0	151.66667	179.33333	185.66667	177.0	155.66667	
107.333336	114.666664	132.66667	156.0	174.66667	169.66667	140.33333	130.66667	140.33333	142.66667	132.66667	119.333336	105.0	118.666664	153.33333	165.33333	162.66667	203.66667	225.66667	213.0	179.33333	176.66667	180.66667	144.33333	112.0	118.333336	136.66667	152.66667	159.0	156.33333	150.0	165.66667	193.33333	187.33333	173.66667	153.66667	
110.333336	112.333336	121.666664	147.66667	170.0	175.33333	157.33333	130.33333	119.333336	112.666664	104.333336	107.0	138.0	171.33333	181.66667	167.0	161.66667	203.0	220.66667	204.33333	171.66667	171.66667	191.33333	191.66667	158.66667	123.0	113.666664	122.0	130.33333	131.33333	150.33333	185.33333	193.66667	178.66667	165.33333	146.0	
110.333336	111.0	111.333336	132.66667	151.0	159.66667	164.0	153.0	126.0	116.333336	137.0	174.0	195.66667	195.0	184.33333	169.0	163.66667	199.66667	212.66667	195.33333	168.33333	174.33333	193.0	204.0	209.0	198.0	176.66667	153.66667	148.0	157.0	175.66667	187.33333	177.66667	162.33333	151.66667	134.0	
111.666664	112.666664	105.666664	118.333336	130.66667	139.33333	151.0	162.33333	172.66667	186.33333	196.33333	198.0	193.66667	174.33333	164.33333	167.33333	174.66667	205.66667	214.66667	200.33333	181.66667	185.0	187.66667	193.66667	204.0	206.66667	207.66667	198.66667	190.0	182.66667	173.66667	171.33333	159.66667	146.0	135.33333	127.666664	
115.0	113.0	107.333336	112.0	120.666664	129.66667	136.66667	153.0	177.66667	190.0	189.66667	187.0	164.66667	140.33333	153.33333	169.33333	181.0	210.33333	220.0	209.33333	194.33333	186.66667	165.0	153.66667	174.0	193.33333	196.33333	192.33333	184.66667	171.0	161.66667	153.66667	140.66667	133.0	130.66667	126.666664	
111.666664	111.333336	112.0	114.0	121.0	134.33333	146.33333	163.33333	179.0	183.33333	184.33333	168.66667	135.33333	149.66667	179.33333	175.33333	187.33333	208.33333	214.66667	211.33333	195.0	184.66667	176.0	144.66667	130.33333	165.33333	182.33333	179.66667	171.33333	163.33333	155.66667	145.66667	134.0	130.33333	131.33333	126.0	
110.0	109.0	116.0	123.666664	125.666664	136.66667	155.33333	169.33333	175.33333	176.0	169.33333	140.66667	117.0	159.0	181.66667	172.66667	186.33333	206.0	209.0	208.0	188.66667	177.66667	187.33333	173.33333	120.333336	121.333336	155.66667	164.66667	162.33333	159.0	155.33333	147.0	134.66667	129.33333	132.0	125.333336	
103.0	104.333336	114.333336	128.33333	132.0	135.33333	152.66667	162.66667	165.33333	162.0	143.66667	110.0	104.333336	134.66667	154.66667	159.66667	178.66667	192.66667	194.0	191.66667	178.33333	167.0	168.33333	150.66667	110.666664	87.666664	122.666664	147.33333	157.33333	156.66667	153.33333	145.0	134.66667	132.66667	134.33333	125.0	
87.333336	101.0	114.0	130.33333	134.66667	136.33333	147.33333	155.0	155.33333	142.66667	117.0	95.333336	123.333336	117.0	108.0	129.0	156.33333	169.66667	171.33333	171.66667	158.33333	135.0	116.0	110.666664	113.333336	86.333336	92.666664	127.666664	149.33333	154.0	153.0	146.66667	137.66667	139.33333	138.33333	121.0	
68.333336	96.666664	112.333336	130.66667	134.33333	133.66667	139.0	146.0	142.0	127.0	101.666664	113.0	148.66667	132.66667	95.333336	94.333336	117.666664	131.33333	133.33333	134.0	116.333336	87.0	79.0	115.666664	152.66667	123.0	81.666664	105.0	134.33333	147.33333	147.66667	147.0	147.0	148.33333	140.33333	117.0	
54.333332	91.666664	105.333336	122.666664	133.0	131.33333	133.0	135.0	125.333336	106.333336	96.333336	132.33333	152.0	143.0	125.666664	107.666664	97.666664	91.666664	91.0	91.333336	86.666664	88.333336	109.666664	141.33333	164.0	150.66667	96.666664	88.0	115.0	134.66667	139.0	141.66667	145.33333	147.33333	134.66667	113.0	
41.333332	83.0	99.333336	116.0	128.66667	124.333336	123.333336	122.666664	110.666664	96.0	104.666664	142.33333	148.0	142.33333	138.0	124.333336	103.333336	85.333336	77.666664	77.0	89.666664	114.0	133.66667	148.66667	159.66667	159.0	120.333336	81.666664	96.333336	121.333336	132.0	133.66667	140.0	143.33333	130.0	111.666664	
29.666666	67.666664	94.0	112.0	123.333336	119.666664	116.0	115.0	109.0	98.0	113.0	135.66667	135.66667	135.33333	137.33333	130.33333	111.333336	92.666664	84.0	84.0	102.666664	125.666664	142.0	149.33333	152.66667	153.66667	133.33333	88.666664	86.666664	108.666664	122.333336	126.0	130.33333	132.66667	124.666664	110.666664	
21.666666	48.333332	81.666664	103.0	115.666664	115.666664	111.0	109.0	107.0	95.0	108.666664	117.0	123.0	128.66667	130.33333	129.0	117.333336	105.333336	100.0	101.333336	112.333336	130.0	141.0	138.66667	137.0	133.66667	120.666664	91.0	78.333336	102.666664	120.333336	123.0	123.333336	122.666664	118.0	105.666664	
19.0	33.333332	71.333336	95.0	108.333336	110.666664	108.0	109.0	109.333336	89.666664	86.666664	90.333336	102.333336	109.0	111.666664	117.333336	115.333336	117.333336	120.666664	119.666664	116.333336	123.0	129.0	127.333336	120.666664	106.333336	94.0	78.333336	74.0	101.0	119.666664	124.333336	121.666664	118.0	112.666664	98.0	
18.0	21.333334	56.0	89.333336	102.666664	106.333336	106.333336	113.0	112.666664	87.0	61.666668	57.333332	62.666668	60.666668	58.666668	68.333336	74.666664	86.0	94.333336	87.333336	76.333336	75.0	75.0	78.666664	79.666664	70.666664	62.666668	62.666668	82.666664	108.0	117.666664	119.333336	115.666664	112.666664	107.0	87.333336	
18.666666	19.0	36.666668	78.666664	97.666664	101.0	98.666664	107.0	115.333336	91.666664	60.0	69.666664	81.0	65.333336	45.0	33.666668	29.666666	40.333332	45.0	39.0	29.333334	26.666666	31.666666	50.333332	69.666664	79.333336	66.333336	64.333336	97.0	116.666664	114.333336	111.0	107.666664	106.666664	95.333336	65.333336	
19.666666	20.333334	23.0	57.333332	89.0	94.333336	91.0	98.666664	111.0	99.333336	72.666664	90.0	106.333336	103.333336	94.666664	78.0	51.333332	36.333332	33.0	32.333332	34.666668	49.0	72.0	91.666664	105.666664	109.333336	87.666664	77.333336	103.333336	117.666664	110.666664	101.666664	98.666664	95.666664	79.333336	42.0	
20.0	18.333334	17.0	36.0	74.666664	87.0	84.333336	90.0	101.333336	101.0	77.0	93.0	109.0	105.333336	111.333336	113.333336	103.666664	87.666664	79.333336	79.333336	89.0	105.666664	113.333336	111.666664	111.666664	115.333336	99.0	83.333336	98.666664	104.666664	97.666664	94.333336	94.0	90.333336	84.666664	39.0	
20.333334	18.666666	18.0	22.0	52.666668	78.0	78.333336	82.0	90.0	95.333336	75.333336	86.333336	105.0	99.666664	102.666664	112.0	121.333336	127.666664	128.0	129.33333	124.333336	119.0	111.0	100.333336	113.0	123.0	111.333336	85.333336	86.666664	88.333336	86.666664	92.0	94.0	92.0	102.0	38.333332	
19.666666	19.333334	19.666666	18.333334	28.666666	65.333336	78.0	76.333336	81.333336	82.0	69.333336	93.666664	108.333336	101.333336	87.666664	86.0	93.0	100.666664	107.333336	106.666664	101.0	94.0	89.333336	101.666664	120.666664	127.333336	120.666664	86.0	75.0	78.333336	79.333336	89.666664	96.0	105.666664	109.666664	31.333334	
20.666666	19.333334	19.666666	19.333334	18.0	44.666668	76.666664	74.0	71.333336	65.666664	63.333332	98.0	112.666664	110.0	96.333336	77.666664	67.333336	63.666668	67.0	67.333336	68.666664	72.666664	86.666664	112.333336	130.0	134.33333	122.333336	83.0	64.666664	69.0	74.666664	87.333336	99.666664	133.33333	96.666664	26.666666	
21.666666	19.333334	19.333334	19.333334	17.0	27.333334	72.333336	77.0	62.0	51.666668	68.666664	109.0	119.333336	117.666664	104.666664	89.666664	76.666664	66.0	61.666668	62.666668	70.333336	84.666664	102.666664	123.333336	140.0	144.66667	129.0	90.333336	59.666668	64.0	75.333336	89.333336	116.666664	147.0	69.333336	25.0	
22.0	20.0	19.0	19.0	16.333334	18.0	58.333332	81.0	62.333332	50.0	74.333336	108.0	119.666664	126.0	127.0	124.0	115.333336	105.0	98.0	95.0	105.0	118.666664	130.33333	138.0	144.66667	143.0	126.0	93.333336	58.333332	62.666668	74.333336	92.0	142.66667	135.0	46.333332	25.666666	
22.0	20.0	19.0	19.0	18.0	15.0	36.333332	76.333336	68.333336	58.333332	64.666664	88.0	110.0	125.333336	137.66667	138.66667	132.33333	125.666664	120.666664	119.666664	122.666664	129.0	138.0	141.0	135.33333	127.666664	102.333336	73.0	53.666668	60.333332	70.0	110.666664	160.33333	104.0	30.0	25.333334	
22.333334	20.666666	20.333334	19.0	19.333334	17.0	21.0	65.0	72.666664	63.0	55.0	61.333332	88.333336	110.0	118.333336	120.0	122.666664	120.666664	116.0	116.333336	120.666664	121.666664	119.0	119.0	111.333336	99.333336	72.666664	56.333332	55.0	58.333332	74.0	138.33333	155.66667	66.666664	25.333334	25.666666	
21.333334	21.0	21.0	19.666666	19.0	17.0	15.666667	48.0	84.0	66.0	50.666668	47.0	59.666668	78.0	82.0	80.666664	83.666664	84.333336	83.0	88.0	96.0	95.333336	92.0	85.666664	79.333336	68.0	55.0	54.333332	59.666668	61.0	102.333336	160.0	126.333336	39.333332	27.333334	25.333334	
22.333334	21.666666	21.333334	20.333334	19.666666	18.0	17.666666	26.0	84.0	99.0	64.0	46.666668	44.666668	53.333332	56.666668	55.333332	55.666668	55.333332	57.333332	62.0	64.666664	62.333332	61.0	60.666668	60.0	52.666668	50.0	55.333332	57.0	79.333336	142.33333	159.66667	90.0	28.0	24.666666	25.666666	
