36.666668	35.0	39.666668	80.666664	136.0	157.33333	167.33333	177.33333	179.33333	181.0	184.66667	186.66667	189.66667	191.33333	193.0	193.33333	196.66667	196.66667	197.0	192.0	189.0	185.0	187.0	184.0	179.66667	172.66667	161.33333	149.66667	143.66667	137.0	128.0	123.0	114.333336	93.0	61.333332	43.0	
47.0	49.666668	57.0	113.0	149.33333	162.0	173.33333	179.33333	180.66667	185.66667	189.66667	191.33333	195.66667	194.33333	195.33333	198.33333	201.66667	201.66667	198.0	190.66667	190.0	186.0	185.0	182.66667	179.66667	175.33333	164.0	152.0	146.33333	140.66667	128.66667	126.0	120.666664	101.666664	68.0	39.333332	
54.333332	48.333332	69.666664	136.0	155.0	167.66667	177.66667	181.0	187.0	192.66667	197.0	197.66667	199.66667	199.33333	198.66667	202.66667	205.33333	203.0	199.66667	195.0	194.0	192.0	186.66667	186.0	184.0	177.33333	169.0	160.33333	150.66667	145.0	133.0	130.66667	127.0	109.0	77.0	36.666668	
48.0	41.0	92.333336	148.66667	163.66667	177.0	187.0	191.33333	197.0	198.0	200.0	200.66667	200.33333	200.66667	201.0	206.33333	208.33333	204.0	199.33333	200.0	199.0	196.0	190.66667	190.0	189.0	180.0	174.66667	170.0	156.66667	150.0	142.33333	136.66667	131.0	112.333336	86.666664	42.0	
38.666668	48.666668	120.666664	157.0	173.33333	183.0	191.0	195.66667	198.0	200.0	202.33333	203.66667	202.33333	201.33333	203.66667	206.66667	210.33333	206.33333	200.33333	198.66667	197.66667	196.0	190.66667	189.66667	188.0	182.66667	182.33333	179.33333	164.66667	153.66667	147.33333	141.0	129.66667	114.333336	92.666664	56.666668	
44.666668	61.0	133.66667	163.33333	179.66667	188.66667	194.0	200.33333	200.33333	202.0	203.0	203.33333	203.33333	200.33333	203.0	205.33333	206.66667	203.66667	199.33333	195.0	192.33333	192.33333	188.66667	186.33333	184.33333	181.66667	181.33333	181.66667	173.0	159.33333	147.66667	142.66667	133.33333	118.333336	97.666664	66.0	
47.666668	72.333336	143.0	169.33333	182.0	191.33333	195.0	201.0	203.0	201.66667	200.0	200.33333	202.66667	201.33333	205.33333	208.0	209.0	206.33333	202.66667	198.66667	192.0	187.66667	183.0	183.0	182.33333	176.66667	176.66667	175.66667	172.66667	163.33333	152.33333	145.33333	129.33333	112.333336	99.333336	67.333336	
48.666668	83.0	144.33333	169.0	183.0	192.0	194.33333	197.33333	199.0	200.33333	201.33333	200.0	198.0	197.0	204.33333	208.0	208.0	207.0	202.0	196.66667	191.66667	188.66667	184.33333	183.0	182.0	177.0	174.0	172.33333	169.0	165.66667	156.66667	147.0	128.0	112.333336	97.666664	69.333336	
53.333332	87.333336	140.66667	170.0	183.0	186.0	189.0	195.0	199.33333	202.33333	203.33333	201.33333	200.0	199.33333	203.66667	207.0	208.33333	208.33333	200.33333	195.33333	195.0	191.33333	187.33333	187.0	185.33333	182.33333	177.0	170.33333	165.33333	165.0	158.33333	144.33333	126.0	115.0	97.333336	72.666664	
57.666668	83.333336	134.33333	169.33333	183.66667	187.66667	189.0	197.33333	203.66667	206.66667	208.0	208.0	207.0	206.66667	209.0	210.0	211.0	210.0	206.33333	207.0	204.33333	197.0	191.66667	188.33333	184.33333	181.66667	177.33333	172.66667	164.0	160.66667	152.33333	134.33333	120.666664	115.666664	98.333336	72.666664	
44.333332	73.666664	125.333336	163.0	183.33333	187.33333	190.33333	196.66667	205.33333	209.66667	214.66667	215.33333	214.33333	215.33333	213.0	212.0	212.66667	214.0	211.0	212.66667	208.33333	199.66667	192.33333	188.0	182.0	179.33333	179.0	175.33333	167.33333	158.0	143.33333	124.666664	118.333336	115.666664	102.333336	78.0	
42.0	68.0	123.333336	157.33333	181.33333	187.0	189.33333	196.66667	204.33333	205.0	208.0	206.33333	207.33333	210.0	208.66667	211.33333	210.66667	212.66667	207.66667	207.66667	201.66667	194.66667	187.0	183.0	177.0	176.0	175.33333	169.66667	166.66667	162.0	145.0	123.666664	118.333336	119.666664	113.666664	96.333336	
39.333332	63.333332	127.0	153.0	171.33333	184.0	188.0	194.33333	195.33333	183.0	165.66667	167.33333	166.33333	179.33333	192.66667	201.33333	200.0	200.0	198.66667	193.66667	174.0	153.33333	141.33333	137.33333	142.0	146.66667	142.0	133.33333	137.66667	149.66667	148.33333	123.666664	112.666664	119.0	118.333336	109.666664	
40.0	63.0	135.33333	152.33333	158.66667	170.0	165.33333	151.0	135.0	116.0	106.666664	117.0	122.666664	147.0	174.33333	187.33333	186.66667	185.33333	186.66667	176.66667	137.33333	105.0	83.333336	68.0	67.333336	73.666664	87.333336	92.333336	98.666664	108.0	116.0	105.0	100.666664	108.0	117.666664	115.0	
44.333332	71.666664	145.33333	147.33333	132.33333	127.666664	120.0	100.333336	73.666664	66.333336	84.333336	103.333336	115.666664	136.66667	163.66667	186.33333	193.66667	191.0	183.33333	162.0	116.0	83.333336	64.333336	52.0	50.0	55.0	72.666664	89.333336	96.666664	85.333336	82.0	85.333336	94.0	103.333336	114.0	115.333336	
51.333332	77.666664	144.66667	140.0	115.333336	121.666664	124.0	120.666664	107.333336	88.666664	84.333336	87.0	107.333336	126.666664	154.33333	183.66667	198.0	196.0	174.33333	140.33333	103.0	80.666664	81.0	78.666664	74.0	82.333336	91.666664	105.666664	111.0	91.0	81.666664	83.666664	90.333336	98.0	111.333336	111.333336	
54.333332	73.666664	142.0	135.66667	114.333336	118.333336	139.66667	152.66667	131.66667	104.666664	81.666664	85.0	111.333336	126.333336	146.66667	173.33333	199.66667	204.33333	177.33333	140.66667	120.0	96.666664	103.0	110.0	88.0	71.333336	66.0	77.333336	85.0	82.0	85.0	84.666664	89.666664	87.666664	85.0	76.666664	
44.333332	61.666668	131.33333	133.0	114.666664	113.333336	117.666664	115.0	89.0	73.0	68.333336	84.666664	102.0	107.0	129.66667	158.33333	171.66667	165.0	136.66667	108.0	102.333336	98.333336	111.0	110.333336	84.0	55.666668	46.666668	70.333336	68.0	54.333332	70.333336	82.666664	69.0	69.0	74.666664	89.666664	
36.666668	43.666668	106.333336	130.66667	122.0	126.333336	91.0	93.666664	75.0	51.0	59.0	92.0	96.0	108.0	103.0	98.333336	119.333336	129.0	115.666664	79.0	74.333336	112.0	119.0	125.666664	106.333336	73.666664	70.333336	87.0	87.0	68.0	71.666664	86.0	90.333336	100.0	101.666664	112.666664	
50.666668	46.333332	70.333336	108.333336	132.66667	134.33333	105.0	114.666664	93.0	76.666664	97.333336	125.333336	129.66667	140.33333	122.333336	99.333336	162.66667	184.0	174.33333	120.666664	65.666664	89.0	99.333336	103.333336	116.333336	117.333336	108.666664	114.0	116.666664	111.666664	110.333336	111.666664	104.666664	114.0	115.0	114.0	
118.666664	84.0	81.0	109.666664	113.666664	129.66667	135.66667	128.66667	140.33333	139.33333	146.0	147.0	148.66667	150.66667	121.0	99.0	174.66667	185.33333	181.0	147.0	67.333336	71.0	83.333336	110.333336	129.33333	132.66667	133.33333	136.33333	135.66667	134.66667	128.33333	127.666664	125.666664	142.0	125.0	114.0	
151.66667	118.666664	100.333336	132.33333	141.0	118.0	117.0	151.0	171.0	171.0	168.0	169.33333	169.33333	169.33333	143.0	127.0	180.33333	182.66667	178.0	153.66667	96.333336	80.0	108.333336	140.33333	146.0	149.0	147.33333	145.66667	142.66667	142.33333	137.33333	126.333336	138.0	144.33333	124.666664	110.0	
137.33333	134.0	117.0	140.66667	161.0	165.66667	142.0	166.66667	190.0	187.66667	177.0	178.66667	185.33333	179.0	152.0	161.66667	183.0	182.33333	171.33333	150.0	120.666664	88.666664	104.333336	146.33333	159.33333	156.0	155.66667	153.33333	149.66667	146.33333	136.66667	139.33333	146.66667	141.66667	124.666664	109.333336	
151.0	155.33333	142.66667	157.0	155.66667	163.33333	160.33333	172.66667	189.33333	187.33333	182.66667	196.33333	191.33333	165.66667	153.66667	174.0	184.0	182.33333	170.66667	147.33333	131.0	106.333336	101.333336	125.0	141.0	144.0	144.0	144.66667	140.66667	140.33333	149.66667	155.33333	149.33333	140.33333	123.0	106.333336	
140.0	167.66667	155.0	162.33333	180.0	163.66667	155.0	157.0	171.66667	180.0	185.0	185.33333	176.0	162.66667	167.0	176.33333	182.66667	181.0	171.33333	149.33333	124.666664	114.333336	107.666664	137.0	155.0	147.0	143.66667	147.66667	153.33333	159.33333	161.66667	154.33333	144.33333	132.0	115.666664	102.666664	
114.0	171.0	159.0	160.0	184.66667	192.0	188.66667	162.33333	144.0	151.33333	162.33333	170.0	167.0	166.33333	168.0	173.33333	181.66667	181.33333	173.33333	154.66667	122.0	103.0	105.666664	141.66667	171.33333	175.33333	173.66667	165.33333	157.0	155.66667	153.33333	142.33333	132.33333	122.333336	109.0	99.666664	
77.666664	164.66667	161.0	155.66667	179.66667	193.66667	204.33333	203.66667	196.33333	191.33333	191.66667	195.0	192.33333	178.0	164.33333	176.33333	194.0	194.33333	182.66667	166.66667	129.66667	101.0	99.333336	125.666664	166.33333	176.0	176.33333	175.33333	171.0	167.0	159.66667	144.0	127.333336	115.666664	103.666664	94.666664	
29.666666	109.0	160.33333	153.66667	172.66667	187.66667	198.66667	202.0	206.0	211.66667	214.33333	208.66667	193.66667	173.0	161.66667	175.0	202.0	201.0	189.66667	165.0	125.333336	97.666664	101.0	101.0	146.0	174.33333	170.33333	172.66667	170.0	163.33333	150.33333	130.0	117.333336	108.333336	101.0	94.0	
14.666667	35.0	131.0	156.33333	165.66667	175.0	187.0	196.66667	203.66667	209.0	208.66667	198.33333	183.33333	168.66667	149.0	146.33333	172.33333	174.0	164.33333	132.66667	87.333336	74.666664	90.333336	92.0	114.0	165.66667	174.0	174.66667	166.66667	156.0	141.66667	116.333336	108.666664	104.333336	100.333336	91.666664	
12.0	11.0	73.333336	145.0	159.66667	167.0	180.0	193.66667	200.0	202.66667	197.0	185.66667	181.33333	169.33333	120.0	99.333336	135.33333	133.66667	120.333336	93.666664	62.666668	58.666668	74.666664	88.333336	104.666664	155.66667	177.66667	176.0	166.66667	154.33333	135.66667	109.0	105.0	102.0	99.666664	90.333336	
9.0	6.0	41.0	132.66667	149.66667	160.66667	173.66667	189.0	195.33333	194.33333	185.33333	180.0	188.66667	182.0	141.66667	133.0	140.0	106.333336	76.666664	70.0	78.0	79.0	79.333336	98.0	124.0	160.66667	173.66667	174.0	166.33333	156.33333	133.0	105.666664	103.666664	105.0	98.0	90.333336	
5.6666665	4.6666665	26.0	122.333336	145.66667	158.33333	167.66667	180.66667	191.66667	191.0	182.0	185.0	190.33333	181.66667	166.66667	157.66667	146.33333	136.66667	109.0	88.666664	91.666664	97.333336	107.0	126.666664	148.33333	165.66667	172.33333	176.0	171.0	159.66667	134.66667	109.333336	102.666664	99.333336	93.666664	88.666664	
4.6666665	5.0	15.333333	101.666664	140.0	152.33333	163.66667	178.0	186.66667	186.66667	181.33333	185.66667	181.66667	175.0	169.0	160.33333	154.0	157.0	152.0	141.66667	134.33333	138.66667	140.66667	146.66667	148.66667	155.0	166.0	171.0	168.66667	159.66667	135.66667	109.333336	100.333336	94.0	86.666664	87.333336	
5.0	5.6666665	8.0	51.333332	117.666664	142.33333	154.33333	174.33333	185.0	182.33333	177.66667	175.33333	171.33333	164.0	162.66667	156.33333	156.66667	158.66667	156.66667	160.0	149.0	144.33333	140.66667	138.66667	137.66667	144.0	156.33333	163.0	164.66667	156.33333	132.33333	106.0	95.0	90.333336	85.333336	86.0	
8.333333	8.666667	9.333333	13.0	70.666664	134.0	146.66667	166.0	179.66667	177.0	167.0	163.0	160.0	157.66667	153.33333	154.0	165.66667	168.0	164.33333	169.33333	157.66667	147.66667	139.33333	135.0	126.666664	132.0	143.66667	153.33333	158.33333	151.66667	128.33333	105.333336	93.0	89.0	86.0	86.666664	
11.0	11.0	11.333333	13.333333	45.333332	123.333336	143.66667	155.0	170.66667	175.0	163.0	153.0	147.0	155.0	159.66667	165.33333	173.33333	172.33333	168.66667	165.33333	155.66667	151.33333	143.66667	136.0	122.666664	125.0	134.66667	143.33333	151.0	146.66667	123.333336	105.333336	93.333336	91.666664	87.0	85.666664	
13.333333	12.666667	12.666667	13.666667	26.333334	105.0	142.0	144.0	160.66667	172.66667	159.33333	139.66667	147.0	151.0	144.66667	140.33333	135.66667	136.33333	137.66667	122.333336	119.0	115.0	108.333336	100.666664	111.0	125.666664	130.0	137.33333	149.0	144.33333	119.333336	102.666664	91.666664	90.666664	86.0	84.333336	
13.666667	14.333333	14.333333	14.666667	17.666666	79.666664	140.66667	144.0	157.33333	172.33333	159.0	139.66667	139.33333	120.666664	100.333336	91.0	83.333336	85.333336	85.333336	76.333336	73.333336	65.666664	63.0	58.0	68.333336	101.666664	119.666664	133.33333	147.0	140.66667	116.666664	97.666664	88.333336	87.666664	82.0	78.0	
12.0	13.0	14.333333	15.333333	16.0	47.666668	125.333336	144.0	149.0	167.0	166.66667	152.66667	153.66667	151.66667	127.666664	102.0	77.666664	76.0	74.333336	73.666664	80.0	79.0	86.333336	99.0	112.666664	130.33333	127.666664	130.0	139.33333	135.0	109.666664	92.0	85.333336	82.666664	77.0	71.333336	
15.0	15.333333	14.333333	13.0	13.666667	24.666666	96.666664	142.33333	142.66667	154.33333	165.66667	165.0	171.66667	171.33333	164.66667	154.66667	140.0	138.33333	133.66667	137.0	140.0	138.66667	147.66667	148.0	145.66667	147.33333	138.0	128.66667	130.66667	127.0	102.0	86.333336	83.333336	80.0	72.666664	65.333336	
16.666666	16.666666	14.0	10.666667	8.666667	11.333333	51.0	129.33333	141.66667	147.33333	163.33333	173.33333	179.66667	172.66667	162.0	158.0	159.33333	160.0	158.0	160.66667	158.66667	148.33333	142.66667	133.66667	137.33333	148.0	142.33333	137.66667	133.0	120.666664	96.333336	81.666664	81.333336	78.666664	69.333336	64.333336	
22.333334	18.666666	14.666667	12.0	9.666667	9.0	19.666666	93.333336	139.66667	140.0	159.0	173.66667	182.66667	178.66667	165.66667	147.33333	137.33333	135.66667	133.33333	126.666664	119.666664	111.666664	108.666664	121.333336	137.66667	143.33333	140.66667	142.0	134.33333	118.333336	90.0	75.666664	77.0	74.333336	67.0	72.333336	
42.666668	31.666666	17.333334	12.666667	8.666667	8.333333	10.666667	58.0	129.66667	136.33333	148.33333	168.66667	180.33333	182.66667	174.66667	159.0	132.0	105.333336	90.333336	86.666664	91.0	97.666664	112.333336	128.66667	139.0	143.0	146.0	138.33333	128.0	110.666664	83.333336	71.666664	71.0	66.666664	68.666664	79.333336	
52.0	37.0	19.0	13.666667	9.666667	8.0	9.333333	50.0	119.333336	133.0	139.0	164.0	174.33333	182.0	184.0	175.33333	163.0	152.0	147.66667	152.0	149.66667	147.0	148.66667	149.0	155.66667	158.66667	150.33333	133.66667	119.666664	99.333336	73.333336	65.666664	62.666668	64.666664	75.666664	81.0	
53.0	39.0	23.666666	34.333332	20.666666	9.0	10.0	40.0	120.333336	120.666664	123.333336	147.0	165.33333	175.33333	187.66667	185.33333	179.66667	178.33333	178.0	176.66667	178.66667	174.0	166.66667	163.66667	166.0	166.66667	151.66667	129.66667	107.333336	83.333336	65.0	60.0	62.333332	71.333336	79.0	81.666664	
53.0	39.333332	27.333334	56.333332	32.0	9.333333	11.0	30.666666	113.0	133.66667	116.333336	121.0	146.0	164.0	178.0	184.66667	176.33333	177.33333	181.0	175.66667	177.33333	174.66667	166.0	162.33333	161.0	155.66667	143.33333	115.666664	88.666664	69.0	60.0	59.333332	67.333336	76.333336	78.0	79.666664	
53.666668	41.0	28.0	53.0	29.333334	9.0	16.333334	36.333332	119.666664	152.33333	142.66667	128.0	125.666664	149.33333	164.66667	174.66667	170.66667	168.66667	171.0	163.33333	166.33333	166.66667	155.0	152.0	146.66667	134.33333	120.666664	91.0	70.0	59.666668	60.666668	68.666664	75.0	77.333336	78.333336	80.0	
56.0	42.333332	27.0	47.0	26.333334	13.666667	28.666666	48.333332	162.66667	190.66667	159.66667	151.0	137.33333	129.0	142.66667	158.0	156.33333	149.66667	145.66667	146.66667	153.33333	147.33333	136.0	129.0	115.333336	105.666664	87.666664	67.333336	60.333332	62.0	70.666664	79.0	80.0	79.333336	79.0	82.666664	
55.0	40.666668	22.666666	37.666668	28.0	26.0	34.666668	64.0	188.33333	225.0	199.66667	162.33333	154.33333	139.33333	122.0	126.666664	129.33333	124.666664	113.0	113.333336	121.0	109.666664	98.666664	85.666664	76.666664	73.0	63.0	57.333332	60.666668	71.333336	80.666664	80.0	80.333336	82.0	83.0	92.666664	
