46.0	49.333332	59.333332	95.666664	145.66667	172.0	185.66667	190.0	192.33333	192.0	191.66667	196.66667	201.0	203.33333	202.66667	199.66667	201.66667	204.33333	201.66667	198.66667	200.33333	205.0	192.33333	172.0	155.66667	150.66667	139.0	123.666664	109.666664	106.333336	107.666664	114.666664	114.333336	114.333336	113.333336	106.333336	
45.0	47.0	63.666668	112.333336	155.66667	176.0	185.66667	189.0	190.66667	190.33333	191.66667	197.33333	201.33333	200.33333	200.33333	202.0	206.33333	209.66667	210.0	208.33333	209.0	211.0	202.33333	180.33333	162.66667	149.33333	137.66667	127.0	114.666664	112.666664	111.0	118.333336	116.333336	115.333336	112.666664	104.333336	
46.0	47.666668	73.333336	128.0	161.33333	175.66667	185.33333	187.66667	189.66667	191.33333	192.66667	195.66667	199.33333	201.33333	201.0	204.33333	209.66667	213.66667	220.0	221.0	218.66667	213.33333	204.66667	190.0	176.0	157.33333	144.33333	136.33333	123.666664	117.666664	114.333336	117.0	117.333336	116.0	111.666664	104.0	
45.333332	50.666668	86.0	137.33333	162.0	173.66667	183.66667	185.33333	187.66667	189.66667	190.66667	193.66667	198.0	200.33333	201.0	206.33333	212.33333	218.33333	225.0	230.0	227.66667	216.66667	208.66667	198.0	186.33333	168.33333	154.66667	147.0	132.0	121.666664	116.0	113.0	113.333336	111.333336	106.666664	100.0	
46.333332	50.333332	90.0	141.33333	160.33333	172.0	180.66667	182.66667	185.33333	187.0	189.0	192.0	194.66667	195.33333	197.0	204.0	211.0	218.0	224.66667	228.66667	229.0	221.66667	214.66667	205.33333	192.66667	181.66667	170.33333	160.0	142.66667	126.333336	119.666664	115.333336	114.0	111.0	106.333336	100.333336	
46.0	48.0	91.0	144.33333	156.66667	168.33333	177.66667	179.66667	182.33333	184.66667	187.33333	189.66667	190.66667	190.66667	192.66667	200.0	207.33333	215.66667	223.33333	225.0	224.66667	223.33333	216.33333	207.33333	198.0	191.66667	185.33333	173.0	151.66667	132.33333	124.0	117.0	111.666664	107.0	101.0	96.0	
45.666668	47.0	95.0	144.66667	154.33333	164.33333	174.66667	176.0	179.33333	181.66667	185.0	187.0	187.33333	188.0	190.0	196.66667	203.33333	210.0	216.66667	218.33333	218.33333	218.66667	212.66667	207.66667	202.66667	198.33333	193.0	179.66667	159.0	138.33333	123.666664	111.333336	106.333336	101.0	90.0	87.666664	
45.666668	48.333332	99.0	144.0	155.0	163.66667	172.66667	173.33333	176.66667	179.0	181.33333	184.0	185.33333	186.66667	188.0	194.66667	200.0	203.33333	206.66667	209.0	211.66667	213.33333	209.66667	207.66667	205.66667	200.66667	194.33333	179.33333	163.0	147.66667	131.66667	113.666664	101.333336	95.0	86.0	77.666664	
44.666668	53.0	105.666664	143.0	154.66667	163.33333	171.0	171.0	174.0	175.33333	176.33333	179.33333	182.0	184.33333	186.33333	192.33333	198.0	201.66667	204.66667	206.33333	209.33333	211.66667	208.66667	205.33333	204.66667	200.0	192.0	177.0	162.33333	152.66667	139.0	121.0	101.333336	83.666664	76.333336	72.666664	
44.333332	56.666668	111.666664	139.66667	150.0	162.66667	168.66667	168.33333	171.33333	172.33333	173.33333	176.66667	180.0	183.0	184.66667	190.0	198.0	203.0	206.33333	207.33333	210.0	210.66667	206.66667	201.0	199.33333	195.66667	185.33333	173.66667	162.33333	151.33333	137.66667	120.666664	101.0	78.333336	65.333336	65.666664	
42.333332	60.666668	110.0	134.0	146.0	160.66667	166.0	167.66667	171.33333	173.0	172.66667	174.0	176.0	179.0	180.0	187.0	193.66667	197.0	201.0	203.66667	203.33333	203.0	202.0	199.0	195.33333	190.66667	179.33333	170.33333	161.33333	150.66667	137.33333	122.0	105.666664	86.666664	67.0	54.666668	
46.333332	61.0	79.333336	105.333336	136.0	153.66667	155.66667	160.33333	163.66667	167.66667	170.0	169.66667	169.0	172.66667	175.33333	181.66667	188.33333	192.66667	197.0	201.33333	201.66667	203.0	204.0	201.33333	193.33333	185.66667	177.33333	170.66667	163.0	153.0	142.33333	128.66667	115.0	102.0	82.333336	59.666668	
48.0	59.666668	61.666668	60.0	86.666664	121.666664	138.33333	150.0	156.0	158.0	160.0	160.66667	161.66667	165.0	168.66667	174.0	180.66667	189.33333	194.0	199.33333	205.66667	208.66667	207.0	201.66667	192.33333	185.33333	178.66667	173.0	164.33333	154.0	147.0	137.33333	127.0	119.666664	106.0	84.666664	
43.666668	63.333332	98.0	77.666664	57.333332	69.666664	98.333336	126.333336	147.0	153.0	154.33333	156.33333	157.33333	155.66667	153.33333	153.66667	159.66667	171.0	176.0	178.33333	183.33333	188.33333	190.66667	190.0	190.33333	188.33333	180.66667	173.66667	163.66667	153.66667	146.66667	140.33333	137.0	130.66667	123.666664	107.666664	
38.0	51.333332	110.0	121.0	97.666664	71.333336	68.666664	91.333336	130.0	148.66667	150.66667	151.33333	150.0	136.66667	115.0	99.0	94.666664	95.666664	98.333336	100.666664	103.666664	109.666664	121.666664	134.0	157.33333	176.66667	175.0	169.33333	166.66667	159.33333	149.66667	143.66667	142.33333	137.33333	133.33333	123.0	
35.666668	43.333332	94.0	115.0	113.333336	103.666664	91.0	84.0	112.666664	141.66667	151.33333	151.33333	143.0	119.0	86.666664	68.333336	59.333332	49.0	45.333332	48.666668	56.0	65.333336	71.333336	76.333336	93.666664	120.666664	140.66667	148.0	155.0	157.0	156.33333	152.0	147.33333	143.33333	140.0	131.66667	
35.333332	40.333332	60.333332	56.333332	48.666668	62.0	83.0	92.0	103.333336	132.33333	149.0	150.33333	140.66667	118.0	93.666664	82.0	77.0	75.0	79.0	88.333336	96.333336	102.666664	111.333336	114.333336	115.333336	114.666664	116.0	124.0	136.33333	149.66667	160.33333	160.0	155.66667	150.66667	142.66667	133.33333	
36.333332	39.333332	50.333332	48.333332	28.333334	25.666666	62.666668	89.0	95.666664	121.0	147.66667	153.33333	142.33333	122.0	103.0	90.666664	87.0	91.0	102.0	113.333336	124.666664	129.66667	134.66667	138.0	142.66667	142.33333	138.33333	141.66667	151.66667	162.33333	166.33333	163.66667	159.33333	155.33333	146.33333	137.0	
36.333332	42.333332	77.0	82.666664	50.666668	43.0	81.0	100.666664	95.666664	116.0	151.66667	161.0	153.33333	131.0	106.666664	91.0	80.0	72.333336	76.333336	90.333336	115.333336	133.66667	143.0	143.0	138.66667	137.66667	139.66667	147.0	159.0	167.66667	169.0	165.33333	161.66667	157.66667	147.33333	137.66667	
38.666668	45.0	96.333336	113.333336	89.666664	80.666664	91.666664	99.333336	103.666664	124.0	160.33333	173.66667	168.0	146.66667	122.666664	101.666664	76.666664	48.666668	33.0	35.0	53.333332	85.666664	111.0	122.666664	125.333336	129.0	133.66667	142.33333	153.33333	160.33333	164.33333	166.66667	165.66667	161.33333	150.66667	139.0	
40.0	49.666668	110.333336	129.0	113.333336	106.666664	103.666664	109.333336	118.0	135.33333	172.66667	189.66667	183.33333	166.66667	154.33333	138.66667	105.0	68.0	42.0	26.0	32.0	58.666668	64.666664	71.0	82.333336	100.666664	119.0	136.66667	154.33333	165.0	169.66667	168.66667	167.0	164.33333	154.66667	141.66667	
41.0	60.0	123.0	136.33333	133.66667	132.33333	127.333336	129.66667	133.66667	151.66667	189.0	203.66667	193.33333	179.33333	176.33333	167.33333	134.66667	94.0	66.666664	46.333332	45.666668	61.0	61.0	66.0	82.666664	108.666664	133.66667	152.33333	172.33333	180.0	177.66667	171.0	166.0	163.33333	156.33333	145.66667	
42.333332	71.666664	133.33333	146.0	150.66667	155.33333	152.66667	150.66667	151.66667	171.66667	198.33333	210.33333	199.0	184.66667	183.66667	179.0	156.0	120.666664	95.333336	76.333336	70.666664	82.666664	94.666664	101.0	121.0	154.0	180.66667	191.33333	192.33333	189.33333	182.66667	173.33333	165.33333	159.33333	153.66667	145.0	
43.0	83.0	139.66667	152.66667	161.66667	165.66667	165.66667	159.66667	165.0	185.33333	202.66667	212.0	200.66667	185.66667	188.33333	192.66667	182.66667	160.0	131.0	106.666664	101.0	107.333336	115.0	122.333336	148.33333	175.0	191.0	195.33333	194.33333	190.33333	183.0	173.33333	164.33333	156.0	150.33333	142.66667	
45.333332	91.666664	146.33333	158.33333	167.66667	170.33333	167.33333	159.0	171.0	192.33333	205.0	210.33333	198.0	185.33333	190.66667	197.33333	191.66667	182.33333	166.66667	150.33333	140.33333	136.66667	141.33333	150.66667	168.66667	182.66667	189.33333	193.33333	191.66667	186.33333	179.0	170.66667	161.33333	152.33333	147.0	140.33333	
49.333332	96.666664	149.66667	160.66667	169.66667	169.33333	162.33333	155.33333	174.0	195.0	208.0	208.66667	194.33333	184.66667	189.33333	195.66667	192.66667	185.0	179.33333	174.33333	169.66667	163.66667	166.0	176.0	189.0	194.66667	194.0	196.33333	189.66667	180.0	172.66667	165.66667	157.0	148.66667	144.0	138.66667	
51.333332	97.333336	147.33333	157.66667	166.33333	164.0	154.66667	151.0	177.33333	198.66667	214.66667	211.0	198.0	188.0	188.0	189.0	186.66667	179.33333	175.0	176.0	178.33333	177.33333	181.66667	190.33333	201.0	203.33333	195.66667	191.66667	184.66667	176.0	168.0	159.33333	152.66667	146.33333	142.0	138.33333	
51.0	91.333336	140.66667	151.33333	159.0	156.33333	146.66667	152.66667	183.33333	205.0	222.33333	219.33333	201.33333	183.0	177.0	174.33333	171.66667	167.66667	169.33333	169.33333	175.0	182.33333	190.66667	199.0	206.33333	208.33333	197.33333	187.33333	180.66667	173.33333	165.33333	155.0	148.33333	143.66667	142.0	141.66667	
52.0	76.666664	129.66667	142.66667	148.66667	146.66667	142.33333	161.0	188.33333	209.0	227.66667	224.66667	204.66667	183.33333	173.0	160.0	149.0	148.33333	156.66667	162.0	168.0	178.33333	190.33333	201.33333	206.66667	207.0	195.66667	184.0	177.0	170.0	161.66667	152.0	145.33333	142.33333	143.66667	145.33333	
50.666668	58.666668	113.0	130.66667	135.33333	135.0	139.33333	165.0	183.0	207.33333	227.66667	221.66667	210.66667	207.33333	204.33333	180.33333	151.66667	137.33333	139.33333	148.33333	159.0	171.0	183.66667	195.33333	202.33333	202.66667	194.0	183.66667	175.33333	169.33333	158.33333	148.66667	143.33333	142.33333	147.0	150.0	
52.333332	45.666668	87.666664	120.666664	126.333336	123.333336	122.666664	153.33333	175.0	194.66667	210.66667	207.0	205.66667	212.0	213.33333	192.0	157.66667	134.33333	127.333336	133.0	144.66667	157.0	169.66667	180.33333	186.66667	186.66667	184.0	176.66667	169.66667	163.0	154.0	147.0	144.66667	147.66667	152.0	156.33333	
53.666668	39.0	59.666668	104.333336	117.333336	110.333336	96.333336	121.0	155.66667	165.0	162.0	152.66667	154.0	162.0	172.0	164.33333	143.0	137.33333	127.333336	125.333336	135.66667	145.66667	154.0	165.33333	169.66667	169.33333	169.66667	166.66667	160.0	153.66667	148.66667	146.33333	146.66667	150.66667	153.33333	154.66667	
55.0	37.666668	44.0	86.333336	112.333336	108.0	95.666664	95.666664	112.333336	112.0	102.0	91.0	95.333336	102.666664	109.333336	120.333336	137.33333	155.33333	140.66667	119.0	122.0	135.66667	142.66667	150.33333	155.33333	155.66667	156.0	155.0	151.0	147.0	143.0	144.33333	149.33333	153.33333	151.0	148.0	
56.666668	37.0	34.0	66.333336	110.333336	113.333336	108.666664	107.666664	104.666664	95.0	92.666664	98.666664	114.666664	119.666664	121.0	141.33333	166.0	172.66667	158.66667	131.0	111.666664	117.333336	130.66667	138.0	141.66667	142.33333	142.0	142.0	140.66667	140.33333	137.66667	143.0	150.66667	153.33333	147.0	142.0	
58.333332	38.333332	30.333334	49.333332	106.333336	119.333336	115.666664	124.0	127.333336	120.333336	120.333336	117.0	122.333336	135.66667	150.0	171.0	183.66667	178.33333	173.33333	159.33333	125.333336	108.666664	116.333336	128.0	131.33333	128.66667	129.33333	132.0	133.0	135.33333	136.66667	143.66667	149.33333	148.66667	143.66667	137.0	
58.333332	40.0	31.666666	37.333332	89.0	122.333336	114.333336	110.666664	123.333336	133.33333	143.0	143.0	145.0	156.0	166.0	180.0	187.66667	186.33333	183.0	171.33333	146.33333	122.0	113.333336	124.666664	129.33333	127.0	128.66667	131.33333	132.33333	134.33333	139.0	145.33333	147.66667	143.33333	140.33333	133.0	
60.333332	40.0	28.333334	27.333334	64.333336	118.333336	124.0	95.666664	84.333336	107.0	134.66667	145.33333	149.66667	157.0	168.0	184.33333	190.0	186.0	176.0	164.33333	149.33333	126.666664	112.666664	122.666664	128.66667	127.0	128.0	131.0	134.33333	138.0	142.33333	145.66667	142.66667	136.0	133.0	124.666664	
63.0	41.0	23.0	22.666666	47.333332	103.666664	129.66667	115.333336	79.0	80.333336	107.666664	103.333336	102.333336	105.666664	107.0	121.0	123.666664	133.66667	129.66667	123.0	107.333336	90.0	100.333336	121.666664	135.0	131.66667	129.0	130.0	134.33333	138.33333	141.33333	140.0	132.66667	125.666664	118.666664	109.666664	
64.666664	41.0	23.333334	20.0	34.0	82.666664	122.333336	126.666664	102.0	96.0	136.66667	137.66667	132.33333	137.0	126.333336	130.66667	123.666664	133.0	117.0	103.666664	90.333336	89.333336	103.666664	120.666664	133.66667	132.33333	131.66667	134.66667	138.33333	138.0	136.33333	130.66667	122.0	114.666664	105.0	94.333336	
70.333336	42.666668	22.333334	18.666666	23.666666	61.0	108.666664	121.333336	109.333336	99.666664	131.33333	164.33333	175.66667	190.0	184.33333	184.0	168.0	160.33333	136.33333	125.0	136.66667	140.66667	130.66667	129.66667	131.33333	132.0	133.66667	135.33333	137.0	134.66667	128.0	119.0	109.666664	102.666664	92.666664	83.666664	
81.0	48.666668	24.0	20.0	22.333334	39.666668	90.333336	119.666664	115.333336	112.0	112.0	129.66667	147.33333	171.33333	165.66667	161.33333	152.33333	145.0	140.33333	146.66667	161.0	157.33333	141.0	133.66667	131.0	133.0	135.33333	134.66667	131.66667	127.0	116.666664	107.0	97.0	88.666664	83.333336	82.333336	
92.666664	56.0	28.0	17.333334	20.0	23.666666	65.0	111.0	115.333336	118.666664	119.333336	120.0	121.0	130.33333	135.66667	149.33333	149.0	138.66667	139.66667	150.66667	163.66667	158.33333	146.0	137.0	133.33333	134.33333	135.0	130.0	122.666664	115.333336	105.333336	96.333336	86.333336	81.0	83.333336	91.333336	
102.0	66.666664	29.666666	19.666666	19.666666	19.666666	43.666668	97.666664	114.0	113.666664	118.666664	124.0	125.0	132.0	139.66667	136.33333	128.66667	130.66667	145.33333	160.0	164.33333	156.0	147.0	139.66667	133.33333	131.66667	129.66667	121.333336	112.333336	105.0	93.333336	83.333336	78.0	82.0	92.666664	102.333336	
107.333336	72.666664	30.333334	21.333334	18.0	20.333334	29.666666	80.0	114.0	108.333336	103.333336	105.666664	110.666664	120.666664	120.0	114.333336	120.0	139.33333	155.33333	162.33333	161.33333	152.66667	146.33333	140.33333	131.66667	128.0	123.0	114.666664	106.0	95.666664	82.0	76.0	78.0	91.0	102.666664	109.666664	
106.0	68.666664	30.333334	20.666666	16.666666	18.666666	22.0	55.0	108.0	117.0	102.666664	96.333336	91.333336	90.333336	94.666664	110.666664	128.66667	144.66667	156.66667	161.66667	157.33333	149.66667	145.0	140.33333	129.33333	122.333336	113.666664	105.0	95.0	84.333336	77.333336	73.666664	83.666664	105.0	113.333336	115.666664	
101.0	62.666668	28.666666	19.666666	17.333334	17.0	18.666666	36.333332	95.333336	126.0	119.666664	113.0	102.666664	102.0	108.0	124.0	138.33333	148.66667	156.0	159.66667	156.0	149.66667	142.66667	135.66667	123.333336	115.333336	107.0	98.333336	85.666664	73.0	72.666664	82.666664	99.666664	118.333336	123.0	120.333336	
97.666664	61.333332	28.333334	19.0	17.666666	19.666666	18.0	28.333334	80.0	129.66667	135.0	132.33333	128.33333	131.66667	137.0	142.33333	147.33333	152.0	156.0	155.66667	152.33333	149.0	138.33333	128.0	113.666664	106.333336	97.333336	85.0	74.0	69.333336	77.333336	98.333336	119.666664	130.33333	131.0	118.666664	
97.666664	62.666668	29.333334	19.0	18.333334	21.666666	22.333334	32.0	73.0	129.33333	144.66667	148.33333	151.33333	150.66667	152.33333	155.66667	159.33333	163.33333	162.66667	155.0	147.0	142.33333	131.66667	118.666664	105.333336	93.666664	81.666664	70.666664	68.333336	78.666664	97.0	117.666664	132.66667	135.33333	131.66667	111.666664	
100.666664	67.0	27.0	14.333333	12.333333	30.333334	64.666664	83.333336	89.666664	118.666664	142.0	149.0	153.33333	156.33333	160.33333	163.66667	167.0	168.0	162.33333	147.33333	134.33333	124.666664	113.666664	103.333336	95.333336	84.0	73.666664	67.0	74.666664	95.333336	121.0	136.33333	143.0	138.66667	129.0	105.333336	
