124.666664	149.66667	153.66667	159.66667	160.33333	153.66667	151.33333	147.0	147.33333	145.66667	145.66667	147.66667	148.0	151.0	154.66667	159.0	159.66667	162.0	162.0	160.66667	162.33333	158.0	152.66667	148.0	144.0	139.0	130.0	119.333336	106.666664	83.666664	49.333332	80.0	99.0	91.0	82.666664	60.333332	
131.0	154.66667	166.33333	175.33333	175.0	160.66667	156.0	152.33333	150.0	143.33333	144.0	149.66667	150.33333	154.33333	160.0	165.33333	167.33333	167.33333	168.33333	166.33333	165.0	163.66667	159.33333	155.0	151.0	145.0	137.33333	125.666664	112.333336	98.666664	58.666668	67.333336	98.666664	98.666664	91.0	66.666664	
132.33333	145.33333	156.66667	168.33333	171.33333	166.0	157.0	158.33333	156.33333	146.33333	148.0	154.0	154.33333	162.0	167.0	169.33333	169.33333	170.0	173.33333	175.33333	177.0	176.33333	171.33333	166.0	159.0	152.66667	142.33333	133.33333	118.0	108.666664	75.666664	58.333332	90.0	90.333336	93.0	73.0	
125.666664	138.0	146.0	151.66667	155.0	158.66667	156.66667	159.33333	164.33333	168.66667	167.66667	162.66667	160.0	167.33333	171.66667	170.66667	170.0	172.0	175.66667	182.33333	186.66667	182.66667	175.66667	169.33333	161.66667	155.66667	146.33333	134.66667	120.333336	110.333336	89.333336	62.666668	84.666664	75.333336	82.0	69.666664	
122.333336	134.0	140.66667	144.66667	151.0	154.33333	156.33333	157.33333	166.66667	175.66667	177.0	172.66667	170.0	171.0	174.0	174.33333	172.0	172.33333	174.66667	179.33333	180.33333	176.33333	169.66667	165.33333	158.0	149.66667	145.33333	135.0	122.333336	112.333336	99.666664	75.666664	89.333336	75.333336	68.333336	63.0	
121.0	128.33333	135.33333	142.0	150.33333	153.66667	153.33333	152.0	158.66667	173.0	180.33333	180.66667	179.66667	176.0	173.66667	171.66667	170.66667	173.0	174.33333	176.0	175.66667	173.66667	171.0	168.66667	161.66667	149.66667	141.0	131.0	121.0	115.0	106.666664	90.666664	104.333336	84.0	56.666668	57.0	
121.0	125.333336	132.0	137.66667	144.66667	149.66667	149.0	151.0	158.33333	171.0	176.66667	176.0	174.66667	170.66667	167.66667	169.66667	173.66667	176.33333	175.66667	178.0	178.66667	174.0	170.0	167.33333	163.33333	154.0	146.0	132.66667	120.333336	114.333336	112.666664	104.333336	109.666664	91.0	53.666668	55.0	
122.0	126.666664	130.66667	133.33333	140.0	146.33333	148.33333	153.0	155.0	160.66667	162.66667	163.66667	165.33333	166.0	168.0	167.66667	167.0	167.33333	168.0	171.0	173.66667	171.0	167.0	161.0	156.0	149.33333	144.66667	136.33333	125.0	116.333336	116.0	110.333336	103.333336	87.666664	58.0	57.0	
126.0	129.66667	133.66667	133.0	138.66667	145.33333	148.66667	150.0	151.66667	160.0	165.66667	171.66667	172.66667	171.33333	169.66667	169.0	168.0	167.0	169.33333	173.33333	172.33333	171.0	170.0	168.0	162.0	155.33333	147.0	141.66667	132.0	121.333336	116.666664	109.666664	98.666664	82.333336	62.666668	63.333332	
135.33333	134.33333	137.33333	133.66667	138.66667	146.33333	146.0	149.66667	161.0	170.33333	169.66667	172.0	175.0	173.33333	170.66667	172.0	172.33333	172.0	172.33333	179.33333	180.0	177.33333	175.33333	175.0	168.33333	161.33333	153.0	146.66667	138.33333	127.0	119.666664	112.0	95.666664	79.333336	69.333336	69.666664	
134.66667	136.66667	143.33333	140.33333	139.33333	143.66667	146.66667	156.33333	159.66667	161.0	165.66667	171.0	173.66667	170.66667	173.66667	175.33333	175.33333	171.66667	171.0	177.0	179.33333	178.66667	176.33333	172.66667	158.0	146.0	138.0	135.0	132.33333	121.666664	113.0	111.0	90.333336	74.666664	72.666664	71.666664	
131.0	135.0	141.66667	142.0	141.0	146.33333	153.0	158.33333	155.66667	154.66667	163.66667	167.0	162.66667	154.33333	145.66667	156.33333	164.33333	163.0	166.33333	173.0	175.66667	173.66667	171.66667	159.0	131.66667	118.333336	115.0	110.666664	104.333336	93.333336	92.333336	103.333336	90.666664	72.666664	74.333336	73.666664	
125.666664	132.33333	136.0	140.66667	145.33333	150.66667	153.0	147.0	138.33333	133.0	139.66667	134.66667	124.666664	120.666664	119.0	132.33333	150.0	154.66667	157.33333	162.66667	161.66667	159.0	161.66667	148.66667	128.0	113.0	100.0	90.666664	80.0	72.0	77.0	92.0	92.333336	70.333336	73.666664	78.0	
124.0	131.33333	133.66667	141.33333	145.0	149.33333	145.66667	134.0	125.0	115.333336	112.0	109.0	108.333336	109.666664	117.333336	129.33333	144.33333	149.0	153.33333	161.0	157.66667	155.33333	159.33333	148.0	131.33333	107.666664	89.666664	83.666664	77.666664	81.0	90.666664	93.333336	92.333336	67.0	66.666664	77.0	
125.666664	132.33333	134.66667	140.0	140.66667	141.66667	135.33333	132.0	127.333336	121.666664	125.333336	123.666664	118.333336	112.666664	119.333336	132.66667	144.33333	147.0	151.66667	162.33333	163.33333	157.33333	147.66667	130.0	111.666664	96.0	92.666664	101.333336	105.0	111.666664	115.666664	103.333336	95.666664	70.666664	63.333332	66.0	
127.666664	135.66667	138.66667	139.66667	138.0	134.66667	129.33333	134.33333	135.33333	137.66667	141.33333	137.33333	127.333336	118.0	118.333336	121.333336	125.333336	130.33333	146.0	170.0	175.66667	157.0	123.333336	99.666664	89.0	72.0	62.0	64.666664	77.333336	92.666664	113.333336	110.666664	105.333336	87.0	73.666664	71.0	
128.33333	136.0	137.66667	136.66667	135.33333	133.33333	130.66667	141.33333	140.33333	126.666664	118.666664	102.333336	84.0	79.0	92.666664	106.666664	114.333336	131.0	150.0	176.0	180.33333	154.33333	110.0	101.333336	108.0	92.0	74.0	68.0	81.0	79.333336	108.333336	123.0	118.333336	99.666664	82.0	78.0	
131.0	134.33333	137.0	140.0	140.66667	141.66667	142.66667	141.66667	121.0	105.666664	97.333336	79.333336	74.666664	89.0	107.333336	121.0	133.0	145.33333	152.0	165.66667	173.0	155.33333	119.333336	119.333336	129.33333	131.33333	105.666664	99.666664	119.0	113.0	121.0	135.33333	133.66667	108.666664	76.333336	61.0	
134.66667	136.33333	139.66667	142.66667	144.66667	149.66667	150.66667	138.0	110.0	121.666664	129.66667	98.666664	93.333336	120.333336	138.0	150.0	159.0	150.33333	145.0	150.33333	157.0	148.0	127.333336	127.666664	132.33333	150.33333	153.0	145.33333	149.0	147.33333	141.0	140.66667	138.66667	113.333336	72.333336	56.0	
137.0	140.66667	144.33333	150.33333	156.66667	158.0	155.0	145.66667	149.0	162.0	161.33333	143.66667	139.0	139.0	145.66667	161.0	167.66667	152.66667	140.0	138.66667	142.66667	142.0	129.33333	133.33333	139.33333	152.66667	166.66667	167.66667	163.33333	155.66667	148.0	147.33333	143.33333	121.666664	81.666664	68.0	
140.33333	148.66667	152.33333	159.66667	168.0	166.0	162.66667	167.33333	169.66667	172.0	174.66667	170.66667	165.66667	158.33333	156.33333	168.33333	166.0	147.33333	136.33333	132.33333	140.0	144.66667	133.0	133.66667	143.33333	150.0	157.33333	160.66667	156.66667	149.0	145.66667	152.0	148.33333	130.66667	96.333336	85.666664	
136.0	146.0	151.0	159.0	169.0	170.0	170.33333	168.66667	167.66667	168.0	168.33333	168.66667	167.66667	167.0	172.66667	177.33333	162.33333	146.66667	143.66667	138.33333	144.66667	150.33333	141.33333	132.33333	143.0	153.0	156.0	158.66667	159.33333	152.0	149.0	155.66667	151.33333	128.33333	107.333336	110.666664	
130.33333	139.66667	149.66667	159.33333	162.33333	166.33333	169.0	167.33333	168.0	170.33333	170.66667	174.33333	177.66667	179.33333	183.66667	176.0	156.0	150.33333	153.66667	147.33333	151.66667	155.66667	148.33333	134.0	135.33333	149.66667	155.66667	160.66667	166.33333	160.33333	155.33333	152.66667	143.33333	122.333336	109.333336	126.666664	
127.333336	135.66667	147.33333	155.0	162.33333	167.33333	165.66667	166.0	164.33333	164.66667	170.66667	174.0	178.0	178.66667	179.33333	170.66667	159.0	156.66667	160.33333	157.33333	159.33333	163.66667	159.33333	147.0	134.66667	146.0	156.66667	162.33333	166.66667	165.33333	160.33333	150.66667	135.66667	121.666664	111.666664	133.33333	
131.0	140.33333	143.33333	144.66667	156.0	165.0	165.66667	170.0	168.33333	168.0	173.0	175.33333	181.33333	179.33333	180.0	176.66667	163.33333	154.0	155.33333	154.66667	162.0	173.0	171.66667	158.66667	136.66667	141.66667	154.0	162.0	168.66667	171.0	160.0	142.33333	127.333336	116.666664	113.0	136.0	
136.33333	142.33333	139.0	134.66667	143.66667	156.0	163.33333	173.0	177.33333	179.33333	181.66667	181.33333	184.33333	185.0	183.66667	177.66667	157.66667	150.66667	154.66667	154.0	159.66667	174.33333	175.0	161.66667	138.0	138.33333	146.33333	155.66667	164.0	170.66667	162.0	140.66667	121.333336	114.0	115.0	139.66667	
138.33333	138.33333	135.66667	135.0	141.66667	148.66667	153.66667	166.0	180.66667	185.66667	185.33333	182.0	183.33333	183.33333	176.66667	167.0	156.0	163.66667	168.0	166.66667	162.33333	171.0	177.66667	166.66667	142.0	137.33333	138.66667	150.0	158.33333	162.0	158.33333	142.33333	123.333336	116.0	118.0	140.0	
136.33333	134.0	131.66667	135.33333	143.0	146.33333	150.66667	162.33333	177.0	184.0	187.33333	183.33333	180.0	173.66667	163.66667	157.33333	153.0	158.0	154.66667	153.33333	154.66667	162.0	170.66667	156.0	129.0	117.0	127.0	142.0	148.33333	151.0	151.33333	141.0	123.666664	115.666664	117.333336	140.66667	
133.33333	133.0	132.0	137.33333	146.66667	150.33333	151.66667	160.33333	171.0	177.66667	182.66667	182.0	175.0	162.0	160.66667	160.33333	146.66667	128.33333	117.333336	115.0	124.666664	137.0	145.0	130.66667	112.666664	110.333336	130.0	140.66667	145.33333	147.0	146.66667	137.0	121.333336	114.0	115.666664	139.0	
133.66667	134.33333	135.66667	141.33333	150.66667	154.0	152.66667	158.33333	165.66667	169.33333	176.0	176.66667	165.66667	157.33333	172.33333	175.0	160.66667	144.33333	144.66667	147.0	130.66667	123.0	124.333336	123.0	124.666664	135.0	148.33333	150.66667	150.66667	147.66667	143.66667	134.66667	122.333336	115.333336	118.333336	136.66667	
136.66667	137.0	137.33333	142.66667	152.33333	156.33333	152.66667	155.66667	162.66667	166.33333	171.0	170.33333	161.33333	167.33333	185.33333	182.33333	176.66667	171.66667	167.0	164.0	153.0	142.66667	141.33333	141.66667	142.33333	141.66667	147.66667	153.33333	154.0	149.33333	143.0	134.66667	125.666664	118.0	121.333336	134.66667	
137.0	137.33333	137.0	142.33333	153.33333	158.33333	154.33333	155.33333	161.0	165.0	167.33333	166.66667	163.33333	175.66667	183.33333	178.66667	174.33333	174.33333	174.0	174.66667	173.0	166.33333	159.33333	157.33333	151.66667	145.0	142.66667	149.0	149.66667	149.33333	142.0	137.66667	130.33333	120.666664	123.0	135.0	
131.66667	136.33333	139.0	144.33333	153.0	157.0	157.33333	158.66667	161.66667	165.66667	170.33333	169.33333	169.33333	174.33333	173.66667	170.0	167.66667	169.33333	172.33333	175.33333	174.33333	168.33333	168.66667	174.33333	164.0	149.66667	139.66667	142.33333	146.33333	150.33333	146.0	141.33333	132.66667	119.333336	121.333336	134.0	
129.33333	134.0	139.33333	144.33333	149.33333	154.0	156.66667	158.66667	163.33333	168.33333	174.0	171.66667	172.66667	170.33333	165.66667	166.33333	163.0	169.33333	177.0	178.66667	173.66667	166.0	169.33333	172.66667	167.66667	151.33333	138.0	133.66667	138.0	150.66667	155.66667	148.33333	134.66667	119.666664	121.333336	133.0	
130.0	131.33333	139.33333	143.0	145.66667	152.33333	154.66667	157.33333	166.33333	176.33333	178.66667	170.0	169.0	166.0	162.66667	159.66667	159.33333	170.66667	176.0	175.0	166.66667	162.33333	162.33333	159.33333	154.33333	145.33333	137.33333	133.33333	134.66667	145.33333	158.66667	152.33333	136.33333	119.333336	122.333336	130.66667	
129.0	129.0	136.66667	141.0	142.66667	149.33333	154.66667	159.33333	167.0	178.66667	180.66667	168.0	164.66667	164.33333	157.0	146.33333	143.66667	143.0	133.33333	123.333336	118.0	120.666664	119.0	104.333336	89.0	91.333336	105.666664	123.333336	139.0	146.66667	156.66667	151.0	135.33333	118.333336	122.666664	132.0	
129.0	130.66667	138.0	143.33333	144.33333	149.66667	152.66667	158.33333	162.33333	173.66667	178.66667	169.66667	166.66667	159.66667	134.33333	109.0	95.333336	91.0	89.666664	87.0	86.666664	89.0	84.666664	77.333336	63.0	54.333332	68.666664	99.0	131.0	144.33333	157.66667	150.66667	129.66667	117.0	123.333336	133.66667	
129.66667	129.0	133.33333	139.0	140.66667	144.66667	146.33333	152.33333	153.66667	167.0	177.0	173.66667	160.0	147.0	134.66667	128.0	124.0	126.0	131.33333	128.33333	120.333336	117.666664	119.333336	127.0	127.0	109.666664	105.666664	108.0	121.0	148.66667	162.33333	148.66667	124.0	116.0	125.333336	135.33333	
125.0	123.333336	127.333336	134.33333	136.66667	143.66667	144.66667	147.0	149.66667	157.33333	174.33333	177.33333	160.66667	147.66667	154.66667	162.0	160.0	158.0	159.33333	160.0	156.66667	152.33333	151.0	152.66667	150.33333	138.66667	129.66667	129.66667	138.0	157.66667	163.0	141.33333	117.0	114.666664	128.33333	136.66667	
120.0	119.333336	124.0	129.0	133.66667	144.0	147.0	142.33333	146.66667	149.66667	166.66667	173.33333	169.0	164.66667	166.66667	168.0	161.33333	153.66667	153.33333	154.66667	152.33333	149.0	147.33333	145.66667	141.33333	129.0	126.0	137.66667	147.0	157.33333	153.66667	128.66667	110.0	108.666664	122.333336	135.0	
118.333336	115.666664	122.666664	127.0	131.66667	141.33333	144.33333	135.33333	140.0	144.66667	158.0	170.0	174.33333	173.33333	169.66667	171.33333	168.66667	160.0	153.0	151.0	144.0	137.0	135.33333	133.33333	129.33333	125.333336	131.0	144.66667	148.33333	150.33333	140.0	117.666664	104.666664	94.0	109.0	129.0	
119.0	115.666664	118.666664	125.333336	128.33333	134.0	144.33333	136.0	133.33333	137.33333	149.33333	165.33333	172.66667	174.0	171.0	170.66667	169.33333	166.66667	160.66667	154.66667	144.33333	139.66667	137.0	134.33333	134.0	134.0	137.0	148.0	145.66667	140.33333	124.666664	111.0	89.0	65.0	87.0	112.333336	
119.666664	114.333336	110.666664	118.333336	125.333336	129.0	144.0	144.33333	132.66667	131.0	141.66667	158.66667	165.66667	170.0	169.66667	169.66667	167.33333	166.0	164.66667	161.66667	154.0	147.0	144.66667	144.66667	142.66667	139.66667	141.0	148.0	146.33333	131.33333	115.666664	104.0	54.333332	32.0	45.333332	60.0	
120.333336	118.666664	108.0	109.333336	119.666664	126.0	139.33333	146.33333	138.0	131.66667	136.33333	151.33333	161.33333	169.66667	170.66667	171.66667	169.66667	168.33333	168.0	166.0	164.66667	161.33333	158.66667	155.33333	149.0	149.0	152.33333	152.66667	145.33333	124.333336	114.0	87.666664	28.333334	16.0	16.0	18.333334	
115.333336	122.0	114.666664	108.0	111.0	117.333336	133.66667	145.0	143.33333	137.0	135.0	145.0	155.66667	166.0	170.33333	175.33333	177.0	178.66667	177.0	173.0	172.66667	171.66667	169.66667	166.33333	162.66667	162.66667	162.66667	155.0	142.33333	118.0	112.0	55.0	14.666667	13.333333	13.333333	13.666667	
106.666664	120.0	125.0	117.0	112.333336	113.333336	124.0	137.33333	142.0	136.66667	132.0	137.66667	145.66667	156.66667	167.33333	175.33333	182.33333	183.0	178.33333	174.0	173.33333	174.33333	172.0	168.66667	166.0	161.66667	159.33333	152.66667	133.0	111.666664	88.333336	24.0	12.333333	11.333333	11.0	11.666667	
96.0	117.333336	125.666664	127.333336	117.666664	115.0	115.666664	125.333336	135.33333	134.33333	131.66667	132.33333	136.33333	144.0	156.33333	168.66667	177.66667	177.66667	176.33333	171.33333	166.66667	167.66667	171.33333	168.66667	163.0	156.0	151.0	144.66667	120.333336	104.333336	52.333332	13.333333	11.0	10.666667	9.666667	11.666667	
70.0	120.0	121.0	127.333336	126.0	118.666664	118.333336	117.666664	123.666664	129.33333	127.0	125.0	126.333336	130.0	141.66667	155.66667	167.0	166.33333	163.0	164.33333	163.33333	160.33333	169.0	165.33333	155.66667	146.66667	138.66667	128.0	113.333336	93.0	29.333334	12.0	12.333333	11.0	10.666667	11.333333	
39.0	97.333336	143.66667	128.66667	127.333336	128.0	117.333336	114.666664	113.0	117.666664	118.666664	115.333336	115.0	116.666664	125.333336	135.33333	150.0	153.0	151.66667	150.33333	153.33333	150.33333	158.0	153.33333	141.0	135.33333	126.666664	115.666664	113.0	66.666664	19.666666	13.333333	14.333333	12.666667	12.333333	12.666667	
