100.0	100.0	90.333336	87.0	116.0	135.33333	146.33333	163.66667	181.66667	198.66667	209.0	214.33333	219.66667	223.66667	225.0	224.33333	223.0	221.66667	220.66667	219.33333	217.66667	214.66667	210.0	205.33333	198.33333	195.0	188.66667	186.33333	189.0	189.66667	186.0	173.33333	149.66667	120.333336	102.666664	120.666664	
99.666664	85.0	81.333336	100.666664	129.0	144.66667	164.66667	187.66667	205.0	214.66667	219.33333	221.0	223.66667	224.66667	223.66667	222.0	221.66667	219.66667	218.66667	217.0	216.0	212.33333	210.0	205.66667	201.0	197.0	192.66667	193.0	194.33333	191.33333	186.66667	174.33333	156.33333	127.666664	105.666664	110.333336	
92.0	86.333336	96.333336	122.333336	143.66667	162.0	184.33333	204.66667	212.66667	215.33333	216.0	216.66667	218.33333	217.0	216.33333	215.33333	215.33333	213.0	211.0	209.66667	208.66667	206.66667	206.0	205.0	201.0	197.33333	196.33333	196.33333	194.66667	190.0	186.33333	178.33333	164.33333	146.33333	128.0	112.333336	
96.333336	92.333336	105.333336	138.66667	162.0	179.66667	196.0	208.0	211.0	211.0	209.0	210.66667	213.0	212.66667	211.33333	211.33333	211.0	211.0	210.66667	208.66667	207.33333	203.0	202.33333	202.33333	200.33333	198.33333	198.0	196.0	191.66667	186.66667	186.0	182.33333	169.33333	151.66667	143.0	132.33333	
96.0	95.333336	120.0	154.66667	175.33333	189.0	200.0	205.0	207.33333	206.66667	207.33333	206.66667	207.33333	207.33333	208.0	208.0	207.66667	207.66667	208.0	207.0	204.66667	201.33333	200.66667	199.66667	200.66667	201.0	200.33333	197.0	191.0	185.0	186.33333	182.66667	166.66667	141.66667	133.66667	138.33333	
102.0	112.666664	142.66667	168.33333	181.66667	191.33333	199.0	201.33333	201.66667	200.33333	201.0	200.66667	202.66667	204.0	203.0	203.66667	205.33333	208.33333	208.66667	206.66667	205.0	202.66667	198.33333	197.33333	200.0	201.0	200.66667	196.66667	191.33333	184.66667	185.0	182.0	168.66667	140.33333	117.666664	120.333336	
106.666664	124.0	155.0	173.0	182.0	190.33333	196.0	198.66667	200.66667	200.33333	198.0	195.66667	200.0	203.66667	200.33333	200.0	205.33333	209.66667	208.33333	207.0	206.0	206.0	203.0	200.0	200.66667	200.33333	199.66667	196.33333	189.66667	180.33333	178.66667	179.0	170.66667	145.66667	119.0	104.333336	
101.666664	123.0	159.33333	174.0	182.33333	190.66667	196.33333	199.66667	203.66667	206.0	206.33333	199.66667	199.0	201.66667	200.0	199.33333	207.66667	210.66667	207.0	206.33333	206.33333	205.33333	204.33333	202.0	199.66667	200.0	198.66667	196.33333	188.33333	177.33333	174.33333	174.66667	166.66667	143.0	119.333336	99.0	
102.0	130.66667	160.33333	173.66667	182.33333	190.66667	199.33333	203.33333	207.0	209.33333	209.33333	206.0	203.0	204.33333	200.66667	200.33333	208.66667	205.33333	200.66667	202.66667	205.0	202.66667	201.66667	201.66667	200.66667	200.0	197.66667	194.0	186.0	175.66667	172.33333	171.0	160.33333	142.33333	118.0	95.0	
103.666664	134.0	159.33333	172.0	181.33333	190.0	200.0	204.33333	205.0	205.33333	207.33333	210.66667	208.0	207.66667	201.33333	200.33333	206.33333	198.0	192.66667	193.33333	194.66667	194.66667	197.33333	199.0	201.0	200.0	196.0	190.0	182.0	172.33333	168.33333	165.0	156.66667	142.66667	117.0	90.666664	
99.666664	132.33333	158.0	171.0	181.0	189.33333	196.66667	198.33333	196.0	195.0	201.0	204.66667	197.66667	194.33333	194.0	183.66667	190.0	190.0	187.33333	191.33333	195.33333	197.0	200.0	200.66667	200.33333	197.66667	194.33333	188.0	179.66667	170.0	164.0	159.0	155.66667	146.66667	121.333336	91.333336	
90.333336	129.66667	157.33333	171.33333	183.0	191.0	195.33333	194.33333	190.66667	188.0	191.0	190.0	176.0	175.33333	179.33333	162.33333	167.33333	174.0	181.66667	191.33333	193.33333	193.66667	193.66667	189.0	184.0	184.33333	187.66667	185.66667	179.33333	172.33333	164.66667	159.0	156.0	147.66667	128.33333	99.666664	
84.666664	129.0	158.66667	172.33333	182.66667	191.0	194.33333	194.66667	192.33333	190.66667	180.33333	166.0	145.0	150.33333	164.0	142.66667	137.0	145.33333	148.0	150.0	149.33333	145.0	141.0	139.33333	139.66667	145.66667	157.33333	166.0	169.66667	169.33333	164.66667	161.33333	158.0	150.66667	135.33333	108.333336	
82.666664	129.33333	161.33333	169.0	169.0	171.66667	176.33333	180.0	175.33333	166.0	147.0	134.66667	118.666664	134.66667	152.33333	132.0	106.666664	109.666664	98.666664	88.0	84.666664	82.333336	84.666664	96.333336	110.333336	121.333336	131.33333	141.66667	147.66667	153.66667	157.0	157.66667	157.33333	155.33333	144.0	117.333336	
80.333336	127.0	153.33333	148.0	135.33333	127.666664	129.66667	127.666664	114.666664	103.0	98.666664	99.333336	93.333336	120.333336	142.66667	129.33333	88.333336	82.0	75.0	65.333336	62.333332	62.333332	69.666664	84.666664	101.666664	119.0	127.666664	129.33333	131.0	142.33333	152.0	156.33333	159.33333	156.66667	149.0	128.0	
79.333336	119.0	133.0	113.333336	100.333336	92.0	85.666664	76.666664	65.0	62.0	71.666664	76.0	81.333336	104.666664	123.666664	121.666664	91.0	75.0	75.666664	73.333336	72.333336	76.0	83.333336	96.666664	112.333336	123.666664	127.666664	125.0	123.0	133.66667	148.0	156.66667	158.33333	156.66667	151.33333	136.33333	
75.0	108.0	122.666664	102.333336	87.666664	79.666664	73.666664	71.0	66.333336	62.0	66.0	69.333336	72.0	98.666664	139.66667	149.66667	115.666664	84.333336	75.0	67.0	61.666668	60.333332	63.0	70.0	83.666664	95.0	110.333336	118.666664	118.0	119.666664	136.33333	152.66667	157.33333	157.66667	153.0	140.33333	
75.333336	104.666664	118.666664	103.333336	96.0	91.666664	89.666664	83.666664	70.333336	57.333332	56.666668	57.333332	68.333336	138.0	194.0	187.66667	139.66667	86.333336	65.0	56.333332	49.0	52.666668	57.666668	46.333332	44.0	49.0	64.0	87.666664	102.666664	109.0	129.0	151.33333	159.33333	159.66667	155.0	144.66667	
80.666664	105.0	115.666664	105.0	100.666664	86.333336	69.0	52.333332	42.0	41.333332	45.666668	48.0	82.666664	178.0	206.33333	189.33333	149.0	96.0	66.666664	57.0	52.333332	58.333332	66.333336	62.0	65.666664	74.333336	84.333336	90.666664	99.0	115.333336	135.33333	154.66667	162.0	161.33333	156.33333	147.33333	
86.333336	110.666664	113.333336	98.666664	78.333336	53.666668	44.333332	39.666668	41.666668	44.0	47.333332	47.666668	108.333336	194.66667	205.33333	183.33333	153.33333	129.66667	99.333336	76.666664	67.0	69.333336	82.666664	92.0	102.0	113.333336	126.333336	137.0	143.0	152.0	161.0	164.33333	163.66667	159.33333	155.66667	148.33333	
106.666664	122.333336	124.333336	97.333336	75.666664	70.0	71.0	67.666664	67.666664	64.333336	56.666668	64.0	137.33333	203.33333	206.66667	180.33333	158.66667	157.0	146.66667	124.333336	102.333336	91.0	97.0	105.666664	117.0	130.66667	145.66667	162.33333	171.0	174.66667	176.0	173.66667	167.33333	158.0	153.33333	148.33333	
122.666664	135.0	144.0	125.666664	118.0	116.333336	106.666664	97.666664	90.333336	80.666664	80.333336	109.666664	166.33333	208.33333	206.33333	182.33333	166.33333	162.66667	167.0	164.0	158.0	145.33333	132.0	131.66667	140.66667	152.66667	166.33333	175.66667	177.0	175.66667	174.33333	172.66667	164.0	152.33333	148.66667	146.66667	
125.666664	146.66667	165.0	164.66667	153.33333	139.33333	128.0	117.333336	114.333336	120.0	134.33333	156.0	183.66667	210.66667	205.0	185.66667	168.66667	156.0	164.0	173.66667	180.33333	180.66667	172.33333	167.66667	165.0	167.0	170.0	174.33333	173.66667	171.0	168.33333	165.0	157.33333	148.33333	144.66667	144.66667	
125.0	141.66667	171.0	172.0	167.0	159.0	154.33333	152.66667	156.66667	165.33333	169.66667	171.0	191.33333	207.66667	204.66667	186.33333	165.0	150.0	152.33333	172.33333	183.66667	186.66667	187.66667	184.66667	178.66667	171.66667	164.66667	163.33333	160.66667	160.0	160.0	152.33333	146.33333	142.33333	141.66667	144.33333	
135.33333	135.66667	164.33333	167.66667	165.33333	163.66667	166.33333	173.33333	181.33333	183.66667	171.33333	174.33333	196.33333	203.33333	198.33333	183.33333	161.33333	158.0	150.33333	150.0	171.66667	185.33333	190.0	190.0	186.33333	177.66667	168.0	158.0	150.33333	148.66667	147.0	139.0	133.33333	135.0	139.0	144.33333	
139.33333	136.66667	154.33333	157.33333	158.0	163.0	172.0	183.33333	187.33333	176.33333	162.0	171.0	182.66667	184.33333	178.0	171.0	163.33333	175.0	167.33333	144.0	141.0	164.0	179.66667	184.33333	181.33333	178.0	171.66667	158.33333	145.0	138.0	136.0	132.33333	127.666664	130.66667	137.0	145.33333	
125.333336	123.333336	140.0	144.33333	153.66667	169.0	180.33333	183.0	169.33333	151.33333	162.66667	152.0	147.33333	150.0	145.66667	136.33333	144.33333	166.0	161.66667	144.66667	118.666664	127.333336	157.0	173.66667	177.66667	174.66667	165.0	153.33333	139.0	128.0	124.333336	127.0	128.66667	132.33333	137.66667	144.33333	
120.0	111.333336	125.0	135.0	153.66667	171.0	177.66667	169.0	140.0	127.666664	142.66667	118.0	108.0	110.666664	109.333336	104.0	109.0	122.666664	127.333336	127.333336	123.333336	106.666664	118.666664	150.66667	168.66667	170.33333	163.0	150.66667	136.0	123.0	121.333336	125.666664	131.33333	134.33333	137.0	140.33333	
133.33333	120.0	117.666664	128.66667	149.0	164.33333	165.33333	145.0	107.0	98.0	94.0	78.0	81.666664	87.666664	87.0	80.0	69.666664	71.0	86.0	108.666664	140.66667	126.666664	102.666664	122.0	150.33333	162.0	160.33333	149.33333	137.0	125.666664	124.0	130.33333	135.66667	135.33333	136.33333	139.0	
153.66667	145.33333	123.333336	126.0	141.66667	155.33333	149.33333	123.0	97.333336	104.333336	93.0	61.666668	60.333332	72.333336	75.333336	70.0	63.666668	65.333336	74.666664	117.666664	159.0	157.33333	126.333336	109.333336	125.666664	148.0	154.0	148.66667	142.33333	132.0	128.66667	133.0	133.33333	132.66667	134.0	136.0	
155.33333	160.0	133.0	125.666664	137.66667	148.0	136.33333	109.666664	107.666664	136.66667	135.66667	90.666664	70.0	66.333336	68.333336	71.666664	79.0	89.0	105.333336	141.0	168.66667	171.0	157.0	131.0	116.333336	134.33333	148.0	148.33333	146.33333	134.0	129.0	127.666664	127.666664	128.0	128.33333	130.66667	
157.33333	163.66667	138.0	128.66667	135.33333	142.0	124.0	105.333336	128.33333	159.66667	153.33333	116.666664	93.333336	77.666664	70.666664	81.666664	98.333336	113.0	127.0	145.0	160.33333	164.0	161.66667	152.0	132.66667	126.333336	139.66667	146.66667	143.66667	131.66667	126.0	124.0	126.0	125.666664	125.666664	127.0	
155.66667	159.33333	136.66667	129.0	136.0	136.0	118.0	110.0	138.66667	157.33333	151.0	128.33333	107.333336	85.666664	75.0	82.0	103.0	118.666664	126.333336	136.66667	145.66667	149.33333	147.33333	150.0	145.33333	131.33333	129.33333	139.33333	139.66667	130.0	123.333336	120.666664	124.333336	124.666664	123.333336	123.333336	
149.33333	152.0	136.33333	127.0	133.66667	124.333336	114.666664	120.333336	140.66667	145.33333	144.33333	133.66667	116.333336	98.333336	85.0	85.333336	102.0	116.0	124.0	126.666664	129.0	129.33333	126.333336	136.66667	143.66667	138.0	134.0	136.66667	136.33333	127.0	121.333336	119.666664	123.666664	123.666664	121.666664	120.666664	
146.33333	140.0	125.333336	120.666664	132.0	124.666664	114.333336	126.0	132.33333	122.666664	126.0	126.666664	115.666664	110.333336	108.0	106.0	107.0	112.0	117.0	114.333336	111.666664	102.666664	97.333336	111.666664	128.66667	133.0	136.66667	135.66667	133.66667	123.666664	120.666664	122.666664	124.666664	125.333336	123.333336	121.333336	
149.33333	142.0	126.333336	118.666664	126.333336	124.666664	119.666664	124.333336	108.666664	95.333336	99.0	87.333336	80.666664	83.333336	92.0	89.0	82.666664	78.0	72.0	78.0	81.0	73.0	66.666664	83.0	104.666664	125.333336	138.0	135.0	130.33333	120.333336	120.0	129.0	132.0	128.0	121.0	118.666664	
148.66667	146.0	145.0	126.0	120.666664	122.666664	119.333336	109.666664	83.0	71.0	61.0	43.333332	42.666668	48.333332	56.0	54.666668	56.666668	53.0	43.666668	45.0	49.666668	54.666668	51.333332	63.333332	89.0	116.0	136.33333	134.33333	130.0	123.333336	128.0	139.33333	140.66667	130.0	119.0	115.0	
149.33333	146.66667	149.66667	135.33333	120.666664	119.666664	116.0	99.333336	76.333336	61.0	57.333332	59.0	58.0	53.0	51.0	52.0	56.0	62.0	75.333336	87.666664	97.333336	102.0	86.333336	76.0	91.0	113.0	131.0	132.66667	129.33333	126.0	135.33333	144.33333	139.66667	128.33333	117.666664	113.333336	
148.0	146.33333	149.33333	143.66667	123.333336	119.0	115.666664	97.333336	81.0	83.0	101.0	119.0	121.0	113.666664	106.0	101.333336	101.333336	112.0	127.333336	130.66667	129.33333	129.66667	125.333336	117.0	109.333336	111.333336	122.333336	127.666664	127.666664	127.333336	139.66667	144.0	134.0	121.0	114.666664	111.333336	
148.33333	148.0	150.33333	152.66667	128.66667	119.666664	116.333336	102.0	109.666664	127.0	131.66667	124.0	117.666664	111.333336	111.333336	110.666664	111.666664	111.333336	113.333336	114.666664	123.0	135.33333	141.66667	138.33333	124.666664	112.333336	117.333336	124.666664	126.0	131.66667	143.0	142.33333	128.33333	114.0	111.333336	112.666664	
149.66667	148.66667	153.0	157.33333	134.33333	120.0	112.333336	107.0	125.333336	137.0	136.66667	115.0	92.0	79.333336	74.666664	71.0	74.666664	79.666664	85.0	97.333336	117.666664	132.33333	141.66667	144.66667	140.0	129.0	120.333336	121.333336	123.0	134.0	142.66667	138.0	125.333336	112.0	111.666664	115.666664	
148.66667	148.0	150.66667	155.33333	140.66667	120.0	113.333336	114.333336	124.0	128.33333	128.0	113.333336	88.333336	72.0	65.0	60.0	63.666668	65.666664	73.666664	88.333336	107.333336	123.666664	138.0	144.33333	143.66667	135.66667	123.333336	116.0	120.0	134.66667	138.66667	130.0	120.0	109.333336	113.0	115.666664	
146.33333	144.33333	145.0	152.66667	146.66667	124.333336	115.333336	118.0	121.333336	118.333336	111.0	101.666664	89.0	80.0	77.333336	74.666664	77.333336	86.0	93.333336	99.333336	110.0	123.333336	135.0	141.33333	142.66667	134.0	122.333336	114.0	121.0	134.0	130.66667	120.333336	111.333336	110.333336	115.0	112.333336	
145.0	143.0	142.66667	151.66667	152.33333	135.0	118.0	120.666664	127.0	123.333336	112.666664	109.0	117.666664	130.33333	131.33333	122.666664	125.666664	135.66667	143.33333	138.66667	133.33333	134.66667	133.66667	137.0	138.33333	130.0	118.333336	115.333336	123.666664	126.333336	120.666664	113.0	110.0	112.0	108.333336	102.666664	
144.0	143.0	143.66667	150.0	154.33333	145.0	120.333336	118.0	128.66667	136.33333	140.66667	147.66667	158.66667	164.0	151.0	132.0	136.0	148.0	154.0	151.0	147.0	141.0	132.33333	133.66667	131.0	120.0	111.333336	117.333336	125.0	118.666664	112.666664	108.0	109.0	110.0	101.0	102.0	
145.66667	143.33333	143.33333	150.0	155.0	152.0	126.0	114.333336	122.666664	137.33333	146.33333	156.33333	158.66667	150.33333	136.33333	116.333336	123.666664	133.66667	137.0	142.33333	143.33333	134.33333	127.333336	126.0	121.0	109.0	107.0	117.0	116.666664	108.333336	105.333336	105.666664	104.0	104.333336	99.333336	112.666664	
146.0	142.33333	143.0	150.33333	154.33333	156.33333	143.0	117.333336	115.666664	127.0	131.33333	133.33333	130.33333	123.0	116.333336	102.666664	107.0	111.333336	117.0	123.0	121.0	118.0	117.0	111.666664	105.0	104.666664	111.666664	110.333336	102.0	98.666664	99.0	102.0	102.333336	96.666664	106.333336	118.0	
146.0	142.33333	144.0	150.0	154.33333	155.66667	152.66667	131.66667	114.666664	109.666664	109.0	106.666664	102.0	95.0	96.666664	93.666664	88.333336	86.333336	94.666664	98.333336	98.333336	101.333336	104.333336	101.333336	97.666664	102.666664	106.0	102.666664	97.666664	97.666664	100.333336	100.666664	98.666664	101.333336	112.666664	119.333336	
145.66667	142.33333	143.33333	150.0	154.66667	156.0	156.0	147.66667	123.0	105.666664	95.333336	90.666664	89.666664	85.666664	86.0	84.666664	82.333336	82.666664	88.0	90.0	92.666664	92.333336	95.0	97.666664	99.333336	102.333336	99.666664	96.666664	98.0	99.666664	99.666664	98.0	100.333336	105.666664	125.666664	163.0	
