26.0	37.333332	61.666668	96.0	119.0	125.666664	129.0	133.33333	137.0	138.66667	138.33333	139.33333	141.66667	144.66667	146.66667	150.66667	153.0	152.33333	155.66667	156.33333	155.0	149.66667	147.0	144.66667	142.0	145.0	145.33333	141.66667	136.66667	128.33333	114.0	98.333336	100.666664	92.666664	58.666668	29.333334	
31.0	47.666668	75.333336	104.666664	122.666664	127.333336	128.33333	132.66667	136.66667	138.66667	138.33333	142.33333	146.33333	150.0	152.33333	155.66667	156.0	155.0	156.33333	156.0	157.0	158.66667	157.0	155.33333	153.66667	151.0	148.33333	146.0	142.33333	138.33333	127.666664	121.666664	125.0	118.0	85.0	37.333332	
36.666668	56.0	84.666664	108.666664	122.666664	129.33333	131.33333	134.0	137.0	138.0	139.33333	144.33333	148.66667	153.33333	159.0	163.0	162.66667	161.66667	161.0	159.66667	159.66667	160.33333	159.0	158.33333	158.33333	155.0	152.0	149.33333	144.66667	141.33333	133.33333	133.33333	137.33333	135.33333	111.666664	53.333332	
44.666668	63.0	89.0	107.0	121.666664	130.33333	132.66667	134.0	136.0	138.66667	141.66667	145.66667	148.66667	151.0	155.66667	162.66667	167.33333	165.66667	161.66667	160.33333	159.0	157.33333	157.0	158.0	158.0	155.0	151.0	147.66667	141.0	137.0	132.0	133.33333	136.66667	140.0	125.666664	70.333336	
44.0	62.0	87.666664	106.0	121.333336	130.33333	132.0	133.0	135.33333	138.0	139.66667	143.0	145.33333	146.66667	151.33333	161.33333	170.0	169.33333	159.66667	156.0	158.0	156.33333	155.33333	156.66667	157.0	153.66667	148.33333	145.0	138.0	132.66667	130.66667	129.0	133.33333	137.66667	131.33333	89.333336	
41.333332	60.333332	87.0	107.666664	121.333336	129.33333	131.66667	133.0	135.0	136.66667	138.0	141.0	142.33333	145.0	151.33333	156.0	161.0	165.33333	160.66667	155.66667	158.66667	157.66667	154.33333	153.66667	155.66667	152.33333	146.0	141.66667	134.66667	129.66667	128.0	125.666664	129.0	134.66667	135.66667	105.0	
43.666668	61.333332	85.666664	105.0	119.333336	129.33333	132.66667	133.33333	134.66667	135.66667	139.33333	140.0	140.0	142.66667	145.66667	146.33333	151.33333	154.33333	154.66667	155.0	158.0	157.66667	155.33333	153.66667	154.66667	150.0	142.66667	137.33333	130.66667	127.0	128.0	128.33333	129.33333	131.66667	135.66667	111.0	
52.0	62.333332	81.0	100.666664	115.333336	126.333336	131.0	134.0	135.66667	135.33333	136.66667	138.0	140.33333	142.0	144.0	144.0	147.33333	145.66667	146.66667	150.66667	155.0	157.66667	154.33333	151.66667	152.33333	149.33333	141.66667	136.0	130.66667	127.333336	128.0	128.66667	128.66667	130.66667	133.0	114.0	
53.0	60.666668	80.666664	97.666664	113.333336	126.333336	131.0	134.0	135.66667	135.0	136.33333	138.66667	143.0	144.66667	149.66667	149.33333	148.33333	144.0	144.0	148.0	150.66667	154.0	151.0	147.33333	148.66667	148.33333	144.66667	139.0	134.33333	131.0	130.33333	129.0	130.0	132.33333	132.66667	117.0	
50.0	61.666668	87.333336	104.666664	116.0	124.333336	130.0	133.66667	135.0	134.66667	136.66667	140.33333	143.33333	145.66667	151.0	153.66667	158.33333	155.33333	151.33333	149.33333	150.0	154.66667	155.0	152.33333	153.66667	152.66667	147.66667	143.0	137.33333	133.33333	131.66667	131.0	132.33333	135.33333	133.66667	116.333336	
57.333332	74.0	100.666664	115.666664	118.333336	122.666664	127.0	130.33333	133.66667	131.0	130.0	132.66667	137.33333	142.33333	148.33333	154.66667	164.66667	167.0	158.66667	152.66667	151.0	155.0	161.0	159.33333	159.33333	153.66667	147.33333	143.0	137.33333	133.0	131.0	132.66667	133.33333	135.66667	135.0	114.333336	
74.333336	97.333336	119.333336	125.666664	124.0	124.0	125.666664	127.0	123.333336	111.666664	106.0	107.333336	114.0	122.333336	137.0	151.33333	158.66667	161.0	157.66667	154.0	151.0	155.33333	164.0	163.0	161.66667	153.33333	147.33333	142.66667	137.33333	134.0	131.0	132.33333	131.0	133.33333	134.33333	114.333336	
91.0	113.0	126.666664	127.0	122.666664	122.333336	123.666664	120.0	106.666664	93.0	89.0	88.0	87.666664	86.666664	93.0	102.333336	117.0	134.66667	144.0	150.66667	150.66667	155.0	160.33333	159.0	158.33333	149.33333	146.0	142.33333	136.33333	129.66667	127.333336	124.666664	123.0	124.333336	130.33333	118.333336	
102.333336	118.333336	127.0	125.666664	123.0	122.0	117.333336	110.666664	102.333336	101.0	105.333336	112.333336	108.0	85.666664	70.666664	67.333336	80.666664	102.333336	120.666664	135.33333	144.66667	151.33333	151.33333	146.66667	145.0	137.66667	131.0	116.666664	100.666664	89.666664	88.666664	90.333336	97.0	100.666664	114.0	116.333336	
108.666664	122.666664	128.33333	127.0	125.0	120.666664	111.0	107.0	112.0	122.666664	133.0	142.66667	141.33333	125.0	107.0	95.333336	97.0	104.666664	110.666664	119.0	134.66667	147.66667	147.33333	134.33333	127.333336	118.333336	103.0	84.666664	68.0	57.0	63.666668	77.333336	87.0	89.333336	100.333336	112.666664	
113.0	128.0	129.33333	125.333336	124.333336	120.333336	112.666664	111.666664	117.333336	120.666664	120.0	118.666664	115.0	113.333336	108.0	101.333336	104.666664	108.0	110.333336	120.666664	134.0	148.0	147.0	127.0	109.666664	98.666664	91.666664	84.333336	82.333336	91.666664	103.666664	112.333336	107.0	94.333336	93.333336	104.333336	
115.0	128.66667	130.0	128.0	124.333336	120.0	119.666664	116.666664	108.666664	92.0	75.333336	72.0	72.666664	87.0	91.666664	81.333336	84.333336	98.666664	105.333336	117.666664	136.33333	149.33333	144.33333	116.666664	91.333336	79.333336	73.0	77.666664	85.333336	95.0	110.666664	119.0	116.333336	102.666664	91.333336	97.333336	
112.333336	124.666664	126.666664	124.666664	124.0	125.0	126.666664	118.333336	102.0	86.666664	86.666664	96.0	102.333336	109.333336	108.666664	96.333336	95.0	108.666664	107.666664	109.666664	125.333336	142.33333	139.0	111.333336	88.0	81.0	73.333336	84.0	85.666664	75.333336	76.0	74.666664	89.333336	103.0	99.666664	101.333336	
109.333336	118.0	118.333336	120.666664	124.666664	129.33333	128.0	123.333336	115.0	112.0	119.0	128.66667	136.66667	135.0	127.0	115.666664	115.0	120.666664	109.333336	107.333336	118.0	132.0	132.0	112.666664	97.0	100.0	99.333336	112.0	116.333336	113.0	103.0	85.0	77.0	96.0	107.333336	102.333336	
105.0	113.333336	112.666664	116.0	121.333336	124.333336	124.666664	125.666664	127.0	125.333336	127.333336	132.0	139.33333	138.0	132.33333	128.33333	122.666664	115.333336	110.666664	111.333336	116.666664	127.0	129.66667	116.0	101.0	107.333336	110.666664	116.666664	129.0	128.66667	123.666664	113.666664	101.666664	102.666664	113.666664	106.666664	
106.0	113.0	112.333336	114.333336	120.0	122.333336	122.666664	125.666664	127.333336	129.66667	134.33333	138.33333	145.33333	147.0	145.66667	142.66667	132.66667	120.0	115.0	115.333336	117.0	125.0	130.0	124.0	107.0	113.0	129.66667	130.0	130.66667	129.33333	125.666664	121.333336	118.666664	114.666664	114.333336	105.333336	
113.666664	114.333336	113.0	114.333336	119.0	122.333336	123.333336	125.333336	127.0	130.66667	136.33333	143.33333	148.0	148.66667	147.66667	143.66667	132.0	122.0	117.333336	115.333336	115.666664	123.666664	129.33333	127.666664	113.666664	112.0	130.33333	139.66667	137.0	134.33333	130.0	126.0	121.333336	116.666664	113.666664	103.333336	
117.666664	116.333336	114.333336	115.333336	118.666664	122.0	124.333336	124.333336	127.0	137.66667	145.66667	148.66667	148.0	146.33333	146.33333	141.0	131.0	126.0	122.666664	118.333336	117.666664	125.0	132.0	130.0	118.0	111.666664	125.0	135.33333	134.33333	133.0	132.66667	129.33333	123.666664	117.666664	113.0	104.333336	
115.666664	114.333336	114.0	114.666664	119.333336	123.333336	124.0	124.0	130.0	141.33333	148.66667	151.0	149.0	147.66667	146.66667	143.0	138.33333	133.33333	126.333336	118.333336	113.666664	120.0	128.66667	129.0	119.333336	113.666664	120.333336	131.66667	136.33333	139.33333	138.66667	135.33333	126.0	117.333336	110.333336	103.0	
114.0	114.333336	113.0	114.0	117.0	119.666664	122.333336	125.333336	132.0	141.33333	148.66667	153.33333	152.66667	152.0	151.66667	151.33333	146.66667	132.33333	117.333336	107.666664	108.666664	118.0	128.0	128.66667	125.0	120.666664	122.666664	132.66667	138.0	141.66667	140.0	137.0	128.66667	118.333336	110.0	100.666664	
115.0	114.0	112.0	112.666664	114.666664	116.0	120.666664	123.666664	130.33333	138.0	146.0	155.66667	160.33333	162.33333	158.66667	151.66667	133.33333	111.666664	103.333336	102.333336	111.333336	123.333336	131.0	131.66667	130.33333	125.0	125.0	136.0	141.33333	145.0	141.33333	136.33333	129.0	119.333336	111.333336	98.666664	
108.333336	109.0	108.0	111.0	113.666664	114.666664	116.333336	118.333336	126.0	133.33333	144.66667	159.0	163.66667	159.0	146.33333	139.33333	122.333336	103.0	106.666664	110.0	116.0	126.333336	138.33333	145.0	139.66667	128.66667	120.666664	131.66667	142.0	148.66667	144.66667	136.66667	127.666664	116.666664	108.0	98.0	
104.666664	105.333336	104.666664	106.666664	110.666664	111.666664	112.333336	115.333336	123.0	130.0	143.0	156.33333	154.0	145.0	138.0	140.33333	125.333336	105.0	114.0	115.666664	118.333336	126.333336	148.0	159.66667	141.33333	125.0	113.333336	125.0	136.33333	144.33333	142.33333	136.0	128.0	114.0	104.666664	98.333336	
107.0	107.333336	103.333336	103.0	106.0	108.333336	110.666664	116.333336	123.666664	129.33333	139.66667	148.66667	144.0	135.33333	137.66667	140.66667	124.333336	101.333336	101.0	101.666664	104.333336	114.333336	131.33333	142.0	130.0	112.0	105.0	120.333336	130.33333	135.33333	136.0	133.33333	125.666664	111.0	102.0	95.0	
109.333336	107.666664	102.333336	101.0	105.333336	108.0	113.666664	117.0	121.333336	127.333336	134.66667	139.66667	138.0	135.66667	137.0	133.66667	121.0	105.666664	101.666664	105.333336	100.666664	100.333336	105.0	113.666664	106.666664	94.333336	99.666664	117.666664	126.333336	127.0	128.33333	125.666664	115.666664	105.666664	97.0	88.0	
106.666664	106.333336	101.0	98.0	104.666664	108.666664	115.666664	118.0	118.333336	121.333336	126.0	128.66667	132.0	134.66667	131.0	124.666664	119.333336	112.0	107.333336	108.666664	109.333336	99.666664	90.0	91.0	89.333336	91.333336	98.666664	113.0	120.333336	119.0	119.666664	117.0	108.666664	99.0	90.333336	79.666664	
103.0	103.333336	101.666664	98.333336	104.666664	110.333336	114.666664	118.666664	120.666664	120.666664	120.333336	122.0	126.0	127.333336	123.666664	118.0	115.0	114.333336	113.333336	115.0	113.0	98.666664	94.0	91.666664	89.666664	94.333336	96.0	103.333336	110.666664	107.666664	108.666664	109.666664	104.666664	94.333336	86.333336	73.0	
101.666664	103.333336	105.333336	100.0	104.0	111.333336	115.333336	120.333336	123.0	121.0	119.333336	120.666664	120.666664	119.333336	116.0	112.333336	111.0	113.0	115.333336	117.0	113.666664	98.666664	99.333336	95.666664	92.666664	95.666664	91.666664	92.333336	101.0	96.666664	98.0	106.0	101.0	92.333336	87.666664	68.333336	
102.0	103.666664	104.666664	99.666664	102.333336	109.666664	112.0	118.0	125.0	124.666664	120.0	116.666664	112.333336	106.333336	103.666664	103.0	107.0	110.0	115.333336	119.333336	112.666664	102.666664	111.0	107.666664	100.333336	96.333336	91.333336	85.0	89.333336	92.0	100.666664	109.666664	100.0	92.333336	86.666664	61.0	
102.666664	103.333336	103.666664	101.0	104.0	109.666664	108.0	113.333336	122.333336	127.666664	123.333336	113.666664	100.333336	88.666664	87.333336	94.666664	100.666664	108.666664	116.666664	121.0	116.0	112.0	119.333336	111.333336	98.333336	90.333336	87.666664	82.666664	83.0	94.666664	111.333336	113.666664	97.333336	91.333336	80.333336	48.333332	
100.0	99.333336	100.0	101.666664	105.0	109.0	106.0	109.0	118.0	126.666664	126.666664	113.0	95.0	84.333336	73.666664	73.333336	86.666664	96.333336	102.0	102.0	101.0	102.0	101.333336	95.333336	84.333336	59.666668	67.666664	86.333336	96.0	106.0	122.0	114.333336	95.333336	88.333336	73.666664	37.666668	
97.333336	96.666664	97.333336	100.666664	107.333336	111.666664	108.666664	107.666664	116.0	123.333336	124.666664	114.333336	101.333336	100.333336	95.0	79.666664	80.666664	91.333336	105.0	113.0	114.0	108.666664	97.0	85.666664	78.333336	68.333336	80.333336	95.666664	101.666664	108.0	117.333336	107.333336	92.0	87.333336	67.333336	29.666666	
93.666664	94.0	95.0	98.666664	108.333336	113.666664	111.333336	106.666664	111.666664	117.666664	119.666664	115.333336	110.0	111.666664	112.666664	104.666664	95.333336	91.666664	90.333336	95.0	95.0	89.666664	84.666664	79.666664	82.0	86.333336	91.666664	98.666664	105.0	104.0	108.0	97.333336	89.333336	87.0	77.666664	56.333332	
91.666664	91.666664	92.333336	98.0	108.666664	115.333336	114.333336	105.333336	103.666664	110.0	116.333336	116.333336	118.0	122.333336	120.333336	110.333336	107.0	107.666664	109.0	111.666664	104.0	95.666664	96.666664	98.333336	98.0	92.0	93.0	100.0	104.333336	100.333336	100.0	92.666664	91.0	92.333336	121.0	127.666664	
91.666664	89.0	89.333336	96.0	106.0	113.666664	115.333336	105.333336	99.0	106.666664	115.333336	117.333336	118.0	121.0	119.333336	113.0	108.333336	103.333336	109.0	114.333336	108.0	102.666664	100.0	99.666664	96.0	90.666664	97.0	103.0	103.333336	101.0	96.666664	92.666664	93.0	107.666664	154.0	160.33333	
93.666664	88.333336	85.333336	91.666664	101.0	109.333336	111.666664	103.333336	97.666664	106.0	115.666664	117.333336	118.0	118.666664	114.333336	113.333336	113.0	108.0	104.666664	100.0	95.666664	93.333336	92.333336	95.0	93.333336	93.333336	97.666664	101.0	101.0	98.0	93.333336	91.666664	97.666664	133.66667	169.0	159.0	
96.0	89.0	85.333336	87.666664	95.666664	105.0	107.333336	102.333336	98.0	101.666664	112.666664	119.666664	119.333336	116.333336	112.666664	113.0	116.333336	116.0	111.0	107.333336	105.333336	103.333336	102.333336	101.666664	98.0	97.0	99.0	103.0	103.333336	97.666664	90.333336	84.666664	107.0	157.33333	171.33333	153.0	
100.666664	89.333336	88.0	85.666664	90.333336	100.666664	103.666664	103.0	98.0	97.0	108.333336	117.333336	118.333336	116.666664	117.0	117.333336	119.666664	120.333336	117.333336	115.0	114.666664	112.0	107.666664	103.666664	101.0	101.0	101.333336	104.0	100.666664	93.0	85.333336	86.666664	131.33333	172.66667	168.0	139.33333	
103.333336	95.0	92.333336	90.666664	89.333336	96.333336	99.666664	101.666664	99.0	97.0	104.333336	113.0	116.666664	119.0	122.333336	123.333336	122.0	120.666664	120.0	119.0	120.333336	118.0	114.333336	110.0	108.0	105.333336	104.333336	105.666664	97.666664	91.0	84.0	103.333336	160.33333	175.33333	165.66667	129.0	
98.333336	102.333336	96.333336	96.666664	92.666664	92.333336	95.0	97.333336	99.333336	99.0	101.0	108.0	112.666664	120.333336	125.666664	126.333336	124.0	122.333336	121.333336	119.0	120.0	117.333336	116.666664	113.666664	109.0	106.333336	109.666664	108.333336	95.0	83.666664	88.0	136.33333	173.0	174.66667	161.33333	140.33333	
91.666664	103.0	100.0	96.666664	101.0	94.666664	95.0	94.333336	97.333336	96.666664	97.0	103.333336	107.666664	116.0	122.333336	126.0	125.333336	125.0	123.0	124.666664	121.333336	117.333336	119.333336	117.333336	108.333336	105.333336	107.666664	104.333336	88.666664	82.0	121.666664	170.33333	173.33333	152.33333	117.0	112.666664	
84.333336	95.333336	106.333336	102.0	104.333336	106.0	100.333336	96.333336	98.0	97.0	95.0	99.666664	104.0	110.0	117.333336	123.333336	125.333336	126.666664	128.66667	129.0	125.666664	120.333336	120.333336	116.333336	105.666664	104.666664	101.333336	91.666664	80.666664	104.666664	165.66667	183.0	164.66667	114.0	54.666668	41.0	
98.666664	91.0	106.0	110.0	103.666664	115.0	112.0	104.0	103.666664	101.333336	97.0	98.0	98.0	101.666664	107.0	112.0	121.0	126.0	126.666664	127.0	125.0	119.0	114.666664	109.333336	105.666664	103.0	90.666664	78.666664	88.333336	162.66667	188.0	182.33333	141.0	72.0	28.666666	17.333334	
175.0	134.66667	110.666664	116.0	109.333336	105.0	121.0	118.0	106.0	103.333336	100.0	99.666664	96.333336	95.666664	97.666664	99.333336	105.666664	114.333336	117.333336	116.666664	113.666664	112.0	104.333336	98.333336	94.0	86.333336	76.0	72.0	108.333336	220.0	216.33333	165.66667	99.333336	38.333332	17.666666	17.0	
