148.66667	173.33333	183.0	187.0	188.33333	187.33333	187.66667	192.33333	191.66667	188.33333	188.0	188.66667	189.66667	192.0	196.0	198.66667	196.33333	196.33333	198.66667	200.33333	202.0	202.33333	199.66667	198.0	198.0	195.33333	191.33333	189.0	184.0	178.0	171.33333	158.33333	153.0	154.66667	146.66667	142.66667	
163.33333	178.33333	184.66667	189.0	190.0	190.0	190.66667	194.66667	193.33333	189.33333	190.0	190.66667	191.66667	193.33333	196.0	198.66667	199.0	199.66667	200.33333	199.66667	201.0	200.66667	199.0	198.0	197.33333	195.0	191.33333	190.66667	186.0	181.33333	174.33333	162.33333	151.33333	155.0	155.66667	147.66667	
172.66667	179.0	186.66667	191.66667	192.0	191.66667	192.66667	193.33333	191.66667	190.33333	191.0	191.0	191.66667	191.66667	192.0	194.33333	199.0	202.0	202.66667	200.33333	199.33333	199.0	197.33333	196.66667	197.33333	193.0	190.33333	189.66667	185.66667	181.66667	174.33333	164.0	155.33333	153.0	158.33333	156.33333	
179.33333	185.0	194.0	195.0	192.66667	191.66667	193.33333	192.33333	187.66667	187.33333	189.33333	190.33333	191.33333	192.0	190.66667	193.0	198.66667	200.66667	201.66667	202.0	201.0	198.33333	195.33333	196.33333	195.33333	191.66667	189.0	187.66667	185.0	181.0	174.33333	165.0	160.0	154.66667	154.66667	157.66667	
187.33333	192.33333	196.66667	193.33333	192.0	192.66667	192.66667	190.33333	185.33333	185.33333	189.66667	192.0	194.66667	194.33333	192.33333	194.0	199.33333	200.66667	201.0	205.0	207.66667	202.66667	198.66667	196.66667	195.33333	192.33333	190.0	186.66667	184.66667	181.66667	174.0	166.0	161.0	158.33333	153.33333	157.66667	
194.33333	194.33333	193.0	188.66667	187.66667	190.33333	191.0	189.33333	185.0	184.33333	189.33333	194.66667	196.0	194.66667	196.0	196.33333	198.66667	200.66667	201.0	202.66667	202.0	199.66667	198.33333	196.33333	193.33333	189.33333	187.0	184.33333	182.33333	179.33333	171.66667	166.0	162.0	159.33333	154.33333	155.33333	
196.66667	195.66667	192.0	187.33333	188.0	187.66667	187.66667	188.33333	187.0	186.33333	191.66667	194.0	194.33333	196.66667	198.66667	197.33333	199.0	202.0	202.66667	202.33333	200.33333	198.0	196.66667	194.66667	190.66667	187.0	184.66667	183.0	181.0	177.0	169.33333	164.0	164.33333	160.66667	154.33333	153.0	
197.33333	194.66667	192.0	187.66667	187.33333	184.0	183.33333	186.0	186.33333	186.0	190.33333	192.66667	194.33333	199.0	200.66667	198.0	198.33333	201.66667	202.66667	202.0	200.66667	200.66667	197.66667	195.0	192.33333	189.33333	185.0	183.0	182.66667	178.66667	169.33333	166.0	168.66667	165.0	157.66667	153.66667	
198.0	192.33333	189.66667	185.33333	179.33333	174.0	174.66667	180.33333	183.66667	184.66667	188.0	191.66667	196.0	202.0	202.66667	201.0	199.33333	201.0	203.0	202.33333	201.33333	201.33333	198.33333	195.33333	192.66667	189.33333	185.33333	184.0	183.66667	178.33333	171.33333	169.66667	172.66667	168.0	157.66667	150.66667	
197.0	192.33333	185.0	179.66667	167.0	162.33333	169.0	178.0	183.0	184.66667	188.0	191.33333	196.33333	202.0	202.66667	202.66667	201.0	201.33333	202.0	202.33333	200.33333	199.33333	195.33333	191.0	189.33333	189.66667	188.0	186.66667	184.0	176.0	172.33333	174.0	172.66667	168.0	158.0	149.33333	
200.0	191.33333	183.33333	172.0	161.66667	160.0	168.0	177.0	181.66667	184.0	186.66667	190.66667	197.33333	203.33333	203.66667	203.66667	202.0	199.66667	199.0	199.0	196.66667	196.66667	194.0	189.0	188.33333	191.66667	190.66667	189.33333	184.66667	175.33333	172.66667	176.66667	173.66667	168.33333	159.0	149.33333	
198.0	192.33333	180.33333	166.66667	161.66667	165.0	171.0	178.33333	182.33333	185.33333	189.33333	192.66667	196.0	202.0	204.33333	207.0	205.33333	201.33333	199.66667	198.0	197.66667	198.0	198.0	191.66667	189.66667	193.0	193.66667	191.66667	182.66667	174.33333	174.0	177.0	173.0	168.33333	159.66667	148.0	
193.33333	186.66667	174.0	167.0	165.33333	168.33333	175.33333	180.0	183.66667	186.33333	190.33333	193.33333	195.66667	200.0	202.33333	205.66667	204.66667	201.0	199.0	196.66667	197.0	195.66667	193.0	188.33333	192.0	195.0	193.33333	187.0	174.0	169.33333	173.66667	175.33333	171.66667	167.0	156.66667	146.0	
185.0	185.33333	173.66667	171.0	168.66667	169.66667	174.66667	179.66667	185.33333	185.66667	189.0	189.66667	189.33333	191.0	193.66667	197.33333	194.0	191.0	192.66667	195.0	195.66667	193.0	190.66667	186.33333	193.33333	194.0	188.33333	179.66667	171.0	175.33333	179.0	174.33333	169.0	163.66667	154.0	143.33333	
161.66667	175.0	176.33333	176.0	174.0	171.66667	171.0	175.33333	180.66667	183.0	183.66667	174.66667	162.33333	161.66667	147.0	140.0	136.33333	135.33333	151.33333	169.0	173.33333	177.66667	185.33333	184.66667	187.0	190.0	188.0	185.0	176.66667	181.33333	178.33333	170.0	166.0	157.66667	151.33333	142.66667	
153.33333	153.33333	147.66667	159.66667	169.33333	167.0	169.66667	172.0	175.33333	176.33333	170.33333	154.0	126.333336	111.666664	100.0	85.0	73.0	66.0	78.666664	98.666664	128.33333	167.33333	185.0	183.0	172.66667	168.66667	164.0	166.66667	160.0	156.0	152.33333	148.33333	151.66667	146.0	144.33333	142.33333	
176.33333	181.33333	137.66667	117.333336	133.0	157.66667	169.33333	173.33333	168.0	160.66667	156.66667	152.33333	136.0	117.0	100.666664	84.666664	75.333336	70.333336	81.333336	100.333336	135.33333	165.66667	188.0	188.33333	165.33333	144.33333	120.0	110.666664	110.0	121.0	126.333336	125.666664	132.33333	125.0	129.0	137.66667	
176.33333	186.33333	163.0	138.66667	117.0	112.0	145.0	172.33333	168.0	158.33333	157.66667	163.33333	165.66667	159.33333	145.0	128.0	121.666664	121.0	131.33333	141.0	154.33333	166.66667	185.0	181.33333	162.0	140.33333	111.0	92.333336	86.333336	94.666664	102.333336	101.0	101.0	102.333336	115.666664	130.0	
160.66667	157.66667	157.66667	156.0	151.33333	133.0	137.0	169.66667	174.33333	170.33333	162.66667	160.33333	154.0	144.33333	134.33333	118.333336	121.666664	132.66667	143.33333	149.0	160.33333	168.66667	186.0	174.66667	146.66667	125.666664	122.666664	118.666664	108.0	104.333336	107.0	102.0	97.0	106.333336	121.666664	134.0	
149.33333	144.33333	154.33333	162.33333	161.66667	162.0	164.33333	177.0	179.0	180.33333	171.66667	143.0	124.0	106.666664	93.666664	97.333336	121.666664	137.0	151.66667	156.33333	162.33333	169.33333	191.33333	171.66667	132.66667	134.66667	148.33333	144.33333	129.33333	117.666664	119.0	126.666664	122.666664	113.333336	118.666664	129.33333	
148.66667	145.0	154.66667	163.33333	171.33333	176.66667	179.66667	187.33333	189.66667	190.33333	183.33333	168.66667	160.66667	144.33333	122.333336	132.0	155.66667	157.0	171.33333	175.66667	165.33333	169.0	188.66667	167.66667	135.66667	153.0	162.66667	156.33333	131.33333	103.0	88.666664	103.0	120.666664	124.0	121.666664	124.0	
148.66667	146.0	155.33333	163.0	171.66667	181.0	190.66667	195.66667	194.66667	192.33333	189.0	189.0	188.66667	187.66667	176.0	174.0	177.33333	175.66667	182.33333	169.66667	155.66667	176.33333	194.66667	180.0	148.66667	152.0	163.33333	167.0	149.66667	112.333336	105.0	107.666664	115.333336	142.66667	140.66667	112.333336	
147.0	146.0	153.66667	161.66667	169.66667	178.0	189.33333	199.0	201.0	199.33333	196.66667	198.0	205.0	207.66667	202.66667	196.33333	190.66667	190.0	187.66667	165.66667	157.66667	180.0	187.66667	176.66667	144.33333	143.0	166.66667	179.33333	176.33333	156.66667	150.0	144.33333	142.0	159.0	147.33333	94.0	
147.0	148.66667	154.33333	161.33333	167.33333	175.0	186.66667	195.33333	198.0	198.0	199.0	199.33333	200.66667	203.0	203.0	200.0	197.33333	196.33333	186.66667	173.0	168.66667	180.66667	186.0	178.33333	149.33333	153.66667	175.0	188.0	189.33333	181.33333	171.66667	163.33333	164.0	165.33333	141.0	94.666664	
147.33333	149.66667	155.33333	162.66667	166.66667	171.33333	179.66667	187.66667	190.0	190.0	194.66667	200.33333	201.33333	203.0	202.33333	200.66667	201.33333	196.33333	180.33333	174.0	172.0	180.66667	186.66667	174.0	150.0	160.66667	181.33333	193.0	195.66667	190.0	181.33333	176.0	177.66667	169.66667	138.0	93.666664	
148.0	149.66667	156.33333	162.66667	165.0	166.0	171.66667	177.66667	180.0	180.0	186.33333	194.66667	199.33333	199.0	197.66667	195.66667	196.33333	188.33333	174.0	171.33333	171.33333	180.66667	188.0	171.33333	147.0	154.33333	180.0	192.33333	197.66667	195.33333	187.0	179.0	176.0	165.0	144.33333	119.333336	
150.66667	153.33333	156.0	161.33333	163.0	164.66667	169.33333	173.33333	177.0	179.0	184.66667	193.0	200.0	199.66667	198.0	195.0	189.66667	177.0	165.0	165.66667	172.33333	181.66667	187.66667	174.66667	149.0	147.0	177.66667	188.66667	191.33333	191.33333	185.0	176.0	171.0	165.66667	154.0	131.33333	
151.66667	154.66667	156.33333	162.66667	164.66667	167.0	168.33333	168.0	170.0	175.0	184.66667	196.66667	202.0	202.0	198.66667	190.66667	179.33333	169.33333	166.66667	164.0	171.66667	184.66667	189.0	174.0	146.33333	142.66667	177.66667	186.66667	182.33333	180.66667	175.66667	166.66667	160.33333	152.33333	137.0	116.666664	
150.0	155.33333	156.33333	160.33333	165.0	168.0	169.33333	167.0	167.0	173.0	182.33333	191.33333	193.66667	194.0	186.66667	175.0	167.0	169.0	175.0	168.66667	173.66667	191.0	191.33333	175.33333	149.33333	147.0	181.33333	191.33333	184.33333	179.0	171.66667	161.33333	150.66667	140.33333	129.33333	117.0	
149.0	154.33333	155.66667	159.33333	166.33333	169.66667	172.33333	171.33333	171.66667	175.0	180.66667	185.66667	187.33333	180.66667	170.66667	166.33333	160.33333	162.66667	170.66667	165.0	171.33333	192.33333	187.0	174.33333	149.0	152.0	180.0	186.66667	182.33333	180.0	175.0	164.33333	155.0	142.66667	133.66667	121.0	
146.33333	151.66667	154.66667	160.0	167.66667	171.33333	173.66667	174.33333	175.66667	176.66667	179.33333	182.0	181.33333	163.33333	163.33333	176.66667	162.66667	145.33333	132.66667	135.33333	150.66667	169.0	173.0	149.33333	118.666664	132.66667	165.33333	181.33333	186.66667	177.66667	168.33333	157.33333	150.0	143.0	137.0	121.333336	
144.66667	145.33333	151.0	160.0	165.33333	170.0	175.66667	177.0	177.0	177.0	178.66667	179.33333	170.33333	158.0	172.0	185.66667	173.0	157.0	136.66667	129.0	128.0	138.66667	129.33333	101.666664	98.333336	128.33333	159.66667	171.66667	180.66667	174.33333	164.66667	153.66667	147.33333	144.33333	136.33333	114.0	
139.33333	141.66667	149.33333	157.33333	162.0	167.0	175.33333	178.66667	177.0	174.66667	178.0	176.0	169.0	172.33333	184.0	186.66667	185.0	182.0	178.0	169.33333	146.33333	128.33333	110.333336	105.333336	122.666664	147.66667	161.33333	167.0	173.66667	170.33333	163.0	152.0	148.33333	147.66667	133.0	107.666664	
137.0	140.66667	147.0	155.0	160.0	165.33333	172.66667	176.66667	175.33333	176.33333	180.0	176.0	178.66667	188.0	186.33333	183.0	187.0	185.66667	186.0	184.0	173.0	163.0	149.33333	141.0	149.0	160.66667	157.33333	159.33333	166.33333	168.0	161.0	151.0	147.66667	145.66667	124.333336	89.0	
123.666664	137.0	141.66667	151.0	161.0	166.66667	171.0	172.66667	174.0	177.66667	181.66667	175.66667	182.0	191.33333	184.66667	181.66667	187.33333	188.33333	190.66667	189.0	181.33333	181.0	174.0	162.66667	159.66667	159.0	155.33333	155.0	160.0	162.66667	158.0	151.0	148.33333	140.66667	114.333336	72.0	
98.0	129.33333	138.0	148.33333	159.33333	167.66667	171.66667	174.0	176.66667	179.66667	181.0	173.66667	172.33333	170.66667	171.33333	176.0	184.66667	187.33333	190.0	187.66667	184.33333	188.0	181.0	168.66667	161.0	155.33333	154.33333	153.66667	156.66667	162.66667	159.33333	152.0	148.66667	131.0	104.0	57.666668	
65.666664	115.666664	134.33333	142.66667	155.33333	167.0	172.0	175.0	178.66667	181.0	180.66667	169.33333	159.66667	151.0	152.0	150.0	155.33333	158.66667	162.66667	167.33333	172.66667	174.66667	168.33333	161.33333	152.66667	147.66667	146.66667	153.33333	154.33333	165.66667	164.0	153.33333	141.0	117.666664	88.666664	49.333332	
57.666668	101.0	125.0	137.66667	151.33333	163.33333	168.0	171.0	175.0	180.66667	184.66667	171.33333	150.33333	135.33333	119.666664	94.666664	102.0	113.333336	123.666664	129.33333	129.66667	126.0	125.0	125.0	126.333336	132.0	136.0	144.66667	151.0	169.0	162.33333	151.0	135.0	109.666664	91.666664	69.333336	
45.666668	92.333336	112.0	129.66667	143.33333	159.0	166.33333	167.33333	171.0	179.0	181.66667	168.33333	159.66667	159.66667	140.33333	117.333336	134.66667	151.66667	153.33333	137.33333	120.0	116.333336	111.666664	94.666664	76.333336	90.333336	123.666664	145.66667	160.66667	175.0	159.66667	142.33333	127.333336	105.666664	100.0	85.0	
36.666668	91.333336	109.333336	116.0	134.0	154.66667	165.33333	165.33333	167.33333	175.33333	177.66667	169.33333	171.33333	174.33333	169.66667	160.66667	162.0	173.0	174.33333	162.33333	150.66667	144.66667	139.66667	114.333336	82.333336	98.0	138.0	152.66667	166.33333	169.33333	153.0	136.0	119.333336	109.666664	124.0	105.0	
37.0	90.333336	120.333336	108.0	118.666664	145.33333	158.66667	163.0	166.33333	174.33333	175.33333	174.0	177.33333	170.33333	168.66667	173.33333	175.0	171.0	168.66667	159.33333	155.66667	153.66667	151.66667	144.33333	136.33333	139.66667	144.0	151.66667	166.33333	161.66667	141.66667	130.66667	110.666664	112.0	135.66667	104.333336	
39.0	101.0	133.33333	121.666664	113.0	131.33333	154.66667	160.66667	161.66667	173.0	175.66667	172.33333	175.33333	169.33333	159.66667	160.66667	164.66667	168.0	169.0	165.33333	160.66667	163.0	158.33333	152.66667	144.66667	131.33333	133.0	152.0	164.33333	153.33333	133.66667	123.666664	90.666664	86.666664	114.0	91.0	
38.333332	123.333336	154.0	138.0	125.0	121.333336	143.66667	155.66667	155.66667	171.66667	182.33333	175.66667	174.33333	174.33333	164.0	158.33333	155.33333	154.0	150.66667	147.33333	145.0	141.0	137.0	132.66667	123.333336	122.0	132.66667	158.33333	163.33333	141.66667	131.0	108.333336	65.0	75.666664	109.333336	91.333336	
38.666668	124.666664	178.66667	151.66667	144.0	126.333336	131.33333	142.0	145.0	163.33333	182.66667	183.33333	176.66667	178.66667	175.33333	169.66667	167.33333	169.33333	170.0	167.0	161.33333	154.0	146.33333	136.0	128.66667	132.33333	145.0	163.33333	154.0	133.33333	119.666664	68.333336	29.333334	39.333332	50.666668	53.333332	
35.666668	102.666664	199.66667	175.66667	157.0	142.66667	124.333336	124.333336	131.33333	143.33333	169.33333	183.66667	179.0	179.66667	181.66667	181.33333	181.66667	184.66667	185.66667	182.0	174.66667	165.0	157.66667	149.66667	145.66667	142.0	154.66667	161.66667	136.0	127.0	88.666664	31.333334	18.666666	22.333334	24.0	31.333334	
34.0	74.333336	197.66667	211.66667	177.66667	156.33333	136.66667	121.666664	119.666664	126.0	152.66667	174.0	178.66667	180.33333	184.33333	185.66667	183.0	183.33333	184.0	180.33333	174.0	166.0	159.33333	159.66667	154.0	147.33333	155.0	147.0	123.666664	100.0	40.666668	22.333334	19.333334	22.0	26.333334	28.0	
37.0	55.666668	166.0	230.33333	214.33333	178.66667	152.33333	137.33333	123.333336	123.0	133.33333	151.66667	168.33333	176.66667	180.33333	179.66667	175.33333	176.0	178.0	172.66667	169.33333	162.66667	156.66667	159.33333	152.33333	145.33333	139.66667	119.666664	107.333336	58.0	20.666666	22.0	22.666666	26.333334	27.666666	28.0	
36.333332	45.666668	118.0	224.33333	233.66667	221.0	184.0	155.0	135.33333	127.0	123.333336	128.33333	139.33333	155.0	167.0	165.66667	164.0	166.33333	165.0	164.66667	164.0	158.33333	154.0	153.33333	147.66667	133.66667	113.0	102.0	123.0	70.666664	21.333334	25.0	26.0	25.666666	28.333334	27.333334	
37.333332	41.666668	78.0	202.66667	238.0	238.0	225.0	192.0	160.33333	138.66667	125.0	120.666664	120.666664	126.333336	138.0	142.33333	149.66667	152.33333	151.33333	153.66667	154.66667	150.0	145.66667	138.33333	124.666664	109.333336	101.333336	131.0	170.0	96.0	26.666666	24.666666	27.666666	30.333334	31.0	31.666666	
