35.666668	41.0	45.666668	40.333332	60.0	92.333336	120.333336	135.33333	137.33333	138.0	136.33333	132.66667	135.0	139.66667	140.66667	140.33333	134.33333	133.66667	132.33333	126.0	124.0	129.66667	121.0	115.0	117.0	122.333336	123.333336	124.333336	129.33333	132.0	144.0	162.66667	161.0	153.66667	128.33333	62.0	
34.333332	39.333332	41.333332	41.666668	69.333336	105.666664	127.333336	134.66667	135.33333	138.66667	136.33333	133.0	134.0	137.0	133.33333	131.66667	130.66667	132.0	129.66667	122.0	121.0	123.333336	117.333336	114.666664	114.333336	121.333336	124.666664	127.0	131.33333	126.666664	135.0	151.0	152.0	154.0	138.66667	79.666664	
31.0	37.333332	33.666668	45.666668	86.0	122.333336	132.66667	132.0	135.0	135.33333	136.33333	136.33333	133.0	131.66667	129.33333	128.0	126.0	126.0	124.666664	121.333336	121.0	119.0	115.666664	113.0	113.333336	118.333336	122.333336	128.0	130.33333	127.0	128.0	140.0	145.0	151.66667	148.0	104.333336	
30.333334	36.333332	34.333332	50.666668	98.0	125.666664	131.33333	130.0	131.66667	131.0	132.66667	131.33333	129.0	126.666664	124.0	125.0	124.0	123.666664	121.666664	117.0	113.666664	113.666664	111.0	106.0	106.666664	115.0	120.333336	123.666664	125.0	123.666664	122.666664	131.0	140.33333	144.66667	148.0	123.666664	
32.666668	33.0	32.0	56.0	102.333336	124.333336	128.0	126.666664	126.0	125.666664	125.666664	125.0	126.666664	124.0	122.0	119.0	119.333336	118.666664	115.0	112.333336	110.666664	109.666664	110.0	110.0	112.0	115.333336	116.666664	117.0	120.0	120.0	120.0	125.0	134.33333	138.0	145.0	131.66667	
37.333332	29.333334	28.666666	58.0	101.333336	118.666664	124.333336	124.0	123.0	123.666664	124.333336	123.666664	124.666664	121.666664	121.0	114.666664	116.0	115.333336	111.666664	108.0	107.666664	108.0	107.333336	110.666664	113.0	111.666664	112.0	115.0	118.666664	120.666664	123.666664	128.66667	132.0	135.33333	141.66667	137.66667	
33.333332	25.0	26.666666	58.0	96.0	113.333336	121.0	121.333336	121.0	123.666664	123.666664	125.666664	124.0	121.666664	120.333336	119.333336	119.0	116.666664	112.0	110.333336	111.0	107.666664	106.666664	104.0	103.0	106.0	110.333336	112.666664	118.666664	124.0	128.33333	138.0	142.0	138.66667	139.0	140.66667	
25.0	21.333334	28.0	57.0	90.333336	109.0	118.666664	120.666664	121.333336	121.333336	122.333336	122.666664	122.666664	123.0	123.333336	122.333336	122.333336	120.333336	116.333336	113.666664	112.333336	108.333336	109.666664	104.666664	103.0	104.333336	110.333336	115.666664	121.666664	127.333336	133.33333	141.0	148.66667	145.66667	141.0	141.0	
21.333334	22.333334	31.0	56.333332	84.666664	101.333336	115.0	120.0	119.333336	120.333336	123.666664	124.666664	127.666664	128.0	127.333336	126.333336	126.333336	124.333336	125.0	123.0	120.0	116.666664	112.333336	107.666664	107.0	109.0	114.666664	122.0	127.333336	131.66667	137.0	140.66667	144.66667	146.33333	146.33333	146.33333	
19.666666	20.666666	31.0	55.0	79.666664	97.0	109.666664	118.666664	122.333336	123.0	124.0	126.0	127.666664	126.666664	129.0	128.0	127.333336	126.333336	128.33333	125.666664	122.333336	118.333336	114.0	112.0	110.666664	113.666664	119.333336	123.333336	126.666664	128.33333	130.33333	133.0	137.33333	141.33333	149.0	152.33333	
18.666666	20.666666	31.666666	52.666668	75.333336	92.0	109.666664	120.666664	127.666664	128.66667	128.66667	127.333336	124.666664	121.666664	123.333336	123.333336	122.333336	121.333336	123.0	121.666664	121.333336	117.666664	113.666664	114.333336	115.333336	116.0	118.0	116.0	117.333336	119.0	118.666664	124.0	131.0	138.33333	149.0	153.33333	
16.333334	24.0	31.666666	49.0	71.666664	92.0	111.333336	122.0	132.0	134.33333	134.66667	132.33333	129.0	125.0	122.333336	117.333336	113.666664	110.666664	112.0	113.666664	114.333336	111.666664	109.333336	110.0	111.333336	109.0	109.333336	107.333336	107.666664	110.666664	112.666664	116.333336	120.333336	132.0	144.33333	149.33333	
21.0	28.0	31.0	47.0	73.333336	99.0	116.666664	126.333336	133.33333	135.0	137.66667	139.33333	139.0	134.66667	127.333336	118.333336	107.333336	99.666664	97.666664	102.333336	104.0	100.666664	98.666664	98.666664	99.333336	98.0	99.333336	98.333336	95.0	97.666664	101.0	100.0	102.0	109.666664	125.666664	136.33333	
26.333334	27.0	30.666666	54.666668	87.666664	111.333336	122.666664	128.66667	131.66667	131.0	132.66667	132.66667	124.666664	116.0	110.0	105.666664	99.0	92.333336	87.666664	89.333336	86.0	85.333336	89.666664	91.333336	91.333336	92.0	91.333336	83.666664	76.333336	72.0	68.0	64.666664	68.0	78.0	92.666664	107.666664	
28.0	27.666666	41.666668	80.0	111.0	120.0	123.666664	125.0	122.666664	117.666664	109.0	100.666664	90.333336	80.333336	73.0	68.666664	67.0	65.666664	68.333336	73.333336	73.0	78.0	85.666664	89.333336	88.666664	86.666664	81.0	69.666664	58.0	48.666668	43.333332	47.0	51.666668	58.0	69.666664	85.333336	
29.0	31.666666	64.0	103.666664	119.0	122.666664	123.333336	115.333336	99.0	86.333336	74.666664	65.333336	60.666668	58.333332	51.333332	41.666668	36.0	38.0	47.0	52.666668	58.333332	69.0	81.0	94.666664	98.0	89.333336	72.0	53.333332	43.333332	32.666668	27.333334	34.0	41.333332	43.333332	55.666668	77.666664	
33.0	42.666668	92.333336	119.666664	123.666664	122.0	109.666664	92.333336	77.333336	68.333336	59.333332	48.333332	46.0	41.0	35.333332	41.666668	36.333332	31.666666	36.0	38.0	44.333332	61.666668	92.666664	119.666664	123.0	103.0	59.0	37.333332	40.666668	37.333332	33.666668	40.333332	59.333332	43.333332	39.0	64.333336	
38.0	58.333332	112.333336	127.333336	125.0	112.0	89.0	73.666664	63.666668	50.666668	35.666668	36.0	47.333332	38.0	36.333332	59.0	58.333332	32.666668	31.666666	34.0	37.666668	61.666668	111.666664	139.66667	140.33333	119.0	61.0	32.666668	35.333332	45.0	52.333332	64.333336	77.0	73.0	73.333336	72.0	
42.0	76.666664	123.0	132.0	125.0	106.0	83.333336	64.333336	48.0	40.0	39.333332	45.333332	59.0	51.666668	52.0	65.333336	52.333332	33.666668	29.666666	36.666668	42.666668	80.666664	127.666664	147.66667	146.66667	137.66667	89.666664	49.0	41.666668	50.666668	60.666668	71.0	81.666664	99.0	114.0	111.0	
48.333332	90.666664	126.0	129.0	123.0	110.0	94.666664	85.333336	79.0	82.666664	81.666664	73.666664	67.666664	63.666668	58.0	52.333332	44.333332	37.0	33.666668	47.666668	75.0	113.0	134.33333	147.0	146.66667	147.0	128.0	85.666664	57.666668	54.666668	61.666668	71.666664	84.666664	97.333336	117.666664	132.0	
60.333332	98.666664	123.666664	126.666664	124.333336	120.333336	116.0	113.666664	111.666664	107.666664	101.0	89.666664	79.333336	71.666664	63.333332	54.666668	52.0	49.0	56.333332	87.333336	115.333336	129.33333	134.0	143.33333	145.33333	146.0	149.33333	128.33333	103.333336	83.0	76.333336	87.333336	95.0	104.333336	125.0	147.66667	
69.333336	103.666664	120.0	125.0	125.666664	128.66667	128.33333	125.333336	125.333336	114.333336	100.666664	92.0	89.333336	88.666664	87.666664	83.333336	85.0	92.666664	115.666664	128.0	126.666664	125.666664	123.666664	134.33333	142.33333	145.0	156.0	143.0	141.66667	132.66667	104.333336	91.333336	96.666664	112.666664	134.66667	157.0	
74.666664	102.333336	116.0	120.666664	125.666664	129.33333	134.33333	137.33333	136.66667	129.0	120.0	115.0	112.666664	113.333336	113.333336	116.0	130.66667	145.33333	148.0	137.0	126.0	119.333336	115.666664	128.66667	136.33333	139.0	152.66667	148.33333	147.66667	155.0	144.33333	121.333336	102.666664	105.333336	126.0	148.0	
78.333336	97.666664	107.333336	116.0	120.0	125.0	132.33333	136.0	141.0	140.0	139.0	134.0	126.333336	123.0	130.33333	139.0	148.33333	152.0	145.0	131.33333	118.666664	109.666664	113.0	131.66667	146.66667	150.33333	155.66667	159.33333	141.66667	146.33333	149.66667	144.33333	125.666664	110.666664	113.666664	124.333336	
82.666664	91.333336	101.333336	110.666664	112.666664	117.333336	122.666664	124.0	129.0	133.33333	136.0	136.0	131.33333	133.33333	143.33333	149.0	147.33333	142.33333	132.33333	118.666664	103.333336	99.666664	116.666664	136.66667	151.0	157.66667	151.66667	164.0	136.0	129.66667	135.0	137.33333	132.66667	116.666664	108.0	106.333336	
91.666664	90.333336	97.666664	103.333336	105.666664	113.0	116.0	112.666664	111.333336	115.333336	119.0	120.0	124.666664	133.0	140.33333	140.66667	136.33333	131.66667	119.0	101.0	88.333336	101.333336	122.0	141.66667	148.33333	140.33333	137.66667	153.0	137.33333	112.333336	118.333336	120.666664	123.333336	116.333336	105.666664	101.333336	
97.0	92.666664	92.333336	95.0	101.0	104.0	106.333336	106.666664	108.0	108.333336	113.333336	119.0	122.333336	127.666664	132.0	130.33333	126.333336	118.333336	105.333336	83.666664	95.666664	120.0	126.0	137.66667	134.66667	124.0	124.666664	134.0	132.66667	100.333336	102.666664	106.666664	112.333336	110.666664	106.0	104.666664	
96.666664	91.666664	89.0	89.666664	95.333336	98.0	99.666664	102.0	102.666664	107.333336	113.0	118.0	118.0	119.0	121.0	120.666664	117.0	106.666664	92.0	74.666664	100.0	119.333336	110.0	111.333336	111.333336	107.666664	105.666664	110.666664	119.666664	99.666664	90.333336	97.0	104.0	106.666664	106.0	107.0	
98.333336	88.666664	85.333336	82.666664	86.333336	90.666664	94.666664	98.666664	100.0	103.666664	107.666664	111.0	108.666664	108.0	109.666664	109.0	107.333336	97.0	83.333336	70.333336	90.666664	95.0	71.333336	69.0	83.333336	89.333336	89.0	88.666664	98.666664	97.0	87.666664	94.0	99.0	102.666664	105.333336	108.666664	
97.333336	92.666664	87.0	85.333336	85.0	86.0	89.333336	93.666664	95.666664	99.666664	104.333336	103.0	100.333336	99.666664	101.333336	102.0	98.333336	88.666664	79.666664	72.333336	74.0	60.666668	35.333332	39.666668	65.0	75.0	77.666664	65.333336	79.333336	93.0	88.333336	90.0	97.333336	103.0	104.333336	105.0	
86.0	93.333336	87.0	85.0	87.666664	85.666664	85.0	91.0	94.333336	96.666664	100.333336	99.666664	100.666664	101.333336	99.666664	97.666664	91.333336	85.333336	92.333336	98.0	86.333336	67.0	48.0	45.333332	56.666668	66.333336	71.0	78.333336	96.0	107.666664	96.0	89.0	95.333336	101.333336	105.666664	108.666664	
77.333336	92.0	87.333336	85.666664	87.333336	84.666664	81.0	86.333336	94.333336	95.333336	98.0	100.0	101.333336	100.333336	98.333336	92.666664	87.666664	94.666664	114.666664	122.0	113.666664	96.333336	66.0	52.0	56.333332	63.0	71.0	92.333336	111.333336	122.0	111.666664	97.0	94.666664	99.0	104.333336	110.666664	
80.666664	89.666664	86.666664	84.666664	89.333336	87.333336	81.333336	83.0	91.0	93.666664	96.333336	98.333336	97.666664	96.333336	94.333336	90.0	92.0	109.333336	124.0	124.0	105.666664	89.0	75.666664	66.0	63.0	66.666664	71.666664	85.333336	106.0	122.666664	120.666664	109.333336	99.333336	98.666664	102.333336	108.666664	
87.666664	89.333336	85.666664	81.0	88.333336	90.0	85.0	84.666664	88.0	90.666664	92.666664	94.333336	93.666664	91.333336	91.333336	91.0	102.333336	116.0	116.333336	113.333336	97.666664	83.333336	75.666664	78.0	80.333336	80.0	78.333336	86.0	94.0	109.333336	120.0	117.333336	104.333336	99.0	103.0	108.333336	
87.333336	86.666664	85.0	82.666664	85.0	90.0	88.0	86.333336	85.333336	88.0	89.333336	92.0	92.0	90.0	88.333336	92.333336	103.666664	106.0	103.333336	102.333336	98.333336	84.666664	73.333336	79.0	89.666664	96.666664	85.333336	83.333336	91.666664	102.0	106.0	111.666664	108.333336	101.666664	105.666664	107.666664	
87.333336	85.0	84.666664	81.333336	83.666664	88.333336	88.666664	86.0	83.666664	87.333336	90.0	91.0	92.666664	91.666664	92.0	95.333336	95.666664	89.0	90.333336	88.0	80.0	64.666664	60.666668	63.0	68.0	71.666664	70.666664	69.666664	71.0	84.333336	84.666664	88.0	102.0	107.0	107.666664	109.0	
93.0	87.666664	83.333336	76.333336	81.333336	86.333336	89.0	87.333336	86.333336	89.666664	90.666664	92.0	94.333336	95.0	93.666664	88.0	76.0	62.666668	68.0	67.333336	56.333332	52.666668	54.0	57.666668	58.0	56.666668	59.666668	61.666668	57.0	60.666668	71.0	64.0	83.0	107.333336	107.333336	110.333336	
96.333336	91.0	80.666664	71.333336	76.666664	82.333336	87.0	88.333336	86.666664	87.666664	89.666664	91.666664	96.0	98.333336	89.0	72.0	57.0	52.666668	54.333332	45.0	39.666668	40.333332	42.0	57.666668	64.666664	56.0	36.333332	31.333334	38.0	48.333332	52.333332	54.333332	83.666664	108.666664	111.0	111.0	
93.333336	89.0	79.0	67.333336	71.0	79.0	84.666664	84.666664	85.666664	86.333336	88.333336	90.666664	93.333336	94.666664	80.333336	64.0	51.0	48.333332	39.333332	23.333334	20.0	22.666666	32.333332	45.0	53.0	33.333332	21.0	20.333334	24.333334	41.0	50.666668	66.0	91.0	107.333336	112.666664	113.333336	
90.666664	85.333336	80.333336	68.666664	67.333336	74.666664	81.333336	83.0	83.333336	83.666664	86.333336	87.333336	88.0	87.666664	75.0	68.333336	66.666664	74.333336	74.666664	62.0	50.333332	49.666668	49.666668	44.333332	42.0	33.666668	37.333332	50.0	66.333336	87.0	100.666664	93.333336	92.333336	101.0	110.0	113.0	
87.666664	82.0	79.666664	69.0	63.333332	68.0	74.666664	79.333336	81.333336	79.666664	81.0	81.0	79.0	79.333336	75.0	79.0	81.333336	88.0	97.0	99.333336	104.0	108.333336	106.666664	92.0	85.666664	82.0	85.0	98.333336	102.333336	112.666664	113.666664	105.666664	101.0	103.0	111.333336	120.333336	
85.0	80.0	77.333336	71.0	60.666668	60.333332	68.0	74.333336	78.666664	78.0	78.0	79.333336	75.666664	74.0	78.0	82.333336	83.666664	80.0	76.0	76.666664	86.333336	91.0	100.666664	103.0	97.333336	97.0	98.666664	94.333336	87.333336	92.666664	100.0	105.333336	102.0	105.333336	110.333336	130.33333	
83.0	78.0	74.0	71.0	60.666668	54.333332	60.333332	67.666664	70.666664	75.0	77.333336	77.666664	76.0	77.333336	80.333336	80.0	78.0	73.333336	66.333336	61.666668	60.666668	61.666668	61.333332	64.333336	64.666664	64.333336	69.0	69.333336	71.333336	82.666664	95.333336	104.666664	105.333336	107.0	93.0	99.666664	
82.0	74.0	69.333336	65.0	61.333332	55.0	52.0	59.666668	65.666664	69.0	74.333336	75.333336	76.333336	76.333336	75.666664	75.666664	75.333336	71.666664	66.333336	63.333332	60.333332	55.0	41.666668	33.0	34.666668	42.0	55.666668	67.666664	78.333336	86.0	95.333336	106.333336	112.0	132.33333	119.333336	82.333336	
80.333336	73.333336	68.0	64.0	61.0	55.666668	50.0	52.666668	59.333332	63.666668	69.333336	71.333336	73.666664	75.0	75.333336	75.666664	76.0	76.0	77.0	75.333336	69.333336	58.0	44.666668	39.333332	42.0	50.333332	69.0	85.333336	94.0	97.0	100.666664	107.0	126.666664	188.66667	198.33333	131.33333	
79.333336	72.0	67.333336	63.0	60.333332	56.666668	49.666668	45.666668	50.0	53.666668	59.0	65.666664	73.0	77.0	75.333336	79.0	82.666664	85.666664	88.0	93.333336	91.333336	78.0	62.333332	60.666668	63.666668	73.666664	93.333336	105.666664	111.0	108.333336	111.333336	114.333336	163.0	195.0	197.0	178.0	
78.666664	73.333336	68.0	59.0	58.333332	58.0	51.666668	47.333332	46.333332	48.666668	51.333332	59.666668	66.666664	70.333336	72.666664	78.666664	84.666664	88.0	93.0	98.0	96.666664	92.333336	82.0	77.333336	75.333336	79.333336	89.0	100.666664	110.0	113.333336	116.666664	140.66667	193.0	181.0	181.33333	182.33333	
80.666664	74.333336	69.0	61.333332	56.666668	54.666668	51.666668	47.666668	45.0	44.0	45.666668	51.333332	57.333332	63.0	67.666664	72.0	82.333336	87.0	87.666664	89.333336	89.0	84.666664	81.666664	78.0	72.0	76.333336	81.666664	89.666664	98.0	106.666664	125.333336	181.33333	195.66667	175.33333	168.66667	182.66667	
83.333336	75.333336	68.666664	63.666668	59.0	55.0	53.666668	50.0	49.0	45.666668	43.333332	43.333332	46.666668	53.666668	58.0	64.666664	77.333336	76.333336	75.333336	73.333336	74.666664	72.0	72.333336	68.666664	63.666668	67.666664	72.0	76.0	82.333336	91.666664	140.0	194.0	190.33333	174.66667	160.66667	177.66667	
