11.666667	23.0	35.0	41.333332	46.666668	63.333332	87.666664	114.0	127.333336	131.0	137.0	141.33333	143.0	144.0	146.0	150.33333	150.33333	150.66667	157.33333	158.66667	157.33333	158.0	160.33333	162.66667	164.33333	155.0	148.0	142.66667	136.66667	128.66667	112.0	92.333336	70.666664	50.0	31.333334	22.0	
15.0	27.333334	44.333332	53.0	67.0	95.666664	115.666664	130.33333	134.66667	138.0	144.33333	147.0	149.66667	152.66667	156.0	159.33333	159.66667	158.33333	162.0	163.0	163.66667	167.33333	170.66667	173.33333	174.0	165.66667	159.33333	156.0	149.33333	139.66667	127.666664	114.666664	95.0	69.666664	43.0	27.0	
19.0	28.333334	49.333332	65.333336	88.666664	115.666664	123.333336	132.33333	141.33333	147.66667	154.66667	158.66667	156.33333	155.0	153.66667	153.66667	154.0	154.0	155.33333	158.33333	166.33333	177.66667	185.33333	186.66667	181.66667	172.66667	166.0	162.33333	156.0	148.33333	138.66667	129.33333	113.333336	91.0	62.333332	36.333332	
21.666666	36.333332	58.0	78.0	102.666664	122.666664	126.0	137.0	147.66667	152.66667	157.33333	162.33333	161.33333	159.33333	155.33333	157.33333	160.33333	160.66667	160.33333	165.66667	177.66667	193.0	198.33333	196.33333	195.33333	186.33333	173.33333	161.33333	153.66667	150.0	145.66667	134.66667	119.0	101.333336	78.333336	51.0	
28.0	51.0	73.0	85.666664	108.0	124.0	128.0	138.0	145.66667	151.33333	155.0	159.66667	159.0	158.66667	157.0	157.66667	160.0	160.0	157.33333	159.66667	171.66667	186.33333	193.0	191.0	188.66667	183.33333	174.66667	165.66667	158.0	153.0	152.33333	146.0	131.33333	111.333336	87.0	59.0	
29.666666	54.666668	78.333336	91.0	108.333336	126.0	131.33333	136.66667	146.66667	152.33333	152.0	154.66667	152.0	153.0	155.0	155.33333	162.33333	166.0	160.33333	156.66667	159.33333	166.0	169.66667	169.66667	172.33333	171.33333	167.33333	165.33333	163.33333	158.0	156.66667	156.66667	145.33333	124.666664	99.0	67.333336	
28.333334	53.0	75.0	95.666664	113.666664	128.66667	139.0	145.33333	154.33333	158.66667	158.0	162.33333	162.66667	165.33333	167.66667	168.0	178.33333	183.0	172.0	164.33333	166.0	174.66667	185.0	190.0	188.0	180.66667	172.0	167.33333	166.33333	165.0	161.66667	159.66667	150.66667	138.33333	119.666664	88.0	
30.666666	58.333332	76.333336	100.333336	122.0	133.66667	147.66667	157.0	161.0	166.0	167.0	171.0	173.0	175.0	171.33333	170.0	183.0	187.66667	172.33333	170.66667	170.66667	174.33333	187.33333	195.66667	194.0	183.0	169.0	164.66667	167.0	169.33333	168.33333	163.0	152.33333	141.66667	122.333336	89.0	
35.0	57.333332	77.0	102.666664	119.666664	124.666664	133.33333	139.66667	140.66667	146.0	153.66667	162.66667	173.33333	178.0	173.33333	168.66667	183.33333	186.66667	171.33333	178.0	172.0	161.0	168.66667	173.0	163.33333	150.0	139.66667	142.33333	154.0	164.66667	172.33333	167.0	154.0	144.66667	124.666664	87.333336	
33.666668	47.333332	72.0	102.333336	113.666664	102.0	90.0	87.333336	90.666664	104.666664	120.666664	138.33333	160.33333	175.66667	173.33333	167.33333	178.66667	178.66667	165.66667	176.66667	162.0	139.33333	133.66667	125.333336	108.333336	102.666664	106.0	119.666664	134.66667	149.0	164.66667	169.0	160.33333	151.33333	138.33333	102.333336	
35.666668	48.666668	77.333336	94.333336	87.0	74.666664	72.666664	84.0	96.333336	116.0	133.66667	142.66667	159.33333	186.0	183.66667	172.66667	178.0	174.33333	168.66667	181.33333	173.33333	167.0	173.0	164.66667	145.0	135.0	127.333336	118.666664	112.0	122.666664	143.66667	163.66667	165.33333	155.33333	148.0	120.333336	
36.0	54.666668	79.666664	83.333336	75.666664	83.0	101.666664	125.0	142.66667	155.66667	166.0	165.66667	170.0	190.66667	190.0	178.66667	182.33333	179.33333	180.66667	190.0	187.33333	191.33333	200.0	199.66667	193.0	184.66667	171.33333	151.0	129.0	119.333336	128.0	151.33333	162.0	155.33333	152.0	136.66667	
40.333332	60.333332	76.333336	81.333336	95.666664	114.333336	133.66667	150.33333	165.33333	172.66667	178.0	180.66667	176.33333	180.0	182.33333	179.66667	189.33333	184.33333	185.33333	188.0	187.33333	190.33333	192.66667	193.0	184.33333	176.0	174.0	173.66667	166.33333	151.0	138.0	148.66667	157.66667	153.0	151.33333	147.33333	
42.333332	64.666664	80.0	91.333336	118.0	131.0	141.66667	154.0	165.0	176.66667	184.0	188.33333	183.0	179.0	177.66667	177.33333	189.66667	183.0	183.33333	183.0	186.33333	194.0	183.66667	173.33333	166.33333	164.66667	164.33333	167.66667	172.0	173.33333	160.0	158.66667	163.33333	158.33333	151.66667	147.33333	
34.0	63.666668	87.333336	111.666664	127.0	129.33333	137.33333	140.66667	156.33333	165.66667	178.66667	195.33333	192.33333	184.66667	177.0	175.66667	185.33333	178.66667	182.0	184.0	186.0	190.0	167.0	148.0	126.0	122.0	131.33333	153.33333	166.0	173.33333	171.33333	169.66667	171.66667	167.0	155.0	148.33333	
34.0	66.333336	93.666664	122.0	125.333336	113.333336	101.666664	65.333336	76.333336	115.0	152.66667	182.33333	196.66667	185.66667	167.66667	168.66667	180.66667	178.33333	186.66667	187.66667	182.66667	169.33333	142.33333	128.0	73.0	49.666668	68.0	125.0	140.0	160.66667	175.0	175.0	175.66667	173.0	160.66667	152.33333	
40.333332	74.666664	103.333336	125.0	112.666664	99.333336	92.0	55.666668	72.0	124.0	149.66667	158.0	189.0	182.66667	160.0	160.66667	170.0	167.33333	174.33333	189.33333	179.0	148.33333	132.0	151.66667	100.0	65.333336	95.333336	149.66667	134.0	141.33333	168.33333	174.0	175.66667	179.0	169.0	156.66667	
48.0	81.333336	116.333336	130.66667	112.666664	112.666664	123.666664	99.333336	113.333336	162.66667	160.33333	155.66667	180.66667	168.0	150.66667	153.0	161.33333	156.66667	155.66667	177.33333	175.0	146.66667	131.33333	165.66667	162.33333	136.33333	151.66667	159.0	149.33333	149.66667	162.33333	171.66667	179.33333	181.33333	174.33333	160.66667	
53.666668	91.666664	126.333336	135.66667	120.0	125.333336	141.33333	144.66667	154.0	162.66667	167.66667	178.66667	177.66667	152.0	141.33333	147.33333	158.0	158.66667	154.33333	155.0	167.0	161.33333	151.0	163.0	169.66667	174.0	176.0	172.0	170.33333	171.33333	168.33333	171.0	179.33333	181.0	174.33333	161.33333	
57.0	104.666664	131.33333	135.33333	135.66667	150.0	161.33333	166.66667	171.0	178.0	185.33333	184.33333	165.0	141.66667	136.33333	144.33333	155.33333	158.66667	157.0	149.0	158.33333	170.66667	173.0	176.33333	181.0	188.33333	189.33333	187.33333	185.66667	180.33333	173.33333	169.33333	171.66667	173.66667	169.66667	161.33333	
60.666668	111.0	129.33333	136.66667	151.0	164.33333	168.33333	173.66667	178.0	182.33333	183.0	171.0	149.33333	133.0	134.0	145.66667	156.0	160.33333	162.33333	158.33333	158.0	174.66667	184.33333	181.0	184.33333	187.33333	185.33333	184.0	182.33333	178.33333	172.33333	167.66667	165.33333	165.0	163.0	159.33333	
71.666664	108.0	126.666664	139.0	155.33333	166.66667	170.0	179.66667	182.0	179.0	173.33333	161.66667	142.33333	127.333336	135.33333	150.66667	160.0	161.33333	164.66667	167.66667	165.0	170.0	180.66667	181.0	183.33333	187.0	183.33333	179.0	176.0	173.0	170.0	167.33333	165.0	163.0	159.0	155.33333	
95.666664	114.666664	137.66667	147.33333	157.66667	169.66667	174.0	181.33333	176.33333	169.33333	166.33333	155.33333	133.66667	121.0	135.33333	155.33333	162.66667	160.0	158.66667	165.0	167.0	170.0	176.66667	177.33333	179.66667	181.0	177.66667	177.66667	180.0	179.66667	177.66667	173.33333	167.66667	164.66667	160.0	154.0	
101.666664	118.0	143.0	157.33333	168.33333	176.66667	179.33333	175.66667	169.33333	168.0	170.33333	157.66667	128.0	121.333336	139.66667	157.33333	162.33333	159.66667	157.0	163.33333	170.33333	176.66667	180.0	177.66667	180.0	179.0	177.33333	181.0	189.66667	197.66667	194.0	184.0	174.33333	169.0	164.0	155.66667	
101.333336	124.0	147.33333	161.66667	169.0	174.33333	179.33333	176.0	170.0	176.33333	180.66667	156.66667	125.0	129.33333	153.0	170.0	169.66667	160.33333	151.33333	154.0	161.0	175.66667	183.33333	179.66667	176.66667	176.66667	178.0	182.66667	190.0	197.0	195.33333	187.66667	177.66667	171.0	165.33333	156.66667	
104.0	129.0	150.0	158.66667	163.33333	172.0	178.66667	178.66667	179.66667	190.33333	177.66667	144.33333	126.0	143.66667	174.66667	189.66667	183.66667	170.66667	161.0	154.33333	148.66667	157.66667	171.66667	176.0	174.66667	176.33333	180.33333	185.33333	189.0	191.33333	189.33333	182.66667	175.33333	169.66667	165.0	158.0	
111.0	128.33333	146.66667	153.0	161.0	173.0	177.66667	182.33333	193.66667	193.66667	160.33333	136.33333	135.0	156.33333	184.0	201.0	198.33333	185.33333	173.0	169.33333	157.0	148.0	158.33333	173.33333	179.33333	180.66667	184.66667	188.66667	194.0	195.33333	185.33333	173.33333	166.66667	164.33333	164.33333	160.66667	
117.666664	123.666664	137.0	151.33333	163.0	172.66667	178.33333	187.0	199.0	184.33333	149.66667	142.33333	139.66667	151.66667	167.66667	175.33333	177.33333	172.66667	160.66667	164.33333	170.66667	153.0	147.33333	165.33333	179.33333	186.0	191.0	192.33333	193.0	193.0	183.0	170.33333	163.33333	162.0	165.0	159.66667	
106.0	121.333336	125.333336	141.66667	159.33333	169.66667	177.33333	188.33333	196.33333	178.0	146.66667	137.66667	128.0	126.333336	138.0	145.33333	146.66667	134.66667	116.333336	122.333336	149.0	151.66667	152.66667	165.66667	175.33333	187.0	197.33333	197.33333	191.0	188.33333	180.33333	170.0	163.33333	163.0	166.0	156.0	
91.666664	129.33333	124.666664	130.66667	152.0	165.66667	173.66667	186.66667	192.66667	174.33333	147.66667	143.33333	146.33333	141.66667	134.66667	135.66667	140.0	143.66667	137.66667	135.33333	140.33333	145.0	158.0	169.66667	173.33333	186.0	197.0	198.0	191.33333	184.0	176.0	168.66667	164.33333	165.0	165.0	153.0	
76.666664	127.333336	130.66667	131.0	144.66667	157.0	168.66667	182.66667	185.0	166.0	147.66667	144.0	146.0	146.33333	155.0	157.33333	158.33333	164.0	163.0	160.66667	154.33333	153.33333	162.0	168.33333	173.0	184.66667	191.0	190.0	185.0	175.66667	169.66667	166.66667	166.66667	167.0	162.0	149.0	
57.333332	112.666664	135.33333	134.0	133.33333	145.0	165.33333	181.0	172.66667	151.0	141.33333	141.66667	149.0	152.33333	165.66667	171.33333	170.0	173.33333	167.33333	165.66667	166.33333	168.33333	167.33333	165.66667	170.33333	180.66667	187.33333	183.33333	176.66667	170.0	164.0	166.0	170.0	169.33333	160.66667	144.33333	
39.0	91.666664	131.66667	136.66667	132.66667	141.66667	164.33333	173.33333	156.33333	141.66667	141.0	143.66667	154.33333	159.33333	174.66667	177.66667	170.33333	176.33333	172.66667	171.0	169.33333	167.33333	165.66667	165.0	165.33333	170.33333	180.0	182.66667	175.66667	168.66667	164.0	168.66667	171.33333	167.33333	157.33333	140.0	
26.333334	72.333336	120.0	136.66667	136.66667	145.0	166.33333	161.66667	138.66667	135.33333	143.66667	148.66667	155.66667	154.33333	164.66667	164.0	161.66667	171.66667	171.0	171.0	169.66667	168.66667	170.33333	169.0	164.0	161.66667	174.66667	182.33333	176.33333	169.0	168.33333	173.33333	172.0	163.33333	154.0	138.0	
18.0	49.0	102.0	130.0	135.66667	146.66667	166.33333	154.0	131.66667	131.0	137.0	139.66667	141.66667	135.33333	140.33333	146.0	149.66667	151.66667	152.66667	160.0	168.66667	170.0	170.66667	166.33333	162.66667	158.66667	168.0	177.33333	177.66667	174.0	172.33333	173.66667	171.66667	161.66667	149.33333	134.66667	
15.0	31.333334	80.666664	117.666664	133.33333	148.66667	167.0	153.0	130.0	123.333336	118.0	117.333336	111.333336	105.0	107.0	118.0	120.0	107.0	109.0	124.0	137.66667	145.33333	156.66667	162.0	162.33333	159.0	164.66667	174.33333	179.0	175.33333	171.66667	172.0	169.33333	159.33333	142.33333	127.0	
15.666667	21.333334	62.333332	106.0	128.33333	149.33333	169.0	157.0	132.33333	114.0	101.0	97.333336	90.666664	91.333336	96.0	102.666664	106.0	106.0	112.0	114.0	114.333336	113.666664	125.666664	140.0	153.33333	159.66667	167.0	175.66667	178.33333	172.0	168.0	168.0	165.66667	155.66667	137.66667	123.333336	
14.333333	16.0	42.666668	89.333336	120.333336	144.66667	167.33333	162.0	137.66667	120.333336	111.333336	106.666664	104.666664	109.333336	117.0	123.0	129.0	137.66667	141.33333	138.66667	133.33333	130.33333	136.0	140.66667	147.33333	158.0	169.66667	177.0	177.0	170.33333	166.33333	164.66667	158.66667	146.33333	130.33333	121.333336	
16.333334	17.0	28.333334	62.333332	109.333336	136.33333	162.66667	163.33333	142.66667	129.0	123.0	120.666664	123.666664	124.0	127.0	135.66667	145.33333	153.66667	150.0	145.66667	141.33333	145.66667	152.33333	152.66667	153.33333	160.0	169.0	173.66667	172.66667	167.0	161.66667	156.66667	145.33333	130.66667	124.0	119.0	
14.0	14.0	18.0	36.666668	92.333336	124.0	149.0	156.0	139.66667	129.0	123.333336	123.666664	124.0	124.666664	128.33333	129.66667	130.66667	133.33333	134.66667	138.66667	143.66667	151.0	154.0	153.0	155.0	159.66667	161.66667	161.66667	163.33333	163.66667	157.66667	150.33333	136.0	122.333336	122.333336	113.0	
13.0	11.666667	14.0	21.0	64.0	107.333336	132.66667	142.0	135.66667	130.66667	127.333336	125.333336	123.0	121.0	126.666664	131.33333	129.0	133.33333	136.66667	140.33333	146.33333	150.66667	153.66667	156.33333	158.33333	159.33333	156.0	151.0	150.0	154.0	150.0	138.33333	125.0	116.0	111.666664	98.333336	
13.0	13.333333	17.666666	20.333334	37.333332	81.666664	119.333336	128.66667	131.33333	135.66667	134.33333	132.33333	136.0	134.33333	139.66667	148.33333	149.66667	153.66667	156.33333	156.33333	155.0	154.66667	157.33333	160.33333	162.66667	162.66667	157.0	151.0	145.33333	146.0	142.33333	126.666664	112.0	102.666664	93.0	84.333336	
18.666666	20.0	22.0	20.666666	22.666666	49.333332	94.0	110.333336	117.0	137.66667	142.33333	142.0	147.33333	147.33333	153.0	160.66667	165.33333	170.0	171.66667	170.66667	167.33333	166.33333	163.66667	160.66667	160.66667	159.66667	154.66667	148.33333	143.66667	142.0	133.33333	116.333336	103.0	95.666664	87.0	85.333336	
22.333334	22.0	21.333334	19.666666	19.0	23.333334	58.333332	91.0	102.0	127.666664	142.33333	146.66667	150.0	153.66667	160.33333	165.33333	169.0	172.33333	171.0	173.0	175.33333	176.0	169.66667	162.66667	160.33333	157.66667	151.0	144.33333	139.66667	134.66667	119.0	104.0	96.0	94.0	89.666664	90.333336	
21.333334	20.0	21.333334	18.333334	17.0	14.333333	36.333332	64.0	83.666664	110.666664	137.33333	143.66667	148.66667	158.33333	161.0	166.33333	170.0	172.33333	172.66667	175.0	177.0	176.33333	172.33333	165.33333	158.33333	152.0	142.66667	134.33333	127.333336	119.333336	107.0	99.0	98.333336	100.0	96.0	92.0	
20.333334	20.333334	22.0	20.666666	17.333334	18.666666	60.666668	74.666664	67.333336	83.666664	110.333336	131.66667	144.66667	151.0	153.66667	157.33333	160.0	161.0	161.33333	162.66667	166.33333	171.33333	166.66667	155.66667	146.66667	140.0	128.33333	118.333336	111.333336	106.333336	105.333336	104.0	103.333336	101.333336	101.666664	99.333336	
21.666666	21.333334	22.0	18.666666	14.0	17.666666	83.0	123.333336	82.666664	68.666664	81.0	105.0	128.0	138.33333	141.0	144.33333	146.0	146.33333	149.0	154.33333	159.66667	163.0	148.66667	133.66667	129.33333	124.666664	116.333336	108.333336	106.666664	106.666664	106.0	106.333336	105.666664	106.666664	107.333336	107.0	
24.333334	23.0	19.333334	14.333333	11.666667	19.0	77.0	159.33333	125.0	83.666664	81.0	84.333336	98.333336	115.666664	119.333336	120.0	123.333336	129.33333	135.0	139.66667	139.0	135.33333	122.666664	116.0	117.666664	116.333336	111.333336	107.666664	109.666664	111.0	111.0	113.0	112.333336	116.0	113.333336	110.0	
24.333334	20.666666	17.0	12.666667	9.666667	18.0	65.0	164.0	165.33333	117.666664	97.0	96.333336	96.333336	98.666664	106.333336	109.666664	112.0	112.333336	114.333336	114.666664	111.0	110.0	112.666664	114.333336	112.333336	113.0	111.333336	110.666664	111.0	112.666664	117.666664	122.0	122.333336	123.666664	120.0	112.333336	
