20.0	37.0	79.0	116.0	140.0	151.0	154.0	162.0	170.0	178.0	191.0	200.0	203.0	207.0	212.0	212.0	213.0	210.0	212.0	210.0	206.0	205.0	206.0	204.0	195.0	180.0	168.0	149.0	127.0	120.0	133.0	128.0	81.0	38.0	16.0	7.0	
33.0	73.0	121.0	134.0	145.0	150.0	156.0	168.0	176.0	188.0	202.0	205.0	211.0	213.0	215.0	215.0	215.0	215.0	214.0	215.0	213.0	210.0	209.0	208.0	202.0	191.0	183.0	164.0	139.0	124.0	121.0	133.0	125.0	75.0	31.0	12.0	
53.0	106.0	135.0	146.0	153.0	156.0	164.0	179.0	192.0	200.0	206.0	210.0	214.0	217.0	217.0	216.0	218.0	218.0	216.0	215.0	213.0	213.0	213.0	213.0	210.0	202.0	192.0	177.0	156.0	135.0	119.0	123.0	142.0	122.0	65.0	31.0	
90.0	136.0	151.0	158.0	160.0	162.0	172.0	187.0	202.0	206.0	208.0	216.0	218.0	218.0	219.0	221.0	223.0	223.0	220.0	218.0	216.0	216.0	216.0	213.0	210.0	205.0	198.0	179.0	165.0	146.0	128.0	115.0	128.0	141.0	93.0	46.0	
118.0	149.0	154.0	161.0	166.0	169.0	179.0	190.0	205.0	207.0	209.0	215.0	217.0	220.0	220.0	222.0	223.0	224.0	224.0	220.0	219.0	216.0	215.0	214.0	212.0	207.0	200.0	184.0	172.0	160.0	141.0	120.0	113.0	141.0	123.0	68.0	
123.0	143.0	154.0	157.0	165.0	176.0	189.0	198.0	206.0	209.0	207.0	212.0	215.0	219.0	221.0	223.0	223.0	222.0	225.0	222.0	221.0	216.0	214.0	215.0	213.0	209.0	204.0	195.0	184.0	173.0	155.0	126.0	107.0	127.0	143.0	89.0	
133.0	147.0	153.0	159.0	167.0	178.0	190.0	197.0	205.0	208.0	207.0	211.0	215.0	219.0	221.0	222.0	223.0	223.0	222.0	223.0	221.0	215.0	216.0	217.0	213.0	210.0	210.0	202.0	189.0	182.0	164.0	135.0	113.0	111.0	145.0	121.0	
150.0	158.0	155.0	160.0	167.0	172.0	183.0	195.0	203.0	207.0	209.0	213.0	215.0	219.0	222.0	222.0	223.0	223.0	222.0	222.0	219.0	216.0	216.0	216.0	214.0	211.0	208.0	205.0	199.0	187.0	170.0	144.0	121.0	104.0	138.0	133.0	
149.0	160.0	157.0	163.0	170.0	171.0	179.0	191.0	202.0	209.0	211.0	215.0	217.0	220.0	220.0	222.0	221.0	221.0	220.0	220.0	216.0	216.0	217.0	217.0	215.0	212.0	208.0	210.0	207.0	192.0	177.0	152.0	128.0	104.0	128.0	132.0	
145.0	148.0	151.0	159.0	171.0	173.0	182.0	191.0	203.0	208.0	211.0	214.0	216.0	219.0	221.0	223.0	222.0	221.0	221.0	221.0	218.0	215.0	216.0	216.0	216.0	213.0	210.0	211.0	208.0	196.0	182.0	162.0	137.0	106.0	114.0	123.0	
141.0	145.0	152.0	153.0	167.0	175.0	182.0	189.0	201.0	208.0	211.0	215.0	219.0	219.0	221.0	222.0	222.0	220.0	220.0	220.0	219.0	218.0	216.0	219.0	218.0	215.0	212.0	207.0	205.0	198.0	186.0	169.0	146.0	110.0	103.0	117.0	
132.0	147.0	155.0	151.0	165.0	175.0	183.0	190.0	199.0	206.0	213.0	216.0	219.0	221.0	220.0	220.0	221.0	219.0	218.0	219.0	218.0	222.0	220.0	220.0	220.0	215.0	211.0	204.0	201.0	196.0	182.0	172.0	150.0	111.0	100.0	117.0	
130.0	151.0	154.0	151.0	160.0	168.0	178.0	188.0	197.0	205.0	211.0	213.0	216.0	221.0	220.0	220.0	220.0	221.0	220.0	218.0	216.0	217.0	217.0	224.0	223.0	217.0	208.0	204.0	197.0	184.0	174.0	171.0	150.0	111.0	92.0	109.0	
135.0	148.0	150.0	152.0	155.0	164.0	173.0	182.0	195.0	204.0	208.0	211.0	212.0	221.0	221.0	221.0	221.0	221.0	221.0	216.0	213.0	216.0	215.0	228.0	227.0	219.0	211.0	202.0	181.0	166.0	166.0	167.0	146.0	113.0	89.0	96.0	
132.0	140.0	146.0	153.0	158.0	165.0	171.0	183.0	196.0	202.0	206.0	211.0	211.0	219.0	223.0	221.0	222.0	220.0	223.0	218.0	208.0	221.0	221.0	227.0	227.0	215.0	201.0	182.0	169.0	165.0	169.0	167.0	136.0	104.0	87.0	83.0	
127.0	140.0	145.0	154.0	161.0	162.0	169.0	182.0	191.0	196.0	198.0	202.0	207.0	211.0	216.0	221.0	221.0	219.0	217.0	209.0	196.0	216.0	225.0	220.0	213.0	190.0	178.0	173.0	185.0	191.0	182.0	165.0	136.0	100.0	90.0	78.0	
126.0	139.0	140.0	151.0	161.0	157.0	159.0	171.0	174.0	175.0	174.0	179.0	183.0	175.0	180.0	195.0	209.0	212.0	207.0	201.0	195.0	202.0	203.0	199.0	186.0	184.0	202.0	212.0	215.0	211.0	197.0	172.0	140.0	109.0	103.0	73.0	
132.0	137.0	138.0	150.0	164.0	157.0	146.0	151.0	156.0	161.0	158.0	168.0	174.0	169.0	171.0	176.0	183.0	189.0	194.0	202.0	200.0	204.0	196.0	184.0	193.0	214.0	222.0	219.0	215.0	209.0	201.0	172.0	135.0	114.0	122.0	81.0	
138.0	129.0	133.0	149.0	163.0	162.0	144.0	137.0	151.0	167.0	177.0	193.0	198.0	203.0	202.0	195.0	189.0	187.0	199.0	205.0	206.0	205.0	192.0	190.0	216.0	211.0	196.0	195.0	193.0	180.0	172.0	168.0	138.0	131.0	135.0	91.0	
129.0	117.0	127.0	148.0	159.0	164.0	156.0	140.0	156.0	173.0	187.0	188.0	184.0	177.0	180.0	189.0	200.0	189.0	194.0	209.0	214.0	208.0	182.0	179.0	203.0	191.0	180.0	173.0	135.0	109.0	126.0	141.0	140.0	148.0	139.0	101.0	
124.0	113.0	123.0	141.0	154.0	167.0	168.0	150.0	158.0	164.0	163.0	151.0	118.0	95.0	125.0	166.0	185.0	186.0	181.0	201.0	213.0	208.0	176.0	165.0	194.0	185.0	183.0	185.0	128.0	108.0	134.0	142.0	159.0	165.0	147.0	108.0	
133.0	113.0	125.0	137.0	147.0	170.0	177.0	161.0	151.0	142.0	135.0	155.0	129.0	108.0	143.0	161.0	172.0	177.0	173.0	191.0	212.0	212.0	184.0	160.0	192.0	207.0	211.0	217.0	191.0	179.0	186.0	184.0	189.0	180.0	157.0	105.0	
155.0	113.0	118.0	131.0	140.0	170.0	182.0	174.0	168.0	171.0	164.0	177.0	189.0	191.0	188.0	190.0	193.0	178.0	177.0	190.0	206.0	211.0	200.0	165.0	174.0	208.0	212.0	212.0	202.0	193.0	194.0	203.0	191.0	176.0	155.0	97.0	
176.0	123.0	114.0	127.0	130.0	168.0	186.0	187.0	191.0	185.0	191.0	201.0	204.0	211.0	206.0	202.0	196.0	179.0	183.0	193.0	202.0	209.0	200.0	163.0	163.0	201.0	212.0	205.0	197.0	197.0	201.0	202.0	189.0	178.0	156.0	98.0	
183.0	123.0	110.0	124.0	127.0	161.0	181.0	182.0	184.0	185.0	183.0	194.0	194.0	197.0	204.0	206.0	198.0	184.0	190.0	196.0	203.0	212.0	199.0	165.0	162.0	193.0	210.0	208.0	203.0	195.0	196.0	198.0	186.0	180.0	160.0	99.0	
174.0	124.0	105.0	119.0	122.0	155.0	171.0	178.0	181.0	185.0	185.0	192.0	198.0	200.0	202.0	206.0	201.0	192.0	190.0	195.0	205.0	215.0	202.0	170.0	148.0	177.0	212.0	213.0	206.0	201.0	196.0	196.0	186.0	179.0	160.0	99.0	
174.0	133.0	105.0	121.0	120.0	142.0	155.0	166.0	173.0	184.0	189.0	196.0	202.0	204.0	209.0	210.0	201.0	183.0	181.0	190.0	204.0	214.0	209.0	185.0	141.0	157.0	213.0	220.0	211.0	203.0	196.0	196.0	185.0	174.0	153.0	95.0	
168.0	140.0	108.0	128.0	123.0	136.0	149.0	155.0	161.0	175.0	189.0	199.0	206.0	209.0	211.0	202.0	181.0	179.0	181.0	184.0	199.0	212.0	213.0	195.0	150.0	142.0	188.0	220.0	218.0	205.0	198.0	195.0	181.0	169.0	149.0	97.0	
153.0	143.0	109.0	129.0	123.0	136.0	147.0	152.0	158.0	168.0	182.0	194.0	205.0	212.0	201.0	176.0	167.0	184.0	182.0	175.0	184.0	205.0	202.0	187.0	146.0	139.0	164.0	206.0	216.0	207.0	196.0	184.0	172.0	162.0	147.0	101.0	
159.0	146.0	116.0	133.0	129.0	140.0	154.0	153.0	159.0	165.0	173.0	183.0	196.0	198.0	177.0	171.0	172.0	167.0	166.0	162.0	173.0	181.0	183.0	170.0	131.0	141.0	166.0	191.0	207.0	207.0	196.0	181.0	169.0	158.0	143.0	108.0	
160.0	157.0	120.0	132.0	133.0	138.0	156.0	155.0	159.0	166.0	171.0	176.0	184.0	176.0	165.0	182.0	185.0	163.0	166.0	173.0	169.0	163.0	164.0	146.0	141.0	163.0	188.0	197.0	202.0	204.0	194.0	182.0	167.0	154.0	138.0	107.0	
137.0	158.0	122.0	137.0	136.0	138.0	155.0	154.0	154.0	157.0	162.0	167.0	172.0	166.0	178.0	195.0	187.0	177.0	169.0	182.0	192.0	178.0	163.0	146.0	157.0	178.0	190.0	201.0	205.0	198.0	190.0	178.0	165.0	156.0	139.0	102.0	
61.0	100.0	103.0	134.0	139.0	144.0	159.0	160.0	156.0	151.0	159.0	163.0	162.0	167.0	185.0	189.0	186.0	182.0	182.0	194.0	206.0	209.0	196.0	178.0	171.0	174.0	183.0	193.0	199.0	196.0	188.0	180.0	169.0	160.0	140.0	97.0	
9.0	20.0	71.0	126.0	135.0	145.0	162.0	169.0	169.0	164.0	169.0	167.0	164.0	170.0	182.0	189.0	189.0	188.0	190.0	199.0	205.0	211.0	208.0	194.0	183.0	177.0	179.0	187.0	185.0	193.0	192.0	187.0	183.0	172.0	141.0	88.0	
7.0	9.0	51.0	110.0	125.0	145.0	167.0	182.0	186.0	186.0	187.0	189.0	182.0	180.0	188.0	188.0	187.0	187.0	187.0	184.0	195.0	201.0	199.0	194.0	186.0	179.0	181.0	186.0	179.0	191.0	207.0	205.0	194.0	172.0	133.0	75.0	
9.0	11.0	36.0	98.0	121.0	141.0	164.0	182.0	192.0	194.0	197.0	203.0	199.0	191.0	188.0	169.0	140.0	128.0	122.0	120.0	112.0	109.0	124.0	141.0	142.0	148.0	171.0	182.0	182.0	202.0	214.0	207.0	188.0	165.0	117.0	61.0	
11.0	14.0	28.0	85.0	121.0	127.0	157.0	179.0	190.0	197.0	203.0	209.0	207.0	201.0	193.0	173.0	113.0	70.0	63.0	58.0	61.0	61.0	53.0	65.0	81.0	113.0	164.0	178.0	196.0	216.0	216.0	205.0	180.0	146.0	96.0	48.0	
13.0	13.0	23.0	73.0	122.0	113.0	145.0	173.0	189.0	194.0	196.0	208.0	210.0	197.0	190.0	186.0	157.0	125.0	105.0	78.0	71.0	64.0	46.0	49.0	78.0	124.0	168.0	179.0	208.0	223.0	216.0	203.0	172.0	126.0	87.0	38.0	
16.0	16.0	17.0	52.0	119.0	115.0	125.0	165.0	181.0	188.0	188.0	198.0	205.0	199.0	198.0	197.0	185.0	158.0	142.0	111.0	75.0	65.0	51.0	50.0	99.0	136.0	166.0	183.0	214.0	226.0	215.0	194.0	158.0	103.0	82.0	28.0	
13.0	12.0	9.0	31.0	104.0	123.0	105.0	145.0	176.0	187.0	190.0	198.0	202.0	202.0	201.0	198.0	189.0	170.0	157.0	140.0	81.0	71.0	62.0	48.0	99.0	146.0	172.0	193.0	213.0	221.0	208.0	182.0	137.0	90.0	77.0	20.0	
6.0	6.0	6.0	18.0	90.0	131.0	114.0	126.0	166.0	179.0	185.0	192.0	196.0	198.0	208.0	206.0	198.0	182.0	176.0	164.0	87.0	66.0	64.0	41.0	92.0	159.0	183.0	198.0	209.0	214.0	201.0	171.0	118.0	94.0	72.0	15.0	
2.0	5.0	7.0	10.0	62.0	126.0	129.0	117.0	151.0	171.0	182.0	188.0	193.0	199.0	208.0	211.0	210.0	195.0	181.0	165.0	87.0	74.0	66.0	42.0	76.0	171.0	197.0	196.0	202.0	207.0	195.0	170.0	107.0	104.0	67.0	17.0	
3.0	6.0	8.0	7.0	31.0	111.0	138.0	118.0	138.0	168.0	177.0	186.0	193.0	201.0	208.0	214.0	217.0	212.0	194.0	177.0	107.0	73.0	58.0	39.0	61.0	174.0	198.0	196.0	200.0	201.0	187.0	156.0	99.0	112.0	107.0	62.0	
5.0	6.0	8.0	9.0	13.0	73.0	135.0	126.0	126.0	163.0	178.0	185.0	185.0	194.0	207.0	213.0	216.0	211.0	201.0	198.0	127.0	66.0	58.0	39.0	47.0	147.0	194.0	190.0	191.0	186.0	169.0	130.0	94.0	119.0	174.0	102.0	
5.0	6.0	7.0	6.0	6.0	34.0	114.0	136.0	124.0	157.0	181.0	185.0	176.0	179.0	199.0	210.0	211.0	205.0	205.0	208.0	134.0	92.0	119.0	96.0	57.0	108.0	179.0	180.0	173.0	168.0	154.0	115.0	97.0	144.0	212.0	93.0	
5.0	6.0	6.0	7.0	6.0	12.0	69.0	133.0	127.0	141.0	175.0	185.0	176.0	167.0	182.0	200.0	209.0	206.0	209.0	202.0	144.0	138.0	149.0	136.0	91.0	74.0	160.0	166.0	147.0	145.0	145.0	107.0	102.0	186.0	220.0	79.0	
5.0	7.0	7.0	7.0	6.0	7.0	25.0	96.0	127.0	127.0	163.0	182.0	183.0	163.0	163.0	185.0	202.0	203.0	201.0	201.0	157.0	140.0	142.0	134.0	111.0	50.0	119.0	136.0	127.0	151.0	152.0	99.0	138.0	230.0	214.0	65.0	
6.0	8.0	6.0	5.0	5.0	7.0	10.0	43.0	110.0	125.0	153.0	179.0	184.0	177.0	157.0	158.0	180.0	189.0	184.0	186.0	172.0	137.0	133.0	119.0	74.0	30.0	81.0	120.0	143.0	175.0	138.0	107.0	198.0	242.0	200.0	48.0	
5.0	7.0	6.0	5.0	7.0	8.0	7.0	13.0	61.0	116.0	140.0	171.0	186.0	186.0	178.0	161.0	154.0	160.0	163.0	169.0	175.0	162.0	123.0	64.0	37.0	44.0	97.0	147.0	179.0	168.0	113.0	158.0	235.0	242.0	172.0	30.0	
