21.0	19.333334	17.333334	16.0	14.333333	19.666666	33.0	49.0	64.333336	73.666664	90.333336	105.333336	113.666664	127.0	136.66667	139.0	140.0	142.33333	143.0	141.66667	140.66667	138.0	133.33333	128.33333	123.0	116.0	107.0	98.333336	88.0	74.666664	59.333332	49.0	39.333332	33.0	29.666666	29.0	
20.333334	19.0	18.0	15.333333	14.333333	27.666666	44.666668	59.333332	76.0	92.333336	104.666664	110.333336	120.666664	134.0	138.0	135.33333	136.33333	138.0	137.0	134.0	131.66667	131.0	129.66667	128.66667	127.333336	119.333336	110.666664	100.333336	90.666664	79.0	66.333336	55.666668	46.333332	42.0	38.0	33.333332	
19.666666	19.0	16.333334	16.333334	18.333334	34.0	54.0	71.333336	90.666664	101.666664	107.666664	117.666664	127.666664	136.66667	141.0	141.66667	143.0	146.33333	148.33333	144.66667	142.33333	140.66667	139.66667	139.0	130.66667	125.333336	120.666664	107.0	93.666664	83.0	72.333336	62.0	53.666668	49.333332	46.666668	43.666668	
18.0	16.666666	15.666667	19.0	28.666666	45.666668	69.333336	82.666664	98.666664	108.0	118.333336	129.33333	132.0	136.33333	143.33333	147.66667	148.66667	149.66667	152.0	149.66667	148.0	146.33333	143.0	139.33333	130.66667	125.333336	117.666664	109.666664	100.0	88.0	81.0	72.666664	62.0	55.0	53.0	50.0	
23.333334	20.666666	18.0	24.0	45.333332	66.333336	86.333336	96.666664	106.0	113.0	123.0	132.0	138.33333	147.0	151.66667	150.33333	150.0	151.66667	156.0	154.66667	152.66667	149.66667	145.0	142.0	129.0	121.0	111.333336	107.666664	104.0	94.333336	88.0	83.0	73.333336	65.666664	61.666668	57.0	
47.0	30.0	24.0	40.666668	75.0	94.0	105.0	111.333336	112.666664	116.666664	127.0	133.33333	137.0	143.33333	148.0	149.66667	149.66667	148.66667	148.33333	142.66667	137.33333	136.66667	133.33333	131.33333	123.666664	120.666664	111.666664	105.666664	102.666664	96.333336	91.333336	86.333336	81.333336	77.333336	72.666664	65.666664	
112.0	92.666664	70.0	79.0	114.666664	130.66667	133.33333	128.0	125.0	130.66667	139.33333	141.0	140.33333	141.33333	142.66667	144.0	145.66667	147.66667	148.66667	142.33333	136.33333	134.0	130.0	126.666664	122.0	115.666664	108.666664	104.666664	101.333336	94.666664	90.666664	92.0	92.666664	85.0	81.666664	72.333336	
138.33333	139.66667	133.33333	132.0	149.66667	156.0	151.66667	143.66667	144.0	150.0	154.66667	153.0	154.0	156.0	152.66667	144.66667	146.33333	157.0	153.66667	148.66667	149.33333	146.66667	141.66667	140.0	136.0	127.666664	118.0	111.0	108.0	103.666664	99.333336	96.333336	93.333336	89.333336	85.666664	75.0	
135.66667	141.33333	164.66667	179.33333	181.66667	176.33333	168.33333	162.66667	156.66667	158.33333	164.0	162.66667	163.66667	165.0	159.66667	151.0	153.0	160.33333	154.0	157.0	161.33333	159.66667	154.66667	150.0	142.33333	132.0	124.0	117.666664	113.333336	111.666664	110.0	106.0	101.333336	96.666664	90.333336	79.333336	
136.0	150.66667	185.66667	201.33333	194.33333	183.66667	169.0	169.0	167.33333	165.33333	169.66667	168.66667	168.66667	167.66667	162.33333	157.33333	163.0	166.66667	164.66667	166.0	162.66667	164.66667	162.66667	154.0	139.0	129.66667	125.0	122.0	122.333336	118.666664	111.0	110.333336	111.666664	103.666664	97.333336	84.0	
135.0	154.66667	190.0	205.66667	201.0	186.66667	171.0	170.33333	168.66667	163.33333	164.33333	165.0	162.33333	159.66667	153.0	155.66667	167.0	170.33333	168.0	163.0	156.66667	161.0	163.33333	158.33333	140.66667	131.66667	129.33333	129.0	126.0	118.666664	113.666664	113.333336	115.333336	105.0	99.0	86.0	
138.33333	155.33333	194.66667	214.0	202.66667	187.0	176.33333	175.0	169.66667	162.0	154.33333	150.66667	151.33333	149.33333	140.33333	146.0	161.0	162.0	156.33333	149.66667	149.33333	153.66667	153.0	153.0	138.33333	133.0	135.66667	134.33333	131.0	123.333336	117.0	118.0	117.0	107.333336	102.0	90.0	
141.33333	157.66667	197.0	211.66667	197.0	180.66667	173.0	168.66667	158.0	149.66667	142.0	139.0	142.66667	139.0	127.0	132.66667	148.66667	147.0	137.66667	129.0	132.33333	135.0	131.0	132.0	122.0	119.333336	120.0	118.333336	115.666664	106.333336	99.0	108.0	110.0	107.0	104.0	94.0	
141.0	151.66667	189.33333	194.0	166.66667	151.66667	151.66667	149.33333	138.0	121.333336	114.333336	118.666664	129.33333	128.0	112.0	114.333336	131.0	127.333336	114.0	103.666664	104.333336	107.0	102.0	101.0	92.666664	90.0	84.666664	83.0	81.333336	76.0	84.333336	93.0	89.333336	92.0	94.666664	92.666664	
140.0	147.0	170.66667	153.0	116.333336	108.333336	114.666664	114.0	103.0	92.0	87.0	92.666664	112.666664	117.0	100.666664	105.0	115.333336	111.0	98.333336	83.666664	77.666664	75.666664	69.333336	62.666668	56.333332	57.0	56.333332	56.333332	64.666664	73.0	89.0	87.333336	79.0	79.0	84.0	87.666664	
142.0	143.66667	150.33333	122.666664	91.666664	80.0	77.333336	70.333336	63.666668	60.0	58.333332	66.333336	87.666664	108.0	108.666664	120.333336	121.666664	108.0	92.333336	72.0	61.0	51.666668	44.666668	38.333332	37.333332	41.0	46.0	54.0	70.666664	80.333336	81.0	80.666664	73.0	70.666664	74.333336	78.333336	
145.66667	150.0	155.0	127.333336	100.333336	73.333336	61.666668	52.333332	48.666668	44.333332	48.0	50.666668	59.0	89.0	115.666664	131.0	126.333336	103.0	82.666664	61.0	52.0	46.333332	45.666668	47.0	48.333332	53.666668	64.333336	80.0	94.333336	96.333336	94.0	85.333336	78.333336	71.0	69.0	72.333336	
149.33333	156.33333	163.33333	153.0	132.0	113.333336	100.333336	82.666664	68.0	58.333332	57.666668	57.333332	60.0	84.0	124.0	140.0	126.333336	96.0	77.0	58.333332	51.333332	54.333332	61.0	61.0	54.666668	49.666668	55.0	68.0	79.666664	81.0	83.333336	90.0	93.0	84.0	76.666664	76.333336	
154.0	161.0	179.66667	170.66667	136.33333	104.333336	79.666664	61.0	46.0	39.0	39.333332	53.333332	67.0	84.0	136.33333	157.66667	148.33333	121.666664	96.333336	70.333336	54.666668	53.666668	57.666668	57.333332	53.0	46.666668	46.333332	49.666668	54.333332	48.333332	44.666668	54.666668	73.333336	84.0	83.333336	82.0	
152.0	163.0	183.0	135.66667	75.666664	45.0	39.0	41.333332	37.666668	36.0	36.666668	49.333332	63.333332	81.0	141.0	158.0	148.0	120.333336	88.333336	64.333336	50.0	46.0	46.333332	48.0	47.666668	46.666668	57.0	63.333332	62.333332	53.333332	40.0	35.333332	36.666668	47.666668	63.333332	77.666664	
160.66667	174.0	169.66667	78.0	59.0	72.333336	69.666664	70.666664	70.333336	78.0	77.0	71.333336	67.333336	92.0	143.0	149.66667	135.33333	101.0	71.666664	62.0	50.666668	49.333332	52.0	62.333332	76.666664	83.0	90.333336	95.333336	92.333336	86.666664	74.0	63.333332	52.0	46.666668	47.333332	51.666668	
161.33333	176.0	168.0	91.333336	124.666664	137.66667	119.666664	109.666664	101.666664	95.0	88.666664	87.666664	90.333336	123.0	153.33333	149.0	120.333336	85.0	66.666664	66.666664	63.666668	63.666668	64.0	72.333336	84.333336	94.0	107.666664	114.0	108.333336	102.0	98.0	92.0	89.0	85.0	67.0	52.666668	
155.33333	171.66667	179.33333	145.33333	156.0	141.66667	115.666664	97.333336	83.333336	72.666664	76.333336	91.666664	112.666664	151.0	161.0	148.0	113.666664	89.333336	77.333336	72.666664	74.0	79.333336	85.0	87.333336	83.333336	82.666664	83.333336	84.666664	85.0	84.666664	84.666664	83.333336	84.0	83.0	81.666664	81.666664	
145.0	158.66667	184.0	166.0	136.66667	114.0	85.333336	66.666664	68.0	82.666664	107.0	126.666664	151.33333	173.66667	163.66667	139.33333	107.0	94.666664	84.666664	80.333336	92.333336	101.666664	115.666664	125.0	118.666664	105.0	95.0	89.0	79.0	75.333336	80.0	94.666664	105.0	109.0	107.0	97.333336	
140.66667	148.0	186.33333	183.66667	151.66667	113.333336	87.666664	97.333336	119.333336	141.0	156.0	158.66667	180.0	186.66667	169.0	134.66667	103.666664	98.666664	88.666664	88.0	103.666664	115.0	129.66667	147.33333	153.33333	147.33333	134.66667	126.333336	123.333336	125.333336	128.33333	134.0	133.0	120.0	104.666664	94.0	
141.66667	148.0	184.0	196.33333	186.0	167.33333	157.66667	165.33333	173.66667	181.33333	178.33333	175.66667	194.66667	190.33333	175.66667	142.66667	110.0	99.333336	95.333336	94.333336	100.666664	112.666664	128.0	148.33333	158.66667	158.0	156.0	157.33333	156.0	155.33333	159.0	158.66667	152.66667	133.0	104.333336	86.333336	
137.66667	151.66667	191.66667	202.33333	197.33333	186.0	184.66667	192.33333	196.0	196.33333	189.33333	198.33333	201.66667	191.33333	174.33333	141.33333	113.666664	101.333336	96.0	96.333336	101.0	114.0	132.33333	153.0	162.66667	161.66667	159.33333	162.0	167.0	170.33333	173.33333	173.33333	166.66667	151.0	118.0	90.666664	
139.0	151.66667	197.0	205.33333	198.0	186.66667	187.0	196.33333	200.33333	201.0	205.66667	210.66667	195.33333	187.66667	167.0	140.0	119.333336	104.0	95.333336	100.333336	109.666664	123.0	140.66667	153.33333	158.33333	163.33333	164.0	162.0	165.0	172.33333	180.0	183.66667	178.33333	165.0	136.66667	107.666664	
145.0	164.0	208.0	203.66667	189.0	179.33333	186.66667	197.33333	199.66667	207.33333	218.33333	207.66667	193.33333	185.0	164.33333	147.33333	124.333336	101.333336	95.666664	110.0	120.666664	132.0	148.0	154.0	152.0	153.66667	157.33333	159.33333	163.0	170.66667	180.66667	185.33333	176.33333	161.33333	142.33333	122.333336	
148.33333	182.66667	209.66667	192.33333	178.66667	175.0	184.33333	192.33333	194.33333	212.66667	216.33333	205.0	197.66667	187.66667	170.66667	156.33333	126.333336	101.666664	98.333336	112.666664	116.666664	122.0	130.0	132.66667	133.66667	134.66667	139.0	145.33333	155.66667	166.33333	172.33333	175.0	163.33333	147.0	131.33333	120.0	
154.0	194.0	197.66667	175.0	164.33333	168.33333	173.0	176.0	192.33333	213.33333	209.66667	198.33333	196.33333	185.66667	168.0	150.0	121.333336	103.333336	111.666664	120.333336	117.666664	114.666664	109.0	107.333336	119.0	126.666664	125.666664	127.333336	138.33333	154.0	158.0	156.0	146.66667	132.66667	118.333336	111.0	
165.33333	189.33333	173.33333	158.0	150.33333	152.33333	149.66667	176.66667	213.0	203.33333	190.0	182.66667	174.66667	160.33333	144.66667	128.33333	118.333336	119.333336	138.66667	155.0	148.0	126.0	100.333336	83.666664	92.333336	113.0	120.333336	117.0	121.0	135.66667	136.66667	133.0	130.0	120.666664	113.0	106.0	
168.66667	170.0	145.0	133.33333	131.0	123.666664	126.0	190.66667	201.0	175.0	160.0	147.0	135.33333	125.0	113.0	108.0	119.666664	133.33333	145.33333	155.0	137.66667	105.666664	81.666664	66.666664	71.0	92.333336	99.666664	106.333336	116.333336	121.333336	119.666664	118.666664	117.0	111.0	104.0	98.0	
160.33333	146.66667	122.333336	115.0	110.0	94.666664	99.0	167.33333	163.0	134.0	126.333336	116.666664	111.0	107.666664	100.666664	97.666664	105.0	109.0	108.333336	108.666664	92.666664	75.666664	56.0	60.666668	79.0	89.333336	91.333336	92.0	96.333336	104.666664	106.333336	111.666664	111.333336	109.333336	104.0	96.333336	
151.33333	130.0	106.666664	100.666664	85.333336	68.666664	77.666664	132.0	145.66667	118.333336	103.333336	102.333336	100.0	98.333336	97.333336	88.0	82.0	79.333336	75.666664	68.333336	58.333332	52.0	45.666668	68.0	91.333336	103.333336	102.0	90.666664	81.0	82.333336	95.333336	107.0	107.0	107.0	103.0	93.0	
140.0	123.333336	100.666664	86.333336	65.666664	54.0	73.333336	108.666664	130.33333	123.666664	107.333336	92.0	81.666664	81.333336	76.333336	64.333336	55.333332	51.0	46.666668	40.0	37.333332	42.0	61.333332	87.666664	103.666664	113.333336	108.0	98.333336	87.0	75.666664	77.666664	92.666664	98.333336	99.0	96.666664	86.666664	
137.66667	123.666664	100.0	78.666664	55.0	50.333332	79.0	105.333336	120.0	131.0	126.666664	99.666664	79.0	68.666664	56.666668	44.0	35.0	35.0	38.666668	45.0	54.0	65.666664	87.0	103.666664	113.0	115.333336	111.0	107.0	96.666664	83.333336	70.333336	71.333336	90.333336	96.333336	90.0	81.333336	
142.0	124.666664	93.666664	69.333336	47.333332	55.0	87.0	108.666664	124.333336	143.0	151.0	126.666664	93.666664	71.666664	49.666668	35.666668	37.666668	46.0	57.666668	73.0	87.666664	96.666664	107.333336	114.666664	117.333336	116.333336	112.0	106.333336	99.0	93.0	82.0	72.0	76.666664	91.333336	92.666664	82.666664	
143.66667	128.0	93.0	63.333332	43.0	64.0	97.666664	117.0	136.33333	159.33333	169.0	146.33333	105.0	79.0	62.0	54.333332	58.333332	70.666664	86.333336	104.333336	118.666664	125.0	126.666664	126.666664	124.666664	118.666664	109.333336	100.333336	96.0	96.0	91.666664	82.0	72.666664	83.333336	92.333336	85.666664	
146.33333	130.33333	95.333336	64.666664	45.333332	76.333336	107.333336	126.333336	154.0	179.0	182.33333	164.0	130.0	104.333336	90.666664	87.0	95.333336	110.666664	125.0	136.0	140.0	142.0	138.33333	132.33333	124.333336	110.666664	98.333336	96.333336	95.666664	93.0	88.0	78.666664	75.0	77.0	92.333336	89.0	
148.0	127.0	94.0	65.333336	49.333332	81.333336	108.666664	131.66667	163.33333	177.0	171.0	165.66667	157.33333	142.66667	129.0	125.333336	131.66667	134.66667	138.0	135.33333	128.66667	125.0	122.0	118.333336	112.333336	105.666664	97.666664	92.666664	88.333336	86.0	79.333336	75.666664	67.0	69.333336	95.0	95.333336	
142.33333	124.0	94.333336	68.666664	50.666668	75.0	98.0	121.666664	149.33333	149.0	135.33333	138.66667	147.33333	146.0	137.66667	131.0	129.0	118.333336	108.0	106.333336	100.666664	91.333336	84.666664	79.666664	76.333336	74.666664	76.0	77.0	74.0	72.333336	68.333336	67.333336	66.666664	73.0	95.333336	99.333336	
137.0	122.333336	95.333336	75.0	53.333332	67.333336	84.0	96.333336	113.666664	115.0	113.0	111.333336	118.0	120.0	117.333336	111.666664	105.666664	95.666664	86.333336	79.0	74.333336	66.333336	62.666668	61.333332	57.333332	52.333332	50.0	52.333332	47.0	50.333332	56.0	59.0	65.333336	77.333336	95.333336	98.0	
141.66667	122.0	97.666664	83.0	59.333332	62.666668	73.666664	64.666664	56.0	66.666664	102.666664	107.666664	102.333336	96.0	87.333336	83.333336	79.666664	73.0	77.666664	87.333336	86.666664	91.666664	104.333336	90.0	76.0	69.666664	64.666664	42.666668	23.333334	31.333334	50.666668	65.333336	69.666664	82.333336	102.0	100.0	
150.66667	121.666664	97.666664	89.333336	64.666664	59.666668	72.0	53.666668	31.333334	49.0	140.33333	174.0	145.33333	117.333336	96.666664	92.333336	96.0	109.333336	139.33333	158.66667	146.33333	164.0	170.66667	133.33333	114.333336	108.666664	104.0	43.333332	12.666667	16.0	35.333332	76.333336	84.333336	87.333336	106.333336	99.0	
149.66667	122.666664	96.666664	93.0	71.333336	58.666668	78.666664	61.666668	31.333334	40.666668	137.66667	205.0	198.33333	189.33333	165.66667	162.33333	173.33333	180.0	188.0	186.33333	157.33333	182.33333	180.0	150.33333	145.66667	141.0	135.33333	56.333332	11.666667	13.666667	40.333332	91.666664	91.666664	90.666664	115.0	103.333336	
144.0	122.666664	97.0	93.666664	78.0	61.333332	79.666664	88.666664	52.333332	36.666668	96.333336	159.0	159.0	177.33333	165.66667	164.66667	181.0	170.33333	144.66667	121.333336	74.0	127.0	126.333336	98.0	114.666664	83.0	71.333336	31.333334	14.333333	26.666666	78.333336	101.666664	96.0	104.0	118.333336	100.0	
142.66667	130.66667	102.333336	97.0	87.0	66.666664	78.666664	111.0	90.0	48.666668	45.0	65.0	57.666668	67.666664	60.666668	64.666664	80.333336	65.0	40.666668	29.333334	20.666666	43.333332	43.0	29.0	41.333332	24.0	21.0	15.333333	33.0	82.333336	108.666664	100.333336	96.0	110.333336	112.0	87.333336	
143.0	138.33333	107.0	97.0	88.0	67.0	78.0	122.333336	135.66667	77.0	31.666666	35.0	36.666668	39.333332	56.333332	67.666664	65.0	49.333332	35.0	26.0	24.0	33.0	39.666668	40.0	46.0	43.333332	39.666668	55.0	96.0	120.666664	107.666664	100.333336	102.333336	115.333336	106.0	75.333336	
