125.0	124.333336	121.0	124.666664	131.33333	137.0	138.0	140.33333	145.0	149.0	151.66667	158.0	166.0	169.66667	172.33333	178.66667	175.66667	160.33333	152.33333	156.33333	155.66667	152.0	152.66667	150.0	141.0	133.33333	127.0	120.333336	116.333336	104.666664	92.333336	90.0	83.666664	71.0	62.333332	73.333336	
127.0	123.333336	118.666664	123.0	130.33333	137.33333	139.66667	140.66667	145.66667	150.66667	155.66667	162.33333	166.66667	170.0	173.66667	175.66667	173.0	162.0	146.0	147.0	149.0	151.66667	151.33333	149.33333	141.66667	136.0	132.66667	124.666664	116.333336	105.666664	93.0	90.333336	84.666664	74.0	64.333336	74.666664	
128.0	121.0	117.333336	121.666664	130.0	137.33333	138.66667	139.66667	144.66667	150.33333	156.0	163.0	168.33333	173.0	175.33333	177.0	176.0	168.0	153.0	146.0	146.66667	149.33333	148.33333	146.66667	142.33333	140.0	137.33333	129.33333	116.333336	104.333336	95.666664	92.0	86.333336	77.666664	63.0	69.0	
123.666664	118.333336	116.0	118.333336	128.33333	137.33333	138.66667	139.66667	144.0	148.0	154.33333	160.66667	168.33333	173.33333	173.66667	175.66667	173.33333	168.66667	161.0	153.33333	150.66667	150.0	147.66667	144.66667	142.66667	142.33333	138.66667	131.0	117.666664	103.666664	97.333336	94.333336	87.666664	80.333336	66.333336	61.666668	
119.333336	116.333336	113.666664	116.0	125.0	134.66667	138.66667	141.0	143.66667	146.0	152.33333	156.66667	161.66667	168.0	169.0	169.33333	169.0	166.66667	161.0	154.33333	150.66667	150.33333	149.33333	143.33333	140.33333	142.33333	142.0	135.33333	119.666664	104.666664	99.0	98.0	92.0	85.333336	70.0	56.333332	
118.333336	116.333336	112.666664	111.666664	120.0	131.33333	139.33333	141.66667	144.0	146.66667	152.0	154.0	156.66667	163.0	170.0	170.66667	168.66667	165.66667	162.0	159.66667	154.66667	150.66667	147.0	140.66667	138.0	139.33333	140.66667	136.0	121.666664	105.0	99.333336	101.333336	94.666664	91.0	76.666664	58.333332	
116.666664	114.333336	109.0	105.666664	115.0	129.66667	139.0	140.66667	142.66667	146.0	151.33333	153.0	155.66667	162.0	171.0	170.33333	165.0	160.66667	160.0	159.66667	154.0	148.0	142.66667	139.0	139.0	143.33333	147.33333	140.33333	125.0	109.666664	103.333336	103.0	97.0	96.333336	83.333336	61.666668	
114.0	111.0	107.333336	107.0	116.0	129.33333	139.33333	142.0	143.66667	145.33333	151.0	155.0	156.0	157.66667	165.0	165.33333	162.0	161.33333	161.0	158.66667	158.0	154.66667	149.33333	146.0	146.0	149.0	152.66667	147.66667	137.66667	124.0	109.333336	106.333336	102.666664	102.0	88.666664	61.0	
115.666664	110.666664	104.333336	106.333336	117.0	128.33333	139.33333	145.0	148.33333	151.33333	156.66667	161.0	162.66667	163.0	170.0	172.0	169.66667	167.66667	166.33333	160.0	161.66667	162.0	155.66667	154.0	152.33333	155.66667	151.33333	141.0	136.0	128.33333	113.0	109.666664	108.666664	103.666664	95.333336	69.333336	
114.666664	109.333336	103.666664	107.666664	119.333336	130.0	139.33333	146.0	149.33333	155.0	161.66667	164.66667	167.0	168.0	170.66667	172.33333	173.33333	173.0	168.33333	159.33333	156.33333	159.33333	158.66667	160.0	159.33333	159.0	148.66667	135.0	131.0	126.0	116.666664	110.333336	106.666664	98.0	94.0	75.0	
111.0	109.0	108.0	110.333336	120.666664	132.0	141.0	148.33333	151.0	152.0	156.66667	161.66667	166.0	169.0	170.0	170.33333	169.33333	169.0	169.33333	162.66667	155.66667	155.66667	156.0	157.0	158.66667	152.0	142.33333	135.66667	130.66667	124.666664	118.0	110.666664	101.0	87.0	88.666664	75.666664	
109.0	110.0	112.333336	112.666664	121.333336	132.33333	140.66667	146.33333	145.0	144.33333	152.66667	160.0	162.0	164.0	162.33333	158.66667	158.33333	157.66667	154.66667	150.0	147.66667	149.0	146.33333	148.66667	148.66667	142.33333	141.33333	127.0	112.0	106.666664	105.666664	99.333336	88.0	76.666664	75.0	68.0	
110.666664	111.666664	114.666664	114.333336	121.333336	131.66667	138.0	138.66667	134.0	132.0	133.33333	137.66667	139.33333	136.0	127.0	126.0	139.33333	144.33333	144.0	144.0	144.0	148.33333	146.33333	145.33333	140.0	138.66667	131.66667	110.0	96.0	87.666664	85.0	84.0	79.0	70.333336	65.0	58.0	
110.666664	110.333336	114.333336	115.333336	117.666664	124.333336	128.66667	125.0	123.666664	120.666664	114.333336	109.666664	101.333336	95.666664	90.666664	94.333336	111.333336	123.666664	135.0	142.66667	146.33333	148.66667	143.66667	141.66667	134.33333	127.333336	111.0	92.0	80.666664	79.333336	83.0	84.0	82.0	80.0	72.333336	56.333332	
110.333336	109.333336	113.666664	113.0	106.0	111.666664	118.666664	120.666664	125.333336	123.333336	111.666664	98.333336	90.666664	82.666664	84.666664	93.666664	103.666664	113.0	126.0	137.66667	146.33333	147.66667	142.33333	137.33333	119.333336	94.666664	78.333336	73.333336	63.666668	65.666664	71.333336	72.666664	77.333336	82.0	76.0	58.0	
108.0	110.333336	110.666664	106.0	102.0	112.0	127.0	136.66667	137.66667	131.33333	114.333336	97.0	88.0	81.0	84.666664	88.0	97.0	106.0	115.666664	129.66667	143.33333	147.33333	142.0	130.0	91.666664	67.666664	73.333336	72.666664	68.333336	65.666664	92.666664	76.333336	60.333332	73.666664	79.0	68.0	
110.333336	112.666664	110.333336	105.333336	109.0	119.333336	125.666664	122.666664	112.333336	104.0	88.0	77.0	79.0	82.0	95.666664	99.333336	104.666664	107.333336	115.0	131.0	140.33333	152.0	150.33333	128.0	75.0	76.333336	92.0	77.666664	66.666664	74.333336	109.333336	92.666664	64.666664	72.0	87.333336	82.0	
114.333336	116.666664	113.666664	110.333336	114.0	119.333336	114.333336	103.0	94.0	88.0	75.0	73.333336	83.333336	96.666664	130.33333	116.666664	120.666664	137.0	129.33333	136.66667	143.0	157.0	160.66667	131.0	80.0	86.0	103.0	95.333336	84.666664	87.666664	102.333336	92.0	82.333336	85.0	94.333336	96.0	
114.0	119.333336	122.666664	124.0	124.333336	122.0	115.0	107.666664	89.666664	88.0	101.333336	77.666664	78.333336	108.666664	141.33333	128.0	131.33333	156.0	143.66667	142.66667	145.0	155.66667	163.33333	140.66667	91.0	90.333336	110.666664	112.0	109.666664	108.0	110.333336	106.333336	100.333336	105.333336	105.0	102.666664	
117.0	124.666664	131.66667	140.0	142.33333	134.33333	131.33333	131.33333	116.333336	115.0	116.666664	105.333336	106.0	115.0	126.333336	128.33333	139.33333	148.33333	139.66667	147.33333	147.0	153.66667	159.66667	141.66667	98.0	81.0	103.666664	111.666664	114.333336	117.333336	116.666664	110.333336	110.0	117.333336	111.0	100.0	
117.333336	127.0	135.33333	146.66667	151.66667	149.66667	151.0	153.0	147.33333	143.33333	143.33333	146.33333	144.33333	137.0	133.0	131.0	137.0	142.33333	143.33333	149.33333	146.0	150.66667	158.33333	143.66667	109.333336	79.666664	91.333336	107.0	114.666664	114.666664	114.333336	116.666664	120.333336	122.0	112.666664	100.333336	
113.0	123.0	133.33333	144.66667	149.66667	155.66667	157.0	160.66667	159.66667	154.33333	155.33333	156.0	150.33333	145.33333	145.33333	145.66667	144.0	145.33333	151.66667	147.66667	143.0	150.0	156.0	146.0	116.333336	84.333336	86.0	102.333336	111.333336	114.666664	117.0	121.666664	123.666664	121.333336	111.0	97.666664	
109.0	118.333336	132.33333	142.33333	147.66667	154.0	161.33333	163.66667	165.0	162.66667	161.33333	157.66667	156.66667	155.0	153.0	151.33333	152.0	154.33333	152.33333	144.33333	142.0	147.0	151.66667	148.66667	123.0	88.666664	84.0	107.666664	115.333336	114.333336	115.333336	118.0	121.666664	116.333336	102.0	91.333336	
104.666664	114.333336	130.66667	141.0	147.33333	152.0	159.33333	166.0	169.0	167.33333	167.0	166.0	163.0	157.66667	153.33333	155.66667	159.0	158.0	150.0	142.33333	140.33333	140.66667	151.33333	154.66667	134.33333	97.333336	84.666664	110.666664	118.666664	115.0	111.666664	110.666664	113.333336	108.666664	97.333336	86.0	
102.666664	110.0	126.333336	138.0	145.33333	150.0	154.33333	162.66667	166.33333	165.33333	165.0	165.0	162.66667	156.66667	158.33333	163.0	164.0	163.66667	156.33333	143.66667	134.33333	135.33333	147.66667	153.33333	142.66667	111.0	89.333336	113.666664	125.333336	118.0	114.666664	110.666664	108.333336	103.0	94.0	80.666664	
100.666664	108.0	122.0	136.33333	144.66667	149.0	150.66667	157.0	165.0	169.0	166.33333	164.0	164.33333	166.33333	169.66667	169.0	169.66667	168.33333	155.33333	134.66667	125.666664	132.0	141.66667	148.66667	147.66667	126.0	97.333336	104.333336	125.666664	122.666664	116.666664	110.333336	106.0	95.333336	85.0	72.0	
98.666664	106.666664	118.666664	133.66667	143.33333	147.33333	148.0	151.66667	159.33333	164.33333	165.0	165.66667	169.0	173.0	174.0	172.33333	167.33333	160.33333	143.0	123.666664	124.333336	135.33333	144.33333	151.0	153.0	140.66667	109.333336	93.0	115.333336	124.666664	119.666664	112.333336	106.666664	94.0	82.0	70.666664	
99.0	106.0	116.666664	129.33333	139.33333	144.33333	146.66667	147.33333	149.0	153.66667	161.0	167.33333	172.0	173.66667	169.0	158.66667	148.0	141.33333	128.33333	120.666664	130.66667	140.66667	150.33333	157.66667	157.0	151.66667	120.0	91.333336	101.333336	121.666664	121.666664	115.0	107.666664	92.666664	78.0	68.0	
97.666664	104.333336	115.666664	126.666664	134.33333	140.33333	142.33333	140.66667	143.66667	151.33333	158.0	167.0	170.33333	165.33333	149.33333	135.33333	129.33333	123.0	122.333336	128.33333	142.0	148.33333	157.33333	169.33333	167.33333	159.66667	126.666664	86.333336	88.0	118.0	123.333336	117.333336	109.0	93.333336	77.666664	67.333336	
96.333336	101.666664	114.333336	122.666664	131.33333	135.0	136.66667	136.0	140.33333	148.0	155.33333	161.0	160.0	151.33333	133.33333	125.0	134.33333	123.333336	119.0	124.666664	128.33333	136.66667	148.33333	156.0	149.33333	147.33333	113.333336	72.0	89.333336	119.0	122.333336	117.333336	108.0	91.333336	76.333336	63.666668	
96.0	97.0	109.0	119.666664	128.33333	130.0	132.66667	133.66667	138.33333	145.0	153.0	152.66667	146.0	134.0	122.666664	134.33333	147.33333	136.0	118.666664	107.666664	111.0	113.666664	119.666664	125.333336	122.333336	116.333336	80.0	69.666664	93.666664	116.0	122.0	116.0	106.333336	89.666664	72.666664	59.333332	
99.666664	97.0	105.666664	118.666664	126.666664	130.0	128.0	128.66667	135.0	140.0	145.0	143.66667	136.0	124.0	125.333336	142.33333	146.33333	136.0	127.666664	125.666664	125.0	117.0	109.0	98.333336	90.333336	75.666664	60.333332	70.333336	87.333336	104.666664	115.333336	110.666664	102.333336	87.333336	69.0	58.333332	
99.333336	97.333336	104.666664	116.666664	124.666664	130.0	128.66667	128.0	131.33333	135.0	136.0	133.66667	128.66667	122.666664	133.0	139.66667	138.33333	130.33333	127.333336	133.66667	127.666664	117.666664	107.666664	99.333336	94.666664	78.666664	62.0	71.333336	80.0	86.333336	102.333336	105.666664	99.333336	82.666664	65.333336	54.333332	
98.0	98.666664	104.666664	113.666664	121.333336	127.333336	127.0	128.0	130.0	133.33333	133.0	129.33333	125.0	124.333336	132.33333	128.0	127.333336	118.666664	121.333336	130.66667	119.0	106.0	98.666664	95.333336	103.333336	89.666664	70.333336	76.0	76.666664	72.0	86.0	97.333336	94.666664	77.0	61.333332	50.0	
97.666664	100.333336	104.666664	111.666664	117.666664	126.0	126.0	127.0	129.33333	132.66667	133.66667	128.33333	122.666664	122.333336	123.0	112.0	108.666664	106.666664	117.666664	123.333336	106.0	103.0	99.333336	92.0	106.666664	92.666664	71.666664	68.333336	68.333336	63.333332	76.333336	91.0	89.333336	72.333336	60.333332	47.666668	
95.0	98.333336	102.666664	109.0	114.333336	123.333336	125.333336	127.0	131.0	134.0	133.66667	127.333336	117.333336	114.333336	105.666664	95.666664	101.666664	109.333336	108.0	110.0	103.666664	109.666664	102.666664	95.666664	112.666664	100.0	77.333336	68.0	63.666668	58.0	75.0	92.333336	89.0	69.666664	57.333332	41.666668	
91.333336	96.0	101.333336	106.333336	114.0	121.666664	123.666664	125.0	130.33333	131.33333	130.66667	122.0	114.666664	106.0	100.666664	95.0	104.666664	111.333336	105.666664	107.666664	110.666664	114.333336	107.333336	106.333336	110.666664	87.0	62.0	56.333332	58.666668	63.333332	82.0	92.666664	86.0	64.666664	48.666668	33.666668	
89.333336	94.0	97.666664	105.0	112.333336	119.0	123.0	122.333336	126.666664	128.33333	129.33333	122.666664	110.666664	99.666664	99.666664	96.0	93.333336	88.666664	85.0	86.333336	96.0	104.333336	88.666664	81.666664	70.666664	50.0	35.666668	50.0	74.333336	84.0	90.333336	94.0	82.666664	59.333332	39.666668	22.333334	
89.0	95.666664	97.333336	103.333336	110.0	117.333336	123.0	123.333336	127.0	129.0	131.66667	126.666664	107.0	96.666664	88.666664	69.666664	68.666664	79.0	88.666664	102.333336	113.666664	99.0	87.0	81.0	72.333336	56.0	55.666668	68.0	77.333336	86.333336	93.0	94.333336	76.333336	48.333332	24.333334	11.666667	
87.333336	95.333336	98.0	98.333336	106.333336	115.666664	119.333336	120.666664	124.666664	128.33333	132.33333	128.33333	107.666664	99.666664	102.0	92.0	77.0	77.333336	88.0	103.0	125.333336	117.666664	99.0	90.0	78.0	70.0	77.666664	76.0	72.666664	79.666664	86.666664	86.0	62.333332	32.333332	11.0	5.6666665	
87.666664	94.0	96.0	92.666664	99.0	110.333336	117.333336	115.0	116.0	123.0	130.0	127.0	108.0	105.0	121.333336	124.0	112.0	100.0	94.666664	95.0	107.666664	111.666664	95.666664	86.666664	88.333336	90.0	85.0	72.666664	73.666664	79.666664	84.666664	74.333336	43.0	16.333334	5.0	6.3333335	
86.666664	92.0	95.0	92.666664	93.333336	106.0	114.666664	112.0	111.333336	116.333336	124.333336	119.666664	104.333336	111.333336	123.333336	125.666664	123.0	121.333336	119.0	114.666664	109.666664	105.666664	101.333336	101.666664	102.333336	96.333336	80.666664	67.666664	74.666664	81.0	83.666664	56.666668	27.333334	8.333333	5.6666665	6.3333335	
87.666664	91.0	91.0	91.666664	91.333336	99.666664	108.0	108.666664	106.333336	108.666664	113.333336	106.666664	98.333336	111.666664	126.0	127.666664	117.666664	114.0	117.0	117.666664	116.0	114.333336	109.333336	103.0	90.666664	80.333336	69.666664	69.333336	78.0	86.333336	86.0	43.0	18.0	4.3333335	4.3333335	8.666667	
95.0	89.333336	90.666664	92.333336	91.333336	93.333336	101.333336	108.333336	105.0	101.666664	101.333336	97.333336	100.333336	112.0	121.333336	123.666664	117.333336	105.0	99.0	97.333336	94.0	87.0	85.0	80.666664	74.333336	68.666664	71.0	78.333336	84.666664	95.0	80.666664	29.0	7.0	7.0	7.6666665	9.333333	
112.666664	96.0	89.333336	89.0	87.666664	87.333336	94.333336	102.666664	100.666664	96.666664	97.666664	100.666664	102.0	108.333336	115.666664	119.666664	123.0	115.333336	103.0	91.0	88.333336	83.0	82.333336	78.333336	77.666664	77.0	81.0	85.0	89.333336	93.0	67.333336	17.0	4.6666665	10.0	11.333333	11.666667	
151.0	117.333336	95.666664	87.333336	83.0	81.666664	84.666664	95.666664	102.0	97.666664	94.0	98.666664	98.666664	111.0	119.0	118.333336	119.333336	118.0	112.666664	105.666664	101.666664	96.666664	91.0	85.0	91.0	94.0	91.333336	93.0	93.666664	90.666664	51.666668	10.0	7.3333335	10.666667	12.333333	13.0	
221.0	171.0	118.0	92.0	86.666664	81.666664	78.0	89.333336	100.666664	96.333336	88.0	87.0	93.666664	110.0	119.0	113.333336	110.0	110.333336	115.0	121.666664	114.333336	104.666664	96.666664	98.333336	103.333336	103.666664	98.0	97.666664	99.333336	95.0	37.666668	7.6666665	11.0	11.666667	10.666667	11.0	
248.33333	234.33333	190.0	129.33333	95.666664	89.666664	80.0	80.333336	88.0	94.666664	87.333336	80.333336	94.666664	108.0	120.333336	116.333336	108.0	110.333336	113.666664	118.666664	119.0	108.333336	102.0	114.666664	108.666664	108.666664	105.333336	103.0	96.0	66.666664	17.333334	9.333333	15.0	14.333333	10.666667	7.0	
251.0	249.0	243.33333	216.0	159.66667	108.0	87.333336	80.666664	77.333336	83.333336	83.666664	77.0	91.333336	101.333336	121.0	121.0	109.666664	114.0	109.333336	114.333336	117.666664	114.333336	106.333336	106.0	104.666664	108.0	104.333336	107.666664	98.0	50.666668	19.0	19.333334	14.0	13.666667	13.666667	11.333333	
