49.333332	51.333332	52.666668	46.666668	41.0	45.666668	58.666668	77.333336	79.333336	74.666664	85.0	110.333336	142.0	163.0	182.0	198.0	201.66667	196.0	182.66667	174.0	162.66667	147.0	133.33333	122.333336	117.333336	117.0	113.666664	105.666664	99.333336	95.0	86.333336	70.666664	50.333332	35.333332	26.333334	20.666666	
59.666668	56.0	58.666668	61.666668	65.333336	73.333336	83.666664	95.666664	93.333336	103.0	130.66667	163.66667	193.33333	203.33333	203.66667	209.0	204.0	194.33333	184.66667	173.33333	160.0	145.66667	132.0	126.0	123.0	121.333336	116.0	109.0	103.333336	96.0	88.0	77.666664	62.333332	47.333332	34.666668	26.0	
57.333332	59.666668	76.333336	88.666664	90.333336	89.0	88.0	94.333336	115.666664	143.33333	177.33333	202.33333	217.0	221.33333	215.33333	206.66667	191.33333	180.0	172.0	158.0	146.33333	142.33333	129.66667	123.0	121.666664	118.666664	113.666664	107.0	101.0	92.0	86.333336	80.333336	70.666664	59.0	45.666668	35.333332	
53.333332	65.333336	88.666664	107.0	112.0	114.0	124.333336	142.66667	170.0	189.0	204.0	208.33333	209.33333	214.66667	206.66667	193.66667	180.33333	176.0	169.33333	155.33333	146.66667	144.0	131.66667	123.333336	117.0	114.333336	109.666664	100.333336	93.333336	86.0	83.333336	79.0	74.0	65.666664	54.666668	42.333332	
58.666668	77.0	98.666664	118.0	140.0	155.66667	165.0	170.66667	186.33333	195.0	193.66667	185.66667	182.33333	187.66667	181.0	173.0	168.66667	165.33333	160.0	154.66667	151.33333	143.0	129.33333	122.0	114.666664	113.666664	107.666664	98.333336	91.333336	84.333336	81.0	76.666664	72.333336	67.333336	57.0	44.666668	
67.0	88.666664	102.0	117.666664	145.0	165.33333	175.0	174.33333	179.66667	185.66667	181.66667	176.33333	173.66667	169.66667	165.0	160.0	155.66667	150.0	146.0	149.33333	146.33333	133.66667	121.0	113.0	108.666664	109.666664	107.333336	101.666664	96.0	88.666664	82.0	76.0	70.0	63.333332	53.333332	41.333332	
67.333336	81.666664	93.333336	116.0	143.33333	161.33333	171.66667	171.0	171.0	170.33333	170.33333	175.33333	174.33333	168.33333	165.0	162.0	156.66667	151.33333	148.66667	147.66667	141.0	130.0	120.666664	113.666664	111.666664	113.333336	116.333336	112.0	100.666664	93.666664	85.666664	77.0	69.333336	60.333332	50.0	38.333332	
61.0	73.0	91.0	115.666664	139.66667	154.0	162.33333	163.66667	164.66667	166.66667	173.0	179.33333	180.0	176.33333	178.66667	181.66667	174.66667	169.0	165.0	158.0	150.33333	144.33333	139.33333	140.33333	136.66667	132.33333	135.33333	126.0	106.333336	97.333336	90.0	78.666664	67.333336	58.666668	49.666668	37.666668	
54.333332	74.0	92.333336	111.333336	132.33333	146.33333	155.0	158.33333	159.33333	165.33333	177.33333	185.66667	190.0	190.66667	193.33333	193.66667	186.66667	179.33333	174.66667	169.33333	165.0	163.33333	161.0	162.0	160.33333	153.66667	149.0	136.0	117.0	105.666664	97.333336	83.333336	69.333336	60.333332	50.333332	37.333332	
47.333332	67.0	85.333336	105.333336	126.666664	141.33333	153.66667	157.33333	157.33333	161.33333	173.66667	184.66667	190.33333	193.66667	197.0	193.66667	191.33333	181.66667	172.33333	168.66667	164.33333	166.33333	172.66667	168.0	163.33333	159.33333	149.33333	132.66667	119.333336	112.0	102.666664	88.666664	76.0	64.333336	53.0	40.666668	
42.666668	63.333332	82.666664	104.0	126.333336	139.66667	151.33333	157.0	161.0	165.66667	173.0	185.0	193.33333	195.0	198.0	195.0	196.0	189.66667	177.33333	167.0	160.33333	157.0	174.33333	171.33333	160.66667	158.33333	143.33333	121.666664	111.0	108.666664	101.666664	93.0	83.0	67.0	55.0	46.0	
41.333332	60.0	86.666664	113.333336	132.0	140.66667	148.66667	156.66667	165.66667	172.66667	179.66667	187.66667	192.66667	196.33333	199.0	196.0	198.66667	193.0	180.66667	166.66667	160.33333	146.66667	158.0	166.33333	150.33333	144.33333	130.66667	112.333336	106.666664	108.333336	99.333336	91.0	82.333336	67.0	56.333332	47.666668	
34.0	57.0	104.0	135.33333	142.33333	143.66667	149.66667	161.66667	173.0	177.33333	178.66667	183.0	185.0	188.66667	191.33333	189.0	189.66667	179.0	166.66667	146.0	148.0	134.66667	135.0	154.66667	129.0	125.0	118.666664	104.0	99.333336	100.0	89.0	75.333336	67.666664	62.0	56.0	50.333332	
32.0	71.0	130.33333	152.66667	150.0	147.66667	151.66667	158.66667	163.33333	159.66667	151.66667	148.33333	143.0	135.66667	132.66667	131.0	138.0	135.66667	129.0	108.666664	128.66667	123.0	116.333336	136.66667	93.666664	94.0	86.0	68.0	63.0	66.333336	65.0	57.666668	53.0	52.333332	50.0	51.333332	
39.333332	94.0	146.33333	156.66667	154.33333	152.66667	152.33333	144.66667	135.33333	131.33333	124.0	117.666664	106.0	87.333336	75.333336	69.333336	75.666664	81.333336	82.333336	75.333336	119.0	117.333336	100.333336	107.0	58.0	56.333332	49.333332	38.666668	39.0	44.0	48.333332	50.666668	48.0	48.666668	48.333332	51.333332	
50.333332	98.0	140.0	157.33333	153.66667	154.33333	149.33333	131.66667	129.33333	127.0	121.666664	125.0	109.333336	86.0	66.666664	53.0	50.333332	49.333332	50.0	63.333332	125.0	131.66667	110.333336	90.0	46.0	55.333332	51.666668	32.666668	34.0	41.333332	49.333332	51.333332	50.0	54.666668	53.333332	53.333332	
72.333336	102.666664	120.0	137.66667	138.0	154.33333	138.33333	123.0	132.66667	138.0	133.33333	125.333336	106.666664	80.0	58.333332	45.0	42.333332	41.0	41.333332	73.0	132.0	134.66667	113.333336	77.333336	42.666668	41.666668	35.0	24.666666	30.333334	39.0	47.333332	49.333332	47.666668	54.333332	56.666668	57.0	
95.0	130.33333	133.33333	127.666664	136.66667	146.66667	127.666664	125.0	134.0	123.0	98.0	68.333336	51.666668	38.0	34.666668	31.666666	31.0	35.0	39.666668	69.666664	118.0	115.333336	95.666664	66.333336	36.333332	28.666666	22.333334	19.666666	16.333334	18.0	25.333334	27.666666	32.666668	43.333332	54.0	60.333332	
105.333336	144.66667	155.66667	139.0	140.66667	149.0	135.33333	125.0	114.666664	72.666664	48.333332	44.0	34.666668	29.666666	34.333332	35.333332	31.333334	36.333332	46.0	65.666664	115.666664	147.66667	127.333336	86.0	44.0	26.666666	24.0	24.0	28.0	31.0	31.666666	31.333334	29.333334	33.0	46.666668	57.333332	
113.666664	144.0	159.66667	161.0	145.66667	141.0	133.66667	119.333336	94.0	78.333336	96.333336	105.666664	100.333336	87.0	79.0	71.333336	65.666664	74.666664	85.666664	92.0	146.0	173.33333	149.66667	104.666664	47.0	31.0	27.0	38.0	56.666668	59.333332	51.0	43.0	40.333332	39.0	45.0	62.666668	
122.666664	144.33333	158.66667	161.0	159.66667	147.33333	131.66667	128.66667	127.333336	140.33333	151.33333	146.66667	136.66667	119.666664	100.666664	84.333336	89.0	118.0	131.66667	127.333336	163.0	179.0	150.66667	101.333336	49.0	35.333332	32.666668	42.0	57.333332	60.333332	58.333332	61.333332	58.0	49.0	51.333332	81.0	
124.333336	141.33333	152.66667	158.0	162.33333	161.66667	147.33333	126.333336	140.66667	151.0	156.0	139.33333	114.333336	90.666664	82.666664	85.0	114.333336	146.66667	128.33333	135.0	165.66667	178.33333	152.33333	106.666664	58.666668	42.0	41.666668	46.333332	54.0	52.333332	57.0	66.666664	69.333336	65.666664	74.666664	86.666664	
131.0	137.0	146.66667	152.0	157.0	164.33333	166.0	135.33333	129.66667	142.66667	139.0	112.0	97.666664	88.333336	85.333336	104.333336	136.33333	141.0	104.333336	139.33333	169.0	179.66667	167.66667	117.666664	64.333336	43.0	42.666668	55.666668	74.0	82.0	91.333336	101.666664	99.0	86.333336	80.0	63.0	
133.0	133.0	141.0	145.66667	153.66667	162.33333	168.33333	167.0	150.33333	139.66667	131.33333	114.0	106.333336	107.333336	115.0	125.666664	126.0	102.333336	110.0	161.66667	177.33333	186.33333	175.0	125.0	77.666664	50.0	42.0	59.0	95.0	121.0	134.0	137.66667	117.333336	83.0	59.0	55.333332	
137.33333	135.33333	138.0	143.0	151.66667	161.33333	165.66667	163.66667	153.66667	145.66667	132.0	110.666664	100.0	110.333336	124.0	116.333336	96.666664	94.0	142.66667	178.33333	184.66667	192.66667	177.33333	134.0	95.666664	68.0	45.0	51.0	75.666664	95.333336	104.666664	95.333336	75.333336	58.666668	49.666668	54.0	
137.33333	132.66667	133.33333	138.66667	147.0	155.66667	156.0	146.0	137.33333	130.33333	105.666664	91.666664	102.333336	109.0	110.333336	95.666664	84.0	108.0	156.66667	171.66667	180.0	189.66667	177.66667	139.0	101.0	68.0	42.333332	49.666668	69.666664	69.333336	69.333336	64.666664	54.666668	48.666668	48.333332	51.333332	
137.33333	128.0	129.66667	132.66667	139.33333	145.66667	141.33333	131.66667	128.66667	130.33333	111.666664	93.666664	98.333336	115.333336	123.666664	116.0	102.333336	121.666664	157.66667	166.66667	171.0	175.66667	168.0	139.0	99.0	60.0	41.0	50.333332	89.0	89.333336	69.666664	60.333332	52.333332	49.0	48.666668	53.0	
142.0	130.0	126.666664	128.66667	134.66667	136.33333	132.33333	130.0	135.33333	149.0	156.33333	158.33333	159.66667	167.0	165.33333	143.66667	115.333336	133.33333	169.66667	180.33333	180.66667	181.66667	172.33333	145.33333	102.666664	63.666668	49.333332	44.666668	84.666664	108.666664	88.666664	70.333336	54.333332	49.333332	49.666668	52.666668	
140.33333	131.66667	125.0	125.333336	131.33333	131.33333	130.33333	134.33333	143.33333	158.0	173.66667	181.66667	181.0	174.33333	163.33333	139.33333	116.0	142.33333	175.66667	187.0	193.66667	197.33333	183.0	152.0	111.333336	77.666664	62.333332	46.333332	64.0	96.0	90.666664	75.666664	60.333332	51.666668	51.333332	53.666668	
138.33333	132.0	124.666664	122.0	128.33333	133.33333	132.66667	135.0	149.0	160.66667	169.0	173.66667	173.0	164.33333	147.33333	136.33333	140.0	141.33333	141.66667	153.33333	171.0	175.33333	156.33333	129.0	100.0	74.666664	59.333332	45.0	49.333332	77.666664	81.666664	69.333336	61.0	53.0	51.333332	52.666668	
143.66667	133.33333	127.333336	121.0	124.333336	133.0	136.66667	140.66667	152.66667	161.0	163.0	169.33333	170.0	159.33333	149.33333	159.66667	174.33333	140.66667	86.333336	75.666664	103.333336	118.333336	100.333336	83.0	66.666664	48.666668	39.333332	38.666668	43.0	60.666668	72.666664	64.666664	56.666668	52.333332	50.333332	51.666668	
142.66667	131.66667	130.0	122.0	121.333336	130.0	138.66667	144.0	149.66667	155.66667	160.66667	166.66667	169.66667	170.33333	175.66667	189.66667	200.33333	174.0	102.666664	54.666668	49.333332	57.0	48.666668	43.333332	40.0	35.666668	35.666668	41.333332	44.666668	51.333332	61.333332	60.666668	54.0	52.0	49.666668	50.333332	
129.66667	130.33333	130.0	125.333336	125.333336	130.33333	135.66667	140.0	142.33333	147.66667	152.66667	154.66667	159.33333	175.66667	192.33333	199.66667	200.33333	192.0	166.66667	134.0	102.333336	67.333336	30.666666	24.666666	31.666666	36.0	37.333332	39.666668	45.0	47.666668	52.0	51.0	48.0	49.333332	47.666668	50.666668	
105.333336	128.33333	128.66667	124.0	126.666664	130.66667	132.66667	137.66667	138.0	135.66667	138.0	138.66667	146.66667	171.33333	192.0	193.0	190.0	183.33333	175.33333	170.0	160.33333	129.33333	69.333336	45.333332	39.333332	39.333332	38.333332	39.666668	44.333332	46.333332	46.333332	46.0	46.0	46.0	45.666668	52.333332	
88.666664	123.0	124.666664	120.666664	124.333336	128.66667	130.33333	136.0	136.33333	133.33333	128.0	128.0	138.33333	163.66667	179.0	180.33333	180.0	172.33333	164.0	156.66667	160.66667	154.0	121.0	100.666664	65.666664	42.0	41.0	43.666668	46.0	47.0	46.666668	45.0	43.0	44.0	46.0	53.333332	
79.0	116.333336	121.0	119.0	118.333336	123.666664	128.33333	135.0	140.66667	143.0	139.66667	138.0	145.33333	158.0	163.0	160.66667	161.0	158.66667	155.66667	151.33333	150.66667	142.33333	133.33333	125.333336	79.666664	45.0	43.666668	44.333332	46.0	46.666668	45.333332	42.0	39.666668	44.333332	46.333332	51.666668	
62.666668	105.333336	113.666664	113.333336	113.0	116.666664	127.0	138.33333	143.66667	143.33333	145.0	146.33333	148.33333	146.33333	144.33333	140.66667	142.0	147.33333	143.66667	123.333336	96.0	70.666664	69.0	65.0	43.333332	35.333332	39.666668	42.333332	45.333332	46.666668	45.0	42.333332	40.333332	43.333332	44.333332	51.666668	
59.666668	98.0	105.0	104.666664	108.666664	110.666664	120.666664	133.33333	139.0	140.66667	147.0	148.33333	140.33333	122.666664	115.333336	114.666664	118.333336	114.0	89.666664	59.666668	36.333332	25.0	29.666666	31.0	26.333334	28.666666	29.0	31.0	37.666668	41.666668	43.333332	43.0	41.0	41.0	44.0	54.0	
68.0	89.333336	98.666664	96.333336	101.333336	104.0	112.333336	126.0	135.66667	141.33333	144.66667	141.33333	123.0	95.333336	84.666664	92.666664	115.0	117.0	102.0	68.666664	38.333332	37.333332	42.666668	46.0	55.333332	53.333332	37.333332	30.666666	34.0	36.666668	39.0	41.666668	41.0	39.666668	42.666668	55.666668	
42.666668	65.333336	89.333336	86.666664	89.333336	94.666664	102.333336	117.333336	131.33333	140.66667	143.33333	130.66667	104.666664	84.666664	93.666664	108.0	124.666664	140.33333	143.66667	133.66667	115.0	119.333336	129.33333	132.33333	122.0	83.333336	48.333332	41.0	38.666668	37.333332	38.0	40.666668	41.333332	40.333332	38.666668	51.0	
13.666667	50.666668	92.333336	86.666664	83.0	87.0	97.0	112.0	126.333336	132.33333	133.0	112.333336	85.666664	89.666664	104.333336	101.666664	89.0	95.666664	109.666664	118.666664	131.66667	135.66667	129.0	122.333336	98.666664	59.666668	38.666668	42.0	40.0	37.333332	36.666668	38.666668	41.333332	41.666668	39.0	36.0	
13.0	66.0	124.0	96.0	88.0	85.666664	91.333336	109.333336	118.666664	119.333336	110.333336	90.333336	85.0	105.0	105.0	90.0	75.333336	65.666664	66.333336	74.0	81.333336	77.333336	70.0	61.666668	46.666668	38.0	36.666668	38.666668	38.333332	36.333332	35.333332	37.0	39.666668	40.666668	42.333332	33.666668	
20.333334	106.0	176.66667	119.0	98.333336	95.666664	100.0	109.666664	108.0	99.0	87.333336	72.666664	82.0	97.0	91.0	80.333336	78.333336	71.666664	49.666668	42.333332	41.0	32.333332	31.333334	30.666666	30.666666	31.666666	33.0	35.333332	35.0	34.333332	35.666668	38.666668	41.333332	40.0	37.0	26.333334	
37.333332	154.0	213.0	149.66667	98.666664	100.666664	102.666664	104.333336	108.333336	92.0	72.0	57.0	83.666664	97.666664	83.0	87.0	83.333336	59.0	44.666668	32.666668	22.333334	18.333334	17.666666	21.333334	25.0	28.666666	31.0	33.666668	33.333332	33.333332	34.0	36.666668	39.0	39.666668	33.0	18.0	
78.666664	189.66667	222.66667	185.66667	115.666664	96.0	97.333336	100.666664	105.0	96.0	74.666664	71.666664	98.333336	95.666664	92.666664	107.333336	88.333336	67.333336	78.333336	81.0	47.666668	23.0	21.0	24.0	26.333334	29.666666	32.0	35.0	35.0	33.333332	33.0	34.0	36.0	38.666668	34.333332	14.666667	
121.333336	209.33333	229.0	216.66667	158.66667	96.0	87.333336	91.0	86.666664	81.666664	71.333336	83.333336	91.666664	83.333336	101.0	114.666664	103.0	107.333336	121.666664	121.333336	92.0	54.666668	30.333334	28.333334	29.666666	31.666666	34.0	37.666668	36.666668	33.666668	32.666668	33.333332	34.666668	43.666668	43.333332	15.0	
129.66667	216.33333	232.33333	224.33333	199.33333	124.333336	76.666664	78.0	74.333336	65.666664	62.0	79.0	85.0	87.0	102.666664	112.666664	113.666664	113.0	110.333336	111.333336	103.666664	84.333336	44.666668	32.333332	33.333332	34.333332	36.333332	39.0	37.666668	34.0	32.666668	33.666668	39.333332	55.0	51.666668	17.666666	
114.0	208.66667	233.66667	230.33333	222.33333	186.33333	106.666664	73.0	68.666664	58.0	52.666668	63.666668	76.666664	87.333336	95.666664	106.333336	108.333336	100.333336	96.0	92.0	88.666664	77.0	49.0	36.666668	34.666668	35.0	37.333332	39.666668	37.333332	34.333332	33.0	36.0	50.333332	66.333336	53.666668	19.333334	
89.666664	172.0	227.66667	228.0	226.66667	220.0	179.33333	110.333336	70.333336	58.666668	52.666668	55.0	61.0	73.333336	81.333336	90.333336	93.666664	87.333336	81.666664	67.666664	60.0	50.0	39.0	35.666668	33.666668	33.0	34.666668	36.666668	36.0	32.666668	34.666668	45.0	64.0	72.0	52.333332	19.666666	
