45.333332	52.0	44.333332	41.333332	47.333332	78.333336	131.0	164.66667	173.33333	178.66667	183.33333	182.66667	182.66667	184.0	187.0	188.0	186.66667	185.0	182.0	181.33333	180.0	178.33333	174.0	170.66667	170.0	168.66667	166.0	161.0	152.0	142.0	119.666664	109.0	102.666664	81.666664	44.0	28.666666	
55.666668	55.333332	46.333332	52.333332	73.666664	119.666664	157.33333	175.0	178.33333	180.0	182.66667	184.0	185.0	184.66667	188.66667	188.66667	187.66667	185.33333	182.33333	180.33333	177.66667	176.33333	173.66667	172.66667	171.0	169.0	166.0	161.0	155.0	147.66667	128.0	113.333336	108.0	98.333336	67.0	31.333334	
62.0	48.666668	50.666668	62.0	105.333336	150.33333	171.0	182.0	183.33333	185.66667	188.33333	189.33333	187.0	187.0	190.33333	190.33333	189.0	185.66667	183.66667	180.66667	177.33333	177.33333	176.0	173.66667	171.33333	170.66667	166.33333	159.33333	158.33333	153.33333	137.0	118.0	111.333336	104.666664	88.0	49.0	
51.666668	48.333332	54.666668	79.333336	134.33333	160.66667	177.33333	183.66667	184.0	186.33333	188.0	190.33333	189.66667	190.33333	193.0	193.0	189.66667	185.66667	183.33333	181.0	178.66667	179.66667	178.66667	178.0	174.66667	171.0	165.33333	157.0	155.0	153.66667	145.33333	129.66667	115.333336	106.666664	99.333336	72.333336	
53.333332	54.0	61.333332	107.0	151.0	165.0	179.0	186.0	186.66667	188.66667	189.0	189.33333	189.33333	191.0	192.0	191.0	190.0	186.33333	181.66667	180.66667	180.66667	183.0	180.66667	179.0	175.66667	171.33333	165.33333	158.0	155.33333	154.33333	149.0	135.33333	120.666664	110.0	103.333336	86.0	
59.0	58.333332	74.0	130.33333	157.0	168.0	181.0	188.33333	189.66667	191.0	193.0	192.66667	190.33333	191.0	191.0	190.0	190.0	185.66667	181.66667	181.33333	182.33333	183.66667	184.66667	180.66667	174.33333	171.66667	166.0	158.33333	155.33333	154.66667	152.33333	140.33333	128.66667	117.0	108.0	93.333336	
61.0	61.333332	87.666664	142.0	160.66667	171.33333	183.33333	188.0	190.33333	193.0	195.66667	195.0	194.0	193.66667	192.0	191.0	191.0	188.0	186.0	185.0	183.0	183.66667	184.0	182.0	178.33333	173.33333	168.33333	160.0	156.0	154.33333	153.0	144.0	137.0	122.666664	112.666664	101.0	
67.0	65.333336	101.333336	150.0	163.66667	176.0	185.66667	190.0	192.33333	196.0	196.66667	197.66667	196.66667	195.0	193.0	192.33333	191.33333	188.33333	188.66667	187.0	184.33333	180.66667	178.66667	177.0	178.33333	173.66667	168.0	160.66667	155.33333	155.66667	154.33333	147.33333	140.66667	125.333336	112.333336	101.666664	
66.666664	68.666664	112.333336	153.33333	168.0	180.0	186.66667	190.0	195.33333	198.33333	197.66667	196.66667	194.33333	191.0	188.66667	189.33333	189.33333	186.66667	187.33333	185.33333	183.33333	181.0	179.66667	177.33333	176.33333	171.33333	164.0	159.0	155.33333	156.0	156.0	150.66667	143.33333	127.333336	112.333336	100.0	
64.0	73.666664	119.666664	154.66667	167.66667	179.66667	186.33333	189.0	193.0	195.66667	195.66667	195.0	195.33333	192.0	188.33333	188.33333	188.33333	186.66667	188.0	186.33333	186.33333	184.0	183.0	185.0	185.66667	174.0	160.66667	159.0	156.66667	156.0	157.0	153.33333	140.33333	123.666664	108.333336	100.666664	
65.0	74.333336	121.333336	155.0	168.66667	180.66667	186.66667	188.66667	193.0	196.0	199.0	199.33333	202.33333	198.66667	194.0	193.0	193.33333	191.33333	193.0	193.0	194.33333	188.33333	189.66667	193.66667	191.0	176.66667	162.33333	163.0	164.0	162.66667	156.0	150.33333	135.33333	117.666664	108.0	102.333336	
54.0	70.0	122.333336	153.66667	166.0	179.0	186.33333	189.66667	195.0	199.0	203.66667	206.33333	210.66667	206.66667	205.0	201.33333	198.33333	197.66667	197.33333	200.66667	204.66667	197.33333	197.66667	197.0	189.33333	178.33333	169.33333	168.66667	171.0	164.66667	152.66667	140.0	129.0	115.666664	107.666664	103.333336	
50.333332	67.666664	126.333336	155.66667	164.66667	176.33333	180.66667	183.0	182.0	180.33333	185.33333	188.66667	199.66667	205.0	207.33333	210.66667	208.33333	205.33333	202.66667	202.33333	202.33333	192.66667	188.0	177.0	162.66667	146.33333	141.33333	143.0	149.66667	149.66667	144.66667	133.33333	124.0	114.666664	105.666664	104.666664	
50.0	70.0	132.66667	159.0	165.33333	167.0	153.33333	146.66667	139.0	127.0	122.333336	122.0	147.0	175.66667	186.33333	197.66667	204.66667	206.33333	202.0	191.33333	186.33333	174.66667	159.0	132.0	112.0	101.666664	102.0	111.333336	124.0	125.666664	123.666664	122.0	115.666664	111.0	106.0	106.333336	
49.333332	74.666664	138.0	158.33333	154.66667	143.66667	132.0	139.33333	142.66667	132.33333	122.0	116.0	132.33333	154.0	170.66667	184.0	190.66667	197.66667	196.0	180.33333	170.66667	162.66667	146.66667	132.0	124.333336	122.666664	133.33333	146.33333	151.33333	140.66667	129.66667	119.0	104.0	98.333336	100.333336	107.0	
53.333332	76.0	139.0	156.33333	142.0	143.33333	163.33333	183.0	192.33333	193.66667	180.66667	165.0	167.33333	166.0	171.0	182.66667	186.66667	194.33333	191.33333	174.0	161.33333	156.33333	158.66667	174.66667	178.0	178.66667	189.0	192.33333	182.66667	171.0	161.33333	136.0	106.0	92.333336	93.333336	105.333336	
57.333332	72.666664	139.33333	158.0	149.0	164.0	183.0	192.66667	195.0	191.0	180.33333	169.0	167.33333	176.66667	175.0	183.0	187.0	197.66667	191.33333	168.33333	152.0	156.0	181.0	187.0	170.66667	162.0	157.66667	159.0	159.0	161.0	167.33333	157.66667	130.33333	114.666664	102.333336	107.666664	
52.666668	76.0	145.66667	160.66667	160.33333	176.0	183.0	172.0	150.0	122.0	107.666664	104.333336	128.0	152.0	165.33333	179.0	185.0	197.33333	189.0	159.0	143.0	154.0	168.33333	159.0	152.66667	153.0	121.666664	91.0	96.0	117.666664	136.66667	153.0	141.0	131.0	115.666664	108.333336	
48.666668	85.666664	150.0	164.33333	168.0	169.0	146.66667	120.666664	123.666664	124.333336	115.666664	103.666664	125.666664	140.66667	157.66667	174.33333	179.66667	190.66667	184.66667	153.66667	140.0	143.33333	148.66667	145.66667	156.0	175.0	157.66667	137.66667	131.33333	119.0	111.333336	130.33333	132.0	131.66667	123.0	103.666664	
58.0	96.333336	154.66667	169.33333	171.66667	157.0	139.66667	143.33333	170.0	177.66667	176.0	166.66667	152.0	147.66667	164.66667	177.33333	180.0	187.66667	185.0	153.33333	136.0	156.0	159.66667	159.33333	161.33333	174.33333	186.66667	187.0	178.33333	157.0	134.66667	134.33333	146.0	149.0	129.66667	109.0	
65.0	103.333336	157.66667	170.0	176.66667	172.66667	168.33333	172.0	189.0	201.33333	196.33333	174.66667	162.33333	171.33333	183.33333	179.0	176.33333	183.66667	181.0	151.66667	128.0	153.0	169.0	170.66667	167.0	168.66667	174.66667	174.66667	166.66667	154.33333	154.66667	165.0	167.0	154.0	134.0	110.666664	
65.333336	104.333336	159.0	173.0	184.33333	186.66667	183.33333	178.0	176.66667	175.66667	173.0	171.0	179.66667	185.33333	183.0	176.66667	178.33333	182.66667	176.66667	152.0	126.333336	138.33333	163.0	178.66667	179.33333	171.66667	169.0	170.66667	172.66667	175.66667	179.66667	178.33333	166.33333	151.66667	133.0	110.333336	
89.333336	110.0	157.0	174.66667	184.0	188.33333	189.0	183.33333	178.0	176.33333	174.66667	181.66667	184.0	180.66667	179.66667	178.66667	179.33333	183.66667	176.0	149.0	129.66667	138.33333	155.0	168.66667	177.0	176.66667	172.0	174.66667	179.66667	182.33333	180.33333	173.33333	161.66667	146.0	130.33333	108.666664	
107.333336	112.0	160.0	178.33333	183.33333	185.33333	186.66667	183.66667	183.0	185.33333	188.66667	193.0	190.66667	185.33333	182.0	178.0	177.33333	181.66667	173.0	146.33333	133.33333	144.33333	157.66667	174.66667	184.66667	183.66667	180.0	180.0	182.0	180.66667	176.0	169.0	155.33333	139.0	119.333336	104.666664	
110.333336	116.0	162.0	177.33333	179.0	183.66667	187.66667	188.33333	190.33333	195.66667	199.33333	198.0	189.0	178.66667	175.0	174.33333	180.0	184.0	175.33333	151.0	129.33333	135.33333	153.33333	168.0	185.0	192.66667	191.0	187.0	187.66667	184.66667	176.66667	168.66667	155.0	135.66667	114.0	99.333336	
117.666664	112.0	159.33333	175.0	175.0	183.33333	191.66667	195.33333	200.66667	204.33333	197.33333	182.0	173.66667	173.0	171.0	175.66667	186.33333	189.66667	183.33333	162.66667	130.66667	129.0	142.66667	140.0	158.0	176.33333	193.33333	199.33333	198.0	190.0	178.66667	165.66667	154.0	133.0	109.666664	94.666664	
142.0	112.666664	154.66667	172.66667	174.66667	182.66667	191.33333	197.0	204.66667	200.0	181.66667	162.66667	170.0	173.66667	171.0	181.0	195.66667	199.66667	192.0	170.66667	141.0	133.66667	142.33333	125.333336	138.0	162.66667	178.0	193.66667	198.66667	192.66667	181.66667	164.66667	147.66667	127.0	107.0	91.333336	
172.0	151.66667	154.0	166.66667	173.33333	180.0	187.33333	191.33333	193.66667	178.66667	158.33333	160.0	180.33333	176.0	171.66667	179.66667	198.66667	206.33333	196.66667	167.33333	142.33333	144.66667	148.33333	124.0	127.666664	163.0	167.0	175.33333	190.0	189.33333	177.33333	161.0	140.0	123.0	109.666664	94.0	
180.33333	186.0	161.33333	164.66667	172.33333	177.0	183.0	184.66667	180.33333	160.66667	151.33333	176.0	184.0	174.0	163.0	162.0	181.0	190.66667	183.0	148.0	122.333336	120.0	128.66667	118.666664	131.0	157.33333	164.0	166.66667	176.0	179.0	172.33333	158.66667	134.33333	119.666664	110.0	94.666664	
179.33333	189.33333	165.66667	164.33333	169.0	173.33333	179.66667	178.66667	168.0	151.0	165.33333	181.33333	178.66667	171.66667	157.66667	150.33333	164.33333	166.66667	156.33333	117.0	90.0	106.0	125.0	136.0	143.0	150.0	160.66667	162.33333	163.66667	172.0	171.0	160.33333	135.66667	117.333336	114.666664	99.666664	
165.0	187.66667	172.33333	165.33333	169.0	170.33333	177.0	177.33333	157.33333	151.33333	170.33333	176.66667	176.33333	173.33333	166.33333	159.0	160.66667	150.0	141.66667	124.666664	131.0	138.66667	135.33333	139.0	141.0	147.33333	155.33333	154.33333	156.0	162.33333	169.66667	160.33333	136.66667	118.333336	123.333336	104.0	
113.333336	168.0	168.33333	167.66667	169.66667	166.66667	175.33333	169.33333	144.0	159.66667	170.0	170.33333	172.0	173.33333	172.33333	172.33333	174.66667	171.0	167.66667	170.0	173.33333	158.0	146.0	146.0	147.33333	144.66667	147.66667	150.66667	154.0	156.66667	166.33333	162.66667	136.33333	123.0	132.66667	104.0	
55.666668	92.0	127.333336	166.33333	175.33333	167.33333	173.0	156.66667	145.33333	164.66667	163.33333	164.66667	172.0	177.0	176.0	181.0	188.66667	191.0	189.33333	189.33333	183.33333	166.33333	157.33333	149.0	143.0	137.33333	138.0	144.0	154.33333	162.66667	167.66667	168.66667	137.0	125.333336	139.66667	103.666664	
40.333332	42.666668	80.333336	161.0	180.0	169.66667	172.66667	159.0	158.0	161.33333	155.33333	147.66667	148.66667	150.0	152.33333	156.66667	165.33333	170.0	174.33333	165.66667	154.66667	144.66667	138.33333	125.0	110.0	104.333336	108.666664	126.0	156.66667	172.0	179.0	176.66667	139.0	125.333336	139.33333	98.0	
41.333332	41.0	67.0	151.66667	182.33333	176.66667	173.66667	178.0	178.0	173.66667	165.33333	131.33333	136.0	158.0	172.66667	173.33333	175.0	179.33333	181.33333	169.66667	178.33333	171.0	166.66667	154.33333	130.0	126.666664	129.33333	149.0	171.0	181.33333	190.33333	182.0	135.33333	126.333336	140.66667	94.333336	
38.0	38.0	54.333332	133.0	179.66667	183.33333	172.66667	188.66667	191.0	185.66667	182.33333	168.66667	162.66667	189.66667	195.33333	204.0	208.0	214.0	219.0	212.0	211.0	202.66667	187.66667	174.66667	149.33333	142.0	153.66667	170.0	178.66667	189.0	197.33333	178.0	128.0	133.33333	136.33333	84.0	
37.666668	39.333332	43.666668	102.666664	170.66667	183.66667	170.66667	186.33333	197.33333	193.0	190.33333	189.66667	181.0	166.33333	150.66667	152.33333	155.0	174.0	185.0	180.33333	168.66667	147.33333	124.333336	128.33333	131.66667	151.0	161.66667	173.0	181.66667	196.66667	194.0	163.0	119.333336	142.33333	126.666664	68.666664	
38.666668	38.666668	36.666668	65.0	151.0	182.33333	173.0	176.0	191.66667	194.66667	194.33333	190.0	186.66667	180.0	170.33333	152.33333	132.0	125.333336	135.66667	140.66667	143.0	141.66667	137.33333	143.66667	146.66667	154.66667	164.0	171.66667	180.0	193.66667	182.33333	144.0	121.666664	147.66667	105.666664	51.666668	
39.0	39.0	36.333332	43.666668	114.333336	174.66667	181.33333	175.33333	184.0	191.33333	192.0	188.66667	189.0	182.0	185.0	185.0	182.33333	172.0	166.0	166.33333	168.0	168.66667	167.0	156.66667	148.0	153.66667	165.0	169.33333	178.0	188.33333	166.66667	126.333336	136.66667	133.33333	76.666664	44.666668	
38.666668	38.666668	37.666668	40.333332	70.333336	148.66667	181.0	182.33333	179.0	188.33333	190.33333	189.33333	190.66667	183.66667	182.33333	187.66667	199.0	199.33333	191.66667	190.33333	182.66667	176.66667	166.66667	154.0	145.33333	155.66667	164.0	167.0	175.33333	176.66667	145.0	123.333336	144.0	103.333336	54.333332	44.666668	
37.666668	38.0	38.333332	40.0	46.0	102.333336	168.0	186.33333	178.66667	179.66667	187.66667	190.66667	188.66667	185.0	179.66667	179.33333	190.0	193.33333	190.33333	188.0	185.33333	175.33333	156.0	145.0	146.33333	158.0	165.33333	165.33333	170.0	158.0	122.0	135.66667	127.0	68.666664	46.666668	46.333332	
38.333332	39.333332	40.333332	41.333332	40.666668	76.666664	152.66667	181.0	183.66667	176.33333	185.66667	192.0	188.66667	187.33333	185.0	179.66667	185.33333	184.33333	184.33333	183.0	178.33333	166.33333	154.33333	149.66667	154.66667	159.33333	162.33333	159.33333	160.0	132.0	120.333336	138.33333	91.0	49.666668	47.666668	49.333332	
38.333332	39.666668	40.0	41.0	40.333332	76.333336	151.33333	170.0	185.0	176.66667	178.33333	188.66667	188.66667	188.0	188.33333	187.66667	186.0	187.33333	189.33333	187.33333	177.33333	169.0	166.33333	163.33333	162.33333	165.33333	161.66667	154.0	139.33333	111.666664	132.0	106.666664	60.333332	47.333332	51.333332	51.0	
38.333332	39.333332	39.666668	38.0	39.666668	74.0	155.0	163.0	174.0	178.33333	170.0	180.33333	188.66667	192.33333	191.66667	189.0	186.0	187.0	187.66667	186.0	179.33333	172.66667	168.33333	169.0	165.0	162.66667	154.33333	140.66667	111.333336	115.333336	119.666664	69.333336	51.666668	52.666668	55.333332	48.333332	
38.666668	40.0	39.333332	38.0	44.666668	75.0	155.0	166.33333	158.66667	174.0	168.33333	170.66667	182.66667	190.33333	189.66667	184.0	183.33333	187.0	190.0	189.33333	182.66667	170.33333	162.33333	164.33333	162.33333	153.66667	139.33333	115.0	96.666664	112.0	83.666664	57.666668	59.0	71.666664	66.666664	45.666668	
42.0	41.333332	38.0	42.666668	51.0	103.333336	174.0	174.66667	159.33333	159.33333	166.0	161.0	174.0	182.0	185.33333	184.66667	189.33333	198.0	197.33333	196.0	188.0	174.33333	164.0	158.33333	154.33333	140.66667	116.666664	91.0	96.666664	88.333336	64.0	62.333332	83.333336	94.0	65.666664	41.666668	
39.0	38.333332	43.0	49.666668	54.666668	131.33333	202.33333	178.0	174.0	157.66667	161.66667	156.33333	165.66667	179.66667	184.0	185.33333	189.66667	196.33333	188.66667	187.66667	189.66667	180.33333	165.33333	156.66667	142.66667	123.333336	90.333336	85.333336	85.666664	68.0	69.333336	95.666664	113.333336	91.333336	67.666664	41.0	
39.333332	43.333332	50.0	51.666668	58.666668	153.33333	225.0	197.0	179.33333	173.0	156.66667	156.66667	158.0	166.33333	171.33333	178.33333	180.0	177.0	168.0	175.66667	182.66667	174.33333	155.66667	142.33333	119.333336	94.333336	80.0	82.666664	70.333336	71.666664	95.666664	124.666664	117.333336	86.0	81.333336	41.0	
47.0	50.0	50.0	49.333332	59.666668	164.33333	234.0	226.0	192.33333	185.0	170.33333	153.33333	152.33333	152.0	154.0	158.0	160.33333	161.33333	155.0	158.0	158.33333	147.33333	131.0	110.0	89.666664	85.666664	85.333336	74.666664	78.666664	99.333336	125.0	128.0	109.0	94.0	101.666664	49.666668	
