14.0	36.0	84.0	120.0	129.33333	133.0	134.66667	138.0	143.0	152.0	158.0	162.33333	164.66667	170.0	177.33333	177.66667	174.66667	178.66667	179.66667	176.66667	174.33333	170.66667	167.66667	160.66667	152.0	140.0	121.333336	116.333336	115.333336	124.0	131.0	128.0	113.333336	102.0	82.333336	42.666668	
21.0	50.666668	95.333336	119.666664	130.0	136.0	139.0	144.0	149.66667	159.0	166.66667	170.66667	172.33333	175.33333	180.66667	181.66667	179.33333	179.0	179.33333	179.33333	176.66667	174.33333	172.0	166.66667	163.66667	158.0	147.66667	142.0	140.0	140.0	140.0	135.33333	120.666664	105.666664	89.666664	47.666668	
22.333334	58.666668	101.333336	120.666664	129.0	135.0	140.66667	146.66667	152.66667	161.66667	169.0	174.0	177.0	178.33333	180.66667	183.66667	183.0	179.66667	179.66667	181.66667	179.33333	175.33333	172.66667	169.66667	168.66667	163.66667	158.33333	154.66667	150.0	147.0	143.0	139.33333	128.66667	115.0	101.0	57.666668	
26.333334	67.333336	106.333336	119.666664	127.333336	133.33333	139.0	145.66667	153.0	160.0	167.0	173.0	176.0	177.0	180.33333	183.33333	183.0	181.33333	180.0	179.33333	177.0	174.0	173.0	171.66667	169.66667	165.0	160.66667	154.66667	151.0	150.0	145.33333	141.0	132.33333	124.0	111.666664	69.666664	
34.0	75.333336	109.0	116.0	123.333336	131.0	137.0	145.33333	152.66667	158.0	164.66667	171.66667	174.0	175.33333	179.33333	180.33333	179.33333	179.33333	178.33333	177.33333	174.0	171.66667	172.0	172.33333	168.66667	164.33333	158.0	153.0	150.66667	149.33333	146.0	140.0	134.0	128.66667	117.0	78.333336	
33.0	72.333336	106.666664	113.666664	119.333336	127.666664	134.0	143.66667	151.0	154.33333	160.33333	169.0	173.66667	176.33333	178.0	176.66667	176.0	177.0	176.33333	174.33333	172.0	169.66667	170.33333	170.33333	166.0	160.33333	154.33333	150.66667	148.33333	147.0	143.66667	139.66667	135.33333	130.0	121.666664	87.666664	
31.0	71.666664	105.333336	114.0	118.0	125.666664	131.0	137.66667	146.0	150.66667	155.66667	163.0	169.33333	172.66667	173.66667	172.66667	172.66667	173.0	171.0	170.0	169.0	167.33333	167.33333	168.0	163.0	156.66667	151.66667	148.33333	148.33333	146.0	142.0	136.66667	133.0	130.33333	121.666664	92.666664	
25.333334	68.333336	104.0	114.0	116.666664	125.0	131.66667	135.66667	141.66667	146.66667	151.33333	156.33333	161.66667	165.0	167.33333	169.0	169.66667	169.0	167.66667	167.66667	167.0	164.0	162.66667	162.66667	157.66667	151.0	147.33333	146.33333	146.66667	144.0	138.33333	132.66667	131.0	128.33333	118.0	93.333336	
23.333334	69.0	100.333336	109.666664	113.666664	123.0	133.33333	136.66667	139.66667	143.66667	148.0	151.66667	155.33333	159.33333	162.66667	164.33333	165.0	165.66667	165.66667	164.66667	162.66667	159.33333	156.33333	155.0	150.66667	145.66667	143.33333	143.66667	143.0	140.33333	134.66667	128.66667	130.33333	127.666664	113.666664	91.0	
25.0	70.0	100.0	108.666664	113.0	121.333336	132.66667	136.33333	138.66667	143.33333	149.0	152.0	153.33333	157.66667	160.66667	161.33333	163.0	164.66667	164.33333	163.0	161.66667	158.66667	154.0	152.66667	149.66667	146.66667	145.66667	143.66667	139.33333	136.33333	133.0	127.0	127.666664	123.666664	112.0	91.0	
27.666666	70.666664	102.0	110.666664	113.666664	119.333336	129.0	134.33333	139.33333	146.66667	153.66667	159.0	158.66667	161.33333	164.0	164.0	165.33333	165.66667	165.66667	166.0	166.0	165.33333	160.66667	158.33333	155.33333	152.33333	149.0	144.66667	135.66667	132.0	130.33333	126.666664	124.333336	120.333336	109.333336	91.333336	
30.0	75.0	105.333336	112.0	112.666664	118.666664	128.66667	134.0	142.33333	149.66667	157.33333	163.0	164.66667	168.33333	170.0	168.66667	168.33333	168.33333	169.0	170.66667	171.0	170.33333	167.33333	163.66667	159.66667	154.66667	150.0	143.66667	137.0	133.33333	130.33333	128.0	125.666664	121.333336	110.0	93.666664	
32.333332	80.333336	107.333336	113.0	113.666664	119.666664	131.0	141.0	144.66667	150.66667	158.0	165.33333	168.66667	172.0	172.66667	170.33333	169.66667	168.66667	169.0	171.33333	170.66667	169.33333	168.0	165.66667	161.0	156.0	150.66667	145.0	141.33333	134.33333	127.0	126.0	126.666664	124.333336	115.333336	101.0	
39.0	85.0	106.333336	109.0	111.333336	119.0	125.0	129.0	134.33333	141.0	149.0	158.0	164.33333	168.66667	169.66667	169.33333	169.0	165.33333	166.0	168.66667	166.66667	165.33333	161.66667	156.33333	151.33333	147.0	141.66667	139.0	139.66667	136.33333	127.333336	123.666664	124.0	123.666664	121.333336	110.666664	
41.0	87.666664	104.0	102.0	102.0	94.333336	82.666664	87.333336	95.0	100.333336	112.333336	129.33333	143.66667	153.0	157.66667	159.66667	159.66667	154.0	154.33333	157.0	149.33333	145.66667	141.66667	134.66667	126.0	117.333336	108.666664	103.333336	108.0	118.666664	121.333336	120.0	120.0	119.0	122.666664	117.333336	
45.333332	91.0	107.0	99.333336	79.666664	60.333332	56.666668	61.0	52.0	50.666668	58.666668	77.666664	96.666664	110.0	122.666664	137.66667	146.0	144.33333	141.33333	141.0	124.0	113.333336	105.666664	94.666664	80.333336	65.0	60.333332	64.333336	67.0	76.333336	93.666664	112.333336	118.0	116.333336	121.333336	118.0	
48.333332	90.333336	109.666664	99.666664	78.0	73.0	76.666664	71.666664	62.666668	56.0	45.0	37.666668	41.0	60.333332	87.666664	119.0	137.0	140.0	133.66667	126.666664	101.0	77.0	58.666668	43.666668	38.333332	41.0	51.333332	66.333336	74.0	77.666664	80.333336	97.0	115.333336	121.666664	122.333336	116.333336	
47.333332	86.333336	112.666664	109.666664	89.666664	73.333336	65.333336	69.333336	67.0	61.666668	52.333332	42.0	45.333332	55.333332	73.0	106.666664	137.33333	148.33333	142.0	122.666664	87.333336	63.333332	48.333332	41.666668	48.333332	64.666664	71.666664	74.666664	82.666664	85.666664	87.666664	98.333336	113.666664	123.666664	122.333336	114.333336	
47.333332	84.666664	112.666664	119.666664	106.333336	74.0	51.666668	66.666664	52.333332	29.333334	27.0	42.666668	68.0	70.666664	72.0	97.0	141.0	157.33333	153.0	119.666664	78.666664	64.0	62.0	70.0	52.0	35.0	35.333332	45.0	61.666668	62.0	82.0	108.333336	119.333336	121.666664	119.333336	109.333336	
58.333332	89.333336	108.333336	119.333336	117.0	95.0	74.333336	89.666664	79.666664	45.333332	39.333332	69.666664	91.666664	87.0	81.666664	99.666664	144.33333	162.0	152.66667	113.666664	84.0	84.333336	82.0	98.0	80.333336	37.0	34.0	67.666664	78.0	74.333336	98.0	118.0	124.666664	123.666664	117.0	106.0	
71.666664	93.333336	105.666664	118.333336	121.0	115.666664	93.333336	85.333336	91.666664	87.0	85.333336	92.333336	101.666664	105.333336	102.333336	109.333336	143.66667	165.33333	155.0	118.666664	96.333336	101.666664	103.666664	103.0	100.666664	84.333336	80.333336	90.666664	90.666664	97.333336	116.666664	127.666664	127.333336	122.333336	112.666664	103.0	
77.0	96.0	104.333336	119.0	128.0	128.0	116.0	100.333336	94.666664	98.333336	104.333336	108.0	116.333336	119.0	117.666664	117.666664	143.0	163.33333	155.0	124.666664	110.333336	114.666664	119.333336	113.666664	103.666664	98.0	92.0	92.0	101.333336	117.333336	130.33333	134.66667	130.66667	121.666664	111.0	108.333336	
81.0	97.0	104.333336	119.0	131.66667	135.66667	135.0	133.0	126.0	128.66667	133.0	134.33333	134.66667	127.0	127.0	123.0	143.0	160.33333	150.0	127.333336	120.666664	124.666664	128.0	131.66667	128.0	122.666664	118.0	122.0	129.33333	137.33333	140.66667	138.33333	130.66667	119.333336	111.333336	112.333336	
94.0	99.0	100.0	116.0	128.66667	135.0	137.0	142.0	144.33333	148.66667	149.33333	145.33333	144.33333	134.66667	133.66667	128.0	140.0	161.0	149.66667	128.0	128.0	132.66667	135.0	142.0	143.66667	141.0	142.66667	144.0	144.66667	144.33333	141.33333	134.0	127.0	118.0	110.333336	112.0	
100.666664	101.333336	98.666664	112.0	124.666664	130.66667	134.66667	144.33333	152.0	157.66667	158.66667	153.66667	145.0	135.0	135.0	131.66667	140.33333	162.0	155.0	132.0	131.33333	135.0	137.66667	146.0	150.33333	150.33333	150.33333	149.0	143.0	137.33333	133.33333	129.0	124.0	115.333336	109.0	107.666664	
99.666664	96.666664	100.0	108.666664	118.0	127.0	133.0	144.33333	155.66667	161.0	160.33333	155.33333	134.33333	118.666664	124.666664	134.33333	147.33333	163.66667	159.33333	140.0	131.66667	126.0	125.666664	141.33333	153.33333	155.66667	154.0	152.0	143.33333	133.0	128.0	124.0	119.333336	111.333336	104.0	99.333336	
85.333336	93.0	100.333336	107.666664	115.0	125.666664	133.33333	142.66667	152.0	155.33333	151.0	139.66667	119.0	111.0	122.0	137.33333	153.0	164.0	157.33333	144.33333	133.66667	120.666664	111.666664	128.66667	146.33333	150.66667	151.0	150.0	142.33333	132.0	126.0	120.0	113.666664	107.666664	99.666664	92.333336	
61.666668	90.0	97.666664	106.333336	114.333336	122.333336	129.66667	136.0	145.0	146.33333	139.0	123.333336	111.666664	122.0	125.666664	136.66667	154.0	168.33333	156.66667	141.33333	135.0	125.666664	115.333336	117.666664	132.33333	144.66667	145.66667	143.66667	138.33333	129.33333	122.333336	117.666664	112.666664	105.666664	94.0	83.666664	
42.333332	87.333336	96.0	105.0	115.0	119.333336	125.0	131.33333	137.66667	137.66667	129.66667	119.666664	112.333336	119.666664	124.666664	134.0	149.66667	169.66667	162.66667	143.0	135.33333	131.66667	120.0	116.0	126.666664	135.66667	139.33333	137.0	133.66667	126.666664	120.666664	114.333336	109.333336	99.0	83.666664	77.333336	
26.333334	78.666664	94.333336	104.0	117.0	119.0	123.0	126.666664	129.33333	125.666664	120.666664	122.0	110.333336	92.0	99.0	123.666664	143.66667	159.0	158.33333	140.66667	120.333336	106.0	105.333336	118.666664	128.0	126.333336	133.66667	132.66667	131.0	122.666664	115.333336	110.666664	105.333336	92.333336	78.666664	90.0	
13.666667	62.666668	92.333336	102.666664	115.0	118.0	121.0	118.666664	117.0	115.333336	116.0	121.333336	108.666664	78.666664	64.333336	87.0	115.333336	127.666664	129.66667	108.666664	79.666664	71.333336	91.0	116.666664	127.333336	122.0	126.0	129.0	129.66667	118.333336	111.0	107.333336	96.666664	89.0	102.333336	133.66667	
10.666667	45.0	86.333336	99.333336	110.666664	116.333336	120.666664	116.0	110.666664	108.666664	106.666664	106.333336	96.666664	73.333336	58.666668	58.0	71.333336	82.666664	84.666664	68.666664	56.0	65.0	82.333336	102.333336	113.333336	110.333336	110.0	122.0	123.333336	114.0	106.333336	98.0	107.666664	131.33333	152.33333	163.0	
6.6666665	26.666666	74.666664	94.666664	104.666664	113.333336	123.0	121.333336	107.666664	100.0	95.333336	88.333336	82.333336	70.666664	63.333332	61.333332	54.666668	42.0	43.666668	59.333332	65.333336	70.666664	75.666664	90.333336	98.666664	99.666664	96.0	107.666664	113.666664	107.0	96.0	107.0	135.33333	154.66667	157.0	150.33333	
5.0	13.0	54.666668	88.333336	96.0	105.333336	118.666664	116.0	96.333336	91.666664	96.0	84.333336	79.333336	80.0	77.0	77.666664	70.666664	45.666668	47.666668	67.0	75.333336	78.333336	78.0	80.0	87.333336	94.0	88.666664	94.666664	109.0	105.333336	101.0	127.333336	143.33333	154.66667	159.33333	159.33333	
4.3333335	6.0	34.0	77.0	85.666664	95.0	112.333336	113.0	92.333336	80.0	74.333336	65.666664	78.0	91.0	92.666664	102.666664	102.0	89.0	90.0	97.666664	96.0	92.0	87.333336	77.666664	75.333336	77.333336	81.666664	93.666664	110.0	112.666664	122.666664	143.0	151.33333	161.66667	163.66667	162.33333	
4.6666665	5.0	26.333334	68.666664	81.0	87.0	106.333336	111.666664	91.0	64.0	55.333332	60.333332	68.333336	72.333336	68.666664	73.0	90.666664	99.333336	97.333336	85.0	75.333336	72.666664	72.0	70.0	63.666668	61.333332	71.333336	101.333336	140.33333	144.33333	146.33333	149.0	144.33333	143.33333	145.33333	138.33333	
4.6666665	4.6666665	26.666666	62.666668	73.666664	81.0	96.666664	99.666664	80.333336	69.0	83.0	93.666664	90.333336	89.0	92.0	89.0	83.666664	81.333336	81.333336	78.333336	74.666664	73.333336	76.333336	85.333336	88.333336	80.0	73.333336	94.666664	136.33333	147.33333	148.0	141.66667	133.0	130.0	129.66667	127.333336	
3.6666667	4.0	24.333334	60.666668	65.0	74.666664	84.0	84.0	75.333336	82.666664	97.333336	103.333336	103.0	103.666664	106.333336	113.0	108.666664	105.333336	106.333336	104.0	98.333336	96.333336	96.0	97.333336	95.666664	86.0	73.0	72.0	105.0	151.66667	167.33333	169.66667	174.33333	179.66667	177.0	175.33333	
4.6666665	3.6666667	21.333334	62.666668	61.0	64.0	72.666664	76.0	82.333336	92.666664	100.0	103.0	99.0	94.333336	91.666664	92.333336	92.0	89.0	85.666664	83.333336	86.333336	91.666664	95.0	98.666664	96.0	90.333336	78.666664	89.666664	160.66667	214.33333	222.66667	224.0	224.66667	224.66667	220.66667	215.0	
4.3333335	5.0	22.333334	69.666664	66.0	54.666668	61.333332	73.0	90.0	97.333336	99.666664	102.333336	100.666664	89.333336	75.0	68.0	65.333336	64.0	65.333336	66.0	73.666664	87.666664	99.0	99.333336	94.666664	90.666664	101.333336	167.33333	226.66667	238.0	238.33333	238.66667	237.33333	234.33333	230.66667	222.0	
3.0	5.3333335	31.333334	74.0	82.0	58.333332	49.666668	60.0	81.666664	94.0	97.666664	103.666664	107.666664	107.333336	98.666664	87.666664	83.0	80.666664	83.0	89.0	97.666664	100.333336	100.0	100.333336	94.333336	109.333336	176.0	231.66667	236.0	237.0	240.0	239.0	236.33333	235.0	228.33333	215.66667	
4.3333335	14.666667	50.0	83.333336	91.666664	76.666664	49.0	43.0	61.333332	84.333336	95.666664	104.666664	109.333336	112.666664	115.666664	116.333336	111.333336	109.333336	113.333336	112.333336	113.0	108.0	103.666664	98.666664	109.666664	176.0	231.66667	239.33333	238.33333	236.66667	236.66667	235.66667	235.66667	235.0	226.0	201.0	
16.0	43.666668	70.333336	93.666664	96.333336	93.666664	71.0	43.333332	45.666668	70.0	89.333336	104.0	111.666664	116.333336	121.333336	127.333336	127.666664	127.0	129.33333	127.0	120.0	112.0	102.0	92.333336	143.0	224.33333	241.66667	243.33333	242.0	241.66667	238.66667	236.0	234.66667	227.33333	210.33333	177.66667	
47.0	68.333336	79.666664	100.666664	107.0	96.333336	93.333336	65.333336	48.333332	52.0	74.0	97.0	108.333336	114.333336	120.333336	125.0	126.666664	126.0	127.0	126.666664	115.666664	104.333336	92.333336	84.333336	157.0	220.0	231.0	240.0	244.66667	241.33333	239.33333	236.66667	229.0	213.0	183.66667	161.66667	
63.666668	81.0	87.0	101.333336	118.666664	103.333336	98.0	91.0	67.0	50.0	57.666668	78.333336	92.333336	100.0	106.333336	114.666664	117.666664	112.333336	109.666664	109.333336	103.333336	91.333336	78.0	67.666664	128.33333	187.66667	203.33333	221.0	230.66667	230.0	229.0	227.66667	212.66667	188.33333	168.0	157.33333	
39.666668	73.666664	97.666664	103.0	117.666664	120.0	103.333336	99.333336	89.666664	68.666664	54.666668	58.666668	67.666664	78.333336	82.666664	92.333336	99.333336	94.333336	91.0	92.666664	83.0	64.333336	49.0	40.333332	97.0	157.33333	169.66667	188.0	201.66667	212.0	217.66667	214.33333	191.66667	167.66667	160.33333	151.33333	
15.333333	36.666668	65.333336	72.0	89.0	116.0	120.666664	105.0	97.0	97.0	80.0	59.0	48.666668	50.666668	52.0	58.666668	64.0	59.666668	58.666668	58.0	50.0	39.0	33.333332	32.666668	84.666664	147.66667	149.33333	157.66667	167.66667	185.0	196.66667	197.0	177.33333	160.66667	155.0	143.33333	
17.666666	25.666666	32.0	34.0	37.666668	51.0	84.333336	116.0	110.0	106.666664	100.666664	85.666664	68.333336	55.0	46.333332	41.0	39.666668	39.333332	37.666668	37.666668	37.666668	43.333332	50.0	57.333332	87.666664	145.0	145.33333	148.0	153.66667	166.66667	177.33333	179.0	166.0	153.66667	146.33333	134.33333	
21.333334	26.666666	33.0	37.666668	27.0	28.333334	32.666668	64.666664	110.666664	121.666664	106.333336	96.666664	88.0	81.333336	75.333336	68.333336	62.666668	58.0	57.0	61.666668	66.333336	69.333336	73.0	71.666664	81.333336	141.33333	155.66667	132.66667	135.0	161.66667	173.33333	173.0	162.33333	150.33333	139.0	125.0	
