32.0	31.666666	35.0	37.0	39.0	42.333332	68.0	101.0	128.33333	155.0	168.33333	179.66667	194.33333	204.0	207.0	206.33333	203.66667	201.0	199.33333	198.66667	193.66667	187.66667	180.66667	168.0	146.66667	121.333336	88.0	53.666668	41.666668	45.333332	61.0	60.666668	52.333332	39.0	29.0	24.333334	
33.0	31.0	35.0	37.333332	37.333332	47.666668	82.0	118.0	140.0	157.66667	169.66667	180.66667	192.33333	202.0	204.33333	204.0	202.33333	201.0	199.33333	198.0	193.66667	188.66667	184.0	173.33333	156.0	136.0	108.333336	70.666664	45.333332	40.333332	57.0	69.0	68.333336	51.666668	37.0	24.333334	
33.666668	33.666668	35.333332	38.333332	38.333332	59.0	98.0	128.33333	145.0	158.33333	169.0	179.66667	190.66667	201.33333	205.66667	204.33333	202.66667	201.33333	201.0	200.66667	196.0	190.0	182.33333	173.33333	160.0	147.66667	128.0	96.666664	57.0	40.666668	49.0	72.666664	77.666664	69.666664	46.666668	30.0	
33.666668	36.666668	35.0	37.0	40.333332	72.0	112.0	134.33333	149.0	160.0	168.66667	178.0	189.0	201.0	206.66667	206.66667	205.66667	204.0	203.66667	203.66667	197.66667	190.33333	181.0	174.0	165.33333	152.66667	138.33333	118.0	76.0	48.0	44.666668	65.666664	78.666664	80.0	61.0	35.666668	
33.666668	38.666668	34.666668	36.0	47.666668	87.666664	121.666664	141.33333	153.33333	162.33333	168.0	178.0	189.0	201.0	207.0	209.0	207.33333	206.66667	205.33333	204.33333	198.33333	191.33333	183.0	175.0	168.66667	156.66667	147.0	133.66667	98.0	58.333332	43.333332	48.0	73.0	79.0	70.333336	42.0	
35.666668	38.333332	33.333332	36.666668	56.333332	101.0	131.0	150.33333	160.33333	166.66667	171.66667	180.66667	191.0	200.33333	206.0	210.33333	209.0	208.66667	207.0	204.66667	197.33333	190.0	182.66667	174.66667	170.0	163.33333	155.66667	143.66667	119.666664	71.666664	47.0	41.0	56.333332	69.666664	68.333336	45.333332	
35.333332	37.0	34.666668	39.333332	66.666664	111.333336	138.33333	154.33333	163.0	170.33333	175.66667	184.33333	193.66667	200.33333	206.0	210.33333	210.33333	209.33333	207.33333	204.0	197.33333	190.66667	183.33333	176.0	174.0	170.33333	160.0	147.66667	129.33333	90.333336	54.0	44.333332	46.0	57.666668	62.0	45.333332	
33.666668	35.666668	36.666668	41.666668	73.666664	117.666664	140.66667	154.0	161.33333	169.33333	176.0	185.66667	195.0	201.66667	206.0	210.0	210.66667	209.33333	208.0	204.66667	200.33333	196.33333	188.0	180.33333	177.33333	172.0	163.66667	151.33333	135.0	109.0	62.666668	46.666668	40.0	44.666668	53.0	40.0	
32.0	34.0	37.666668	43.333332	78.666664	124.333336	144.33333	153.66667	162.0	170.33333	178.33333	188.33333	197.0	203.66667	206.33333	210.0	211.33333	210.33333	209.0	207.0	204.33333	202.66667	195.0	184.66667	177.0	168.66667	165.33333	158.33333	144.0	123.0	76.0	50.0	39.666668	40.0	45.666668	35.0	
33.333332	33.666668	36.666668	44.0	83.333336	127.0	148.66667	159.33333	166.66667	174.0	182.0	191.66667	200.66667	206.66667	209.66667	214.0	218.33333	217.66667	215.33333	213.33333	208.0	205.66667	198.0	187.33333	178.0	172.66667	171.33333	167.66667	149.33333	122.0	79.666664	53.666668	43.666668	41.0	44.333332	35.333332	
33.333332	35.333332	38.333332	46.666668	80.0	116.333336	138.66667	152.66667	163.0	173.66667	183.66667	195.66667	204.33333	207.66667	212.66667	219.33333	224.0	224.0	221.0	220.33333	212.33333	205.0	195.66667	187.0	180.33333	171.66667	159.66667	144.33333	115.333336	90.0	70.0	53.0	44.0	38.333332	41.0	39.333332	
32.333332	34.666668	39.0	45.333332	63.666668	91.333336	106.333336	118.666664	128.0	139.0	156.66667	178.66667	196.33333	205.33333	206.0	209.0	216.33333	219.33333	220.66667	220.0	207.66667	194.66667	184.0	173.0	158.33333	133.66667	110.666664	98.0	83.333336	80.666664	85.0	68.333336	47.0	37.0	37.666668	40.333332	
34.333332	36.0	41.666668	47.666668	60.666668	90.333336	101.333336	101.666664	96.666664	95.666664	102.0	120.333336	147.0	171.66667	183.33333	187.66667	196.0	206.33333	213.0	213.0	197.66667	180.0	166.33333	148.33333	127.333336	108.333336	101.333336	104.0	112.333336	122.666664	124.666664	94.666664	51.666668	38.666668	35.0	39.666668	
33.333332	34.333332	44.0	55.0	85.0	128.0	142.66667	138.0	126.0	119.0	116.666664	114.666664	115.0	131.0	152.33333	164.66667	178.33333	194.0	203.33333	203.33333	187.33333	169.33333	155.0	142.0	134.0	134.66667	142.66667	147.66667	148.0	135.33333	123.0	101.333336	57.333332	42.0	35.333332	41.0	
32.0	34.666668	45.333332	58.333332	96.0	139.66667	156.33333	160.33333	162.0	162.33333	159.66667	152.33333	146.0	142.33333	146.66667	153.0	166.66667	185.0	199.66667	202.66667	184.66667	166.33333	156.0	153.33333	156.33333	161.66667	151.33333	127.333336	93.666664	66.333336	60.666668	64.333336	54.0	43.0	35.333332	41.0	
29.333334	34.333332	48.666668	57.0	92.333336	121.666664	116.333336	108.333336	109.0	108.666664	120.666664	138.33333	155.66667	159.33333	153.0	154.33333	165.33333	182.66667	198.66667	203.66667	186.66667	169.0	157.0	155.33333	164.0	147.66667	127.0	94.0	42.333332	22.0	35.333332	41.666668	42.666668	41.0	33.666668	38.666668	
28.333334	34.666668	51.333332	60.0	82.666664	74.333336	67.333336	92.0	105.333336	61.0	44.0	62.0	111.0	146.0	147.33333	149.33333	161.66667	180.66667	200.66667	203.0	186.66667	168.33333	149.33333	150.0	150.0	132.0	151.33333	111.666664	45.0	21.666666	42.0	54.333332	41.666668	45.0	36.666668	36.0	
28.666666	33.666668	50.666668	59.0	64.666664	48.0	87.0	143.66667	136.0	59.333332	31.666666	32.333332	80.0	127.0	147.66667	145.66667	158.0	180.0	201.0	205.0	185.66667	165.0	144.0	152.66667	134.0	129.0	175.33333	144.0	62.666668	38.333332	57.666668	68.0	55.0	56.666668	42.666668	37.0	
27.333334	33.666668	51.0	58.666668	67.333336	60.333332	97.666664	145.66667	148.66667	81.666664	45.0	53.0	90.333336	115.0	161.66667	154.66667	158.66667	180.0	201.33333	206.33333	185.66667	162.66667	150.0	160.33333	142.33333	142.66667	165.0	160.66667	125.0	106.333336	109.333336	101.333336	86.333336	75.333336	52.333332	39.666668	
28.666666	37.0	54.666668	66.0	90.333336	92.0	110.333336	135.33333	148.0	133.0	117.0	116.0	122.666664	139.0	173.33333	165.66667	160.0	180.33333	203.33333	207.66667	188.33333	163.33333	156.0	167.0	167.66667	159.66667	152.33333	152.66667	150.0	142.66667	135.66667	123.0	113.666664	95.666664	64.333336	44.666668	
28.0	36.333332	54.0	71.666664	112.333336	122.333336	132.33333	148.0	157.0	163.0	161.66667	149.66667	150.66667	170.0	180.66667	168.33333	161.0	180.33333	202.66667	209.33333	193.33333	167.33333	158.0	165.66667	174.66667	168.33333	160.0	151.66667	144.33333	139.33333	139.0	141.33333	140.0	116.333336	74.333336	49.666668	
27.0	36.0	51.666668	79.0	129.0	140.66667	138.0	146.33333	153.0	156.0	159.0	165.0	178.66667	191.33333	187.0	171.0	168.33333	184.33333	202.66667	210.0	193.66667	169.0	157.33333	162.33333	178.66667	189.66667	185.66667	175.33333	166.0	159.33333	157.0	160.33333	160.33333	132.66667	83.333336	53.666668	
24.666666	35.666668	52.333332	87.0	144.33333	161.66667	157.33333	158.33333	165.66667	176.33333	189.0	198.0	204.66667	201.66667	186.33333	170.0	170.66667	184.0	202.0	207.66667	191.66667	168.66667	160.0	161.33333	175.66667	191.0	194.66667	192.0	186.33333	179.66667	177.0	173.66667	168.66667	141.0	90.666664	57.333332	
26.333334	35.666668	53.333332	91.333336	151.33333	177.0	183.0	185.33333	190.33333	201.66667	210.33333	213.0	210.0	198.0	179.66667	169.33333	170.66667	181.0	199.0	204.66667	189.0	169.0	163.0	161.66667	172.0	188.0	198.33333	200.33333	197.0	190.66667	184.66667	178.66667	169.66667	144.66667	95.0	60.666668	
29.666666	35.666668	51.666668	92.666664	153.33333	180.33333	194.33333	203.0	210.0	216.0	218.66667	216.33333	209.66667	193.66667	176.0	168.0	170.0	180.33333	198.33333	206.0	189.33333	169.33333	162.66667	160.66667	168.66667	182.33333	195.66667	202.0	199.66667	192.33333	183.66667	179.66667	170.0	149.66667	101.666664	61.666668	
31.0	33.0	49.666668	91.333336	149.66667	175.66667	191.0	203.0	213.33333	218.66667	219.66667	215.0	205.0	187.66667	170.66667	164.66667	167.0	180.66667	202.0	210.0	195.0	174.33333	158.66667	154.66667	162.66667	174.66667	190.0	197.33333	198.66667	194.33333	185.66667	181.66667	172.33333	152.66667	107.0	62.666668	
31.666666	33.0	47.666668	90.333336	147.33333	170.33333	185.0	196.0	205.66667	212.66667	214.66667	210.66667	200.66667	178.33333	161.33333	158.66667	162.66667	179.66667	201.33333	209.0	199.33333	181.0	159.66667	155.66667	157.66667	163.0	179.0	189.33333	196.0	195.0	187.33333	180.0	170.0	149.66667	108.666664	63.0	
33.333332	34.333332	45.333332	87.666664	141.0	165.0	178.33333	190.66667	197.33333	203.66667	206.66667	197.66667	187.33333	166.33333	159.33333	165.66667	164.0	177.66667	199.33333	206.66667	199.0	183.66667	162.0	157.33333	152.0	150.66667	162.33333	174.66667	187.33333	190.0	183.66667	176.66667	166.33333	145.0	111.666664	68.0	
34.333332	35.666668	43.666668	82.666664	130.0	155.66667	170.33333	183.33333	189.0	192.66667	193.66667	182.0	171.66667	153.33333	154.0	167.66667	160.33333	169.66667	194.33333	205.33333	196.33333	178.0	155.0	147.66667	142.0	146.66667	156.66667	160.33333	170.66667	176.0	171.33333	166.66667	158.0	136.33333	109.666664	73.666664	
31.666666	35.666668	42.0	77.666664	120.333336	146.66667	161.33333	173.0	177.0	181.66667	179.33333	168.66667	166.0	155.33333	149.0	155.0	148.0	149.0	168.33333	180.33333	174.66667	152.66667	133.66667	131.33333	138.33333	153.33333	163.33333	160.0	159.33333	160.33333	161.0	159.0	147.33333	131.33333	106.0	76.666664	
28.666666	35.333332	43.333332	73.0	110.333336	136.66667	151.66667	160.66667	163.0	167.33333	166.33333	163.33333	169.0	165.33333	149.66667	138.66667	128.66667	127.0	137.0	144.66667	143.66667	134.66667	129.66667	132.33333	142.66667	159.66667	168.33333	163.0	154.33333	149.0	151.66667	150.0	140.33333	126.0	104.333336	79.666664	
26.333334	34.0	44.333332	67.666664	100.0	125.0	138.33333	147.66667	150.66667	153.0	155.0	163.66667	172.66667	171.33333	159.33333	144.66667	135.66667	138.0	144.66667	146.0	150.66667	149.0	141.33333	139.33333	147.66667	162.66667	167.33333	160.66667	151.0	144.66667	144.33333	142.0	134.33333	120.666664	106.0	82.0	
25.333334	33.666668	44.333332	64.666664	93.333336	115.0	126.0	134.66667	141.0	142.0	147.33333	159.66667	169.66667	174.66667	166.33333	151.33333	142.0	144.0	150.0	149.0	151.66667	149.66667	142.33333	144.66667	154.33333	165.66667	165.0	156.0	150.0	144.66667	142.66667	137.66667	132.0	119.333336	108.333336	83.0	
27.0	36.0	45.333332	66.0	92.0	110.0	119.333336	127.0	136.33333	140.66667	147.66667	157.66667	166.0	174.33333	172.66667	162.33333	151.66667	149.0	147.33333	144.33333	144.0	141.33333	136.0	137.66667	147.0	152.33333	146.33333	139.33333	140.66667	144.0	142.0	136.33333	129.66667	118.666664	105.0	73.666664	
27.0	35.666668	46.666668	65.333336	93.333336	113.666664	124.0	130.66667	137.0	143.33333	147.0	150.66667	154.0	158.0	157.33333	146.33333	132.0	123.666664	122.0	124.666664	121.0	110.666664	103.0	100.333336	99.333336	95.666664	94.666664	112.666664	133.66667	145.66667	140.66667	135.66667	127.666664	116.0	97.333336	55.666668	
27.333334	35.333332	48.0	64.666664	92.333336	113.333336	124.0	134.33333	141.0	143.33333	137.66667	131.33333	119.666664	111.666664	105.0	94.333336	89.333336	93.666664	96.666664	93.666664	90.333336	86.333336	80.666664	77.0	70.666664	68.0	85.0	122.666664	143.0	149.0	142.33333	135.0	125.666664	114.0	86.333336	35.0	
26.666666	34.333332	48.0	60.333332	86.666664	110.333336	122.0	134.33333	142.33333	145.0	138.0	128.0	102.333336	76.333336	72.0	75.666664	80.0	91.0	99.666664	93.0	85.333336	87.333336	91.0	89.0	78.666664	82.333336	114.666664	141.66667	149.66667	149.66667	138.33333	130.33333	121.0	103.333336	62.0	20.666666	
25.666666	34.666668	46.666668	54.333332	77.666664	105.666664	121.666664	133.66667	141.0	149.0	151.33333	147.33333	135.66667	105.0	83.0	82.0	91.333336	110.666664	121.333336	118.0	110.0	109.666664	109.333336	97.333336	86.333336	106.333336	139.66667	150.66667	150.66667	143.66667	131.33333	121.333336	111.666664	85.333336	36.0	13.333333	
25.666666	37.333332	47.333332	48.0	63.666668	93.333336	114.333336	127.333336	135.66667	147.33333	155.66667	154.66667	152.0	140.0	116.333336	98.0	91.0	101.0	118.333336	119.0	111.0	105.333336	100.333336	96.333336	107.333336	134.0	149.66667	153.0	148.33333	135.66667	123.333336	113.333336	99.666664	56.666668	19.666666	13.0	
26.666666	35.333332	47.0	43.333332	47.666668	76.0	102.0	117.0	129.33333	140.33333	150.66667	155.66667	154.0	149.66667	139.0	126.666664	116.666664	112.0	111.0	107.666664	109.0	112.0	117.0	122.666664	135.0	149.66667	153.66667	154.33333	144.33333	126.666664	115.666664	104.0	74.666664	29.333334	12.666667	12.0	
27.0	31.333334	45.666668	42.0	35.333332	58.0	85.666664	101.0	115.0	130.66667	144.33333	155.66667	154.33333	153.66667	150.0	144.0	139.0	137.66667	135.33333	130.66667	132.33333	134.33333	138.66667	145.33333	152.33333	156.33333	155.66667	153.66667	138.66667	121.333336	111.0	89.333336	42.333332	13.666667	11.333333	10.333333	
26.333334	30.666666	46.333332	43.666668	35.666668	49.666668	73.333336	87.666664	100.666664	116.333336	132.66667	149.66667	156.66667	157.33333	156.66667	158.33333	157.0	154.66667	152.33333	150.66667	151.33333	153.33333	156.66667	160.66667	163.66667	161.33333	157.0	147.66667	129.33333	114.666664	97.666664	65.666664	26.333334	14.333333	12.333333	10.333333	
26.0	30.666666	46.0	48.333332	50.333332	59.0	61.666668	74.0	88.0	100.666664	117.333336	137.66667	149.0	156.66667	162.0	168.33333	171.66667	175.0	176.33333	175.33333	173.33333	172.66667	172.0	172.66667	171.0	163.0	153.0	140.0	116.666664	97.666664	77.666664	51.333332	30.0	21.0	16.0	12.333333	
25.666666	29.666666	45.0	55.333332	59.0	58.0	53.333332	61.0	71.333336	85.0	99.0	117.666664	136.0	151.0	160.33333	168.0	174.0	180.66667	187.0	186.33333	184.66667	182.33333	177.33333	176.33333	171.33333	157.66667	141.33333	122.333336	98.0	81.0	66.0	51.666668	34.333332	27.0	25.0	16.666666	
27.333334	30.333334	43.0	59.0	53.0	43.333332	48.0	50.666668	55.666668	70.666664	81.333336	96.333336	117.666664	137.66667	148.0	158.0	168.0	176.0	182.66667	183.66667	184.0	182.33333	176.33333	171.33333	161.33333	146.66667	126.0	104.0	83.666664	74.333336	67.333336	52.666668	39.333332	43.0	38.666668	22.666666	
31.0	32.666668	40.0	59.0	53.0	43.666668	49.666668	53.666668	50.333332	62.333332	73.333336	80.333336	98.0	121.0	134.0	145.0	156.33333	162.33333	166.33333	166.66667	169.0	169.33333	165.33333	157.0	144.33333	132.0	110.666664	89.0	80.0	78.0	71.666664	56.333332	59.333332	67.333336	48.0	27.333334	
31.0	33.666668	39.666668	55.666668	56.0	52.0	53.333332	52.0	47.0	57.666668	71.333336	78.666664	87.333336	101.0	116.333336	129.0	139.0	144.33333	147.33333	148.66667	150.0	148.66667	143.33333	134.66667	122.666664	112.0	95.666664	86.333336	84.0	83.666664	72.666664	64.333336	82.333336	84.333336	59.666668	35.666668	
30.333334	33.0	39.333332	50.666668	55.0	58.333332	61.0	54.666668	42.666668	52.333332	68.666664	80.333336	88.0	91.0	97.666664	109.0	119.666664	125.333336	127.333336	130.33333	130.0	125.666664	116.666664	111.0	106.0	98.0	91.666664	92.666664	93.666664	89.0	71.0	85.333336	102.666664	98.0	75.0	42.0	
29.333334	32.666668	38.0	46.666668	52.0	59.0	70.0	71.0	54.333332	48.0	61.666668	76.0	85.333336	91.0	90.666664	93.666664	99.666664	104.666664	108.333336	112.0	114.0	112.333336	106.666664	103.0	100.666664	97.333336	97.333336	99.666664	99.0	79.0	80.0	111.666664	119.0	113.666664	86.333336	45.333332	
