57.0	58.0	64.0	87.0	127.666664	164.0	189.66667	205.0	212.33333	215.0	217.0	211.33333	202.66667	196.66667	192.33333	187.0	181.33333	176.66667	174.0	174.0	174.33333	171.0	167.66667	166.66667	164.33333	162.33333	162.33333	158.0	155.0	154.0	149.66667	141.0	126.666664	108.666664	93.0	65.333336	
55.333332	62.333332	76.0	107.0	148.66667	177.0	192.33333	198.66667	204.33333	208.0	208.66667	206.33333	201.0	196.0	193.0	190.0	185.66667	180.66667	177.66667	175.66667	174.33333	173.0	171.33333	170.66667	166.33333	165.66667	165.66667	160.66667	159.0	158.66667	154.0	146.66667	138.0	120.0	100.0	81.333336	
52.333332	64.0	87.666664	123.333336	161.66667	186.66667	192.66667	193.33333	197.0	197.0	198.66667	199.33333	197.66667	194.66667	192.66667	190.66667	187.0	181.66667	178.0	174.66667	172.33333	171.33333	172.33333	172.33333	169.0	168.33333	167.66667	164.66667	164.0	166.33333	162.66667	154.66667	146.66667	133.66667	114.333336	99.333336	
52.666668	67.0	92.333336	128.0	161.66667	185.0	189.33333	190.0	191.66667	190.33333	190.0	189.66667	189.33333	188.33333	187.33333	187.66667	188.0	186.0	182.66667	180.0	176.66667	174.66667	176.33333	176.33333	171.66667	170.33333	170.0	167.66667	167.0	167.66667	165.33333	159.66667	152.66667	144.0	133.33333	114.333336	
56.333332	71.666664	95.666664	129.0	158.66667	178.66667	186.33333	188.0	188.66667	187.33333	186.0	185.0	184.66667	184.66667	184.66667	186.33333	187.0	186.33333	183.66667	182.0	179.66667	177.66667	178.33333	179.33333	174.33333	173.66667	173.0	171.33333	170.0	169.33333	166.0	161.0	156.0	150.0	141.66667	123.333336	
59.333332	76.0	100.0	133.33333	161.0	177.33333	183.33333	186.0	187.0	185.66667	184.33333	183.0	182.33333	182.33333	182.0	185.33333	189.0	192.0	194.0	190.0	184.66667	180.66667	179.33333	179.66667	176.0	176.0	176.0	173.33333	172.33333	170.66667	164.66667	158.66667	156.0	153.33333	141.66667	125.333336	
67.333336	84.666664	107.333336	136.66667	162.0	177.66667	182.33333	183.0	184.33333	183.33333	180.66667	178.33333	178.0	178.33333	178.66667	182.0	187.33333	192.0	194.0	192.33333	188.66667	183.66667	182.66667	182.0	179.66667	177.33333	176.33333	174.66667	171.0	168.33333	163.0	155.33333	150.66667	147.0	137.33333	125.0	
77.0	92.666664	110.0	134.0	159.33333	174.66667	183.0	184.33333	183.0	184.0	183.0	181.33333	180.66667	180.33333	181.33333	183.33333	185.33333	186.33333	186.66667	187.66667	184.66667	180.66667	181.33333	180.33333	179.0	175.0	173.66667	172.33333	168.66667	166.0	162.33333	154.66667	148.66667	141.66667	133.0	124.333336	
80.333336	94.333336	111.666664	133.66667	158.66667	173.33333	180.66667	183.0	183.33333	186.0	187.33333	184.33333	179.66667	176.66667	177.66667	179.66667	182.0	184.33333	187.66667	189.33333	183.66667	178.33333	177.33333	174.66667	174.66667	172.33333	173.33333	171.66667	168.33333	166.0	162.0	155.33333	149.0	139.33333	132.66667	124.0	
80.666664	94.0	113.0	137.33333	160.0	172.0	178.0	181.0	184.33333	186.66667	186.66667	186.0	180.0	178.66667	182.0	182.66667	183.0	184.66667	185.66667	186.66667	184.0	176.66667	174.66667	173.0	173.66667	174.66667	177.66667	175.0	169.66667	167.0	163.66667	156.33333	149.33333	142.33333	136.0	127.333336	
78.666664	93.0	117.0	144.0	163.0	173.0	180.66667	183.66667	185.0	187.0	188.66667	190.0	186.66667	186.33333	189.33333	188.66667	186.0	185.0	183.66667	184.0	184.0	177.33333	176.0	174.33333	173.33333	174.66667	178.33333	177.66667	171.66667	166.66667	163.0	157.0	150.33333	145.33333	141.33333	132.33333	
74.0	92.666664	121.333336	151.0	168.0	175.66667	183.0	183.66667	183.66667	188.66667	194.66667	195.33333	192.66667	191.66667	190.66667	189.66667	187.66667	184.66667	182.66667	182.66667	183.33333	179.0	178.0	175.33333	173.0	175.0	180.33333	180.0	173.33333	167.66667	161.66667	155.0	149.0	143.33333	143.66667	138.66667	
73.0	98.0	132.0	157.0	171.0	178.66667	182.0	181.33333	181.33333	187.0	192.33333	187.66667	182.66667	181.33333	180.0	183.0	187.0	187.66667	185.0	180.66667	182.0	177.33333	176.33333	175.0	170.66667	176.33333	184.0	181.66667	173.66667	168.66667	163.0	156.0	150.66667	146.66667	143.33333	141.66667	
75.0	102.333336	141.33333	166.0	177.33333	183.33333	180.33333	181.33333	184.33333	183.0	176.66667	154.33333	138.33333	134.66667	141.33333	151.0	161.33333	170.66667	172.33333	170.0	171.33333	167.0	168.66667	170.66667	167.33333	173.0	180.66667	174.66667	165.33333	161.66667	157.66667	152.33333	148.0	140.33333	133.66667	130.0	
76.0	104.666664	146.66667	173.33333	184.0	185.66667	180.33333	181.0	179.66667	165.33333	145.66667	120.333336	105.333336	101.333336	105.0	108.0	110.333336	114.666664	125.666664	137.66667	147.66667	150.66667	160.0	165.33333	162.0	163.66667	166.66667	160.66667	151.0	146.66667	140.0	131.33333	123.666664	114.333336	110.666664	105.333336	
82.666664	112.0	155.0	180.0	186.66667	187.66667	183.33333	179.66667	166.66667	143.33333	121.666664	112.333336	113.0	115.333336	110.0	102.0	93.333336	89.0	97.666664	113.0	129.66667	140.33333	153.33333	157.66667	154.33333	152.33333	152.0	145.66667	132.66667	120.0	110.0	92.333336	81.333336	86.333336	96.333336	97.333336	
87.0	121.0	165.66667	187.66667	190.66667	190.33333	187.0	176.33333	151.66667	127.0	118.666664	125.666664	138.33333	150.66667	151.33333	141.0	123.0	107.0	104.666664	111.333336	120.0	129.0	137.0	139.66667	141.66667	138.33333	133.33333	120.333336	107.333336	99.0	93.0	90.333336	94.666664	103.666664	106.333336	104.333336	
102.666664	134.33333	172.0	190.0	190.66667	187.33333	184.0	164.66667	133.0	118.666664	125.666664	139.0	149.33333	151.0	154.0	142.0	142.66667	126.333336	105.666664	113.333336	117.666664	126.666664	137.66667	148.66667	151.66667	140.33333	121.0	100.666664	96.333336	100.666664	97.333336	100.0	123.333336	134.66667	126.0	113.666664	
124.333336	150.66667	175.66667	187.66667	191.33333	186.66667	179.33333	162.0	140.0	136.0	134.33333	128.0	124.333336	109.666664	102.0	117.0	158.33333	154.0	121.0	123.666664	126.333336	132.0	139.66667	151.33333	157.33333	145.0	122.0	107.0	112.333336	121.0	103.333336	79.0	97.0	113.0	105.333336	103.333336	
146.0	164.33333	180.0	184.33333	187.66667	183.0	172.66667	158.33333	147.33333	138.33333	122.666664	111.666664	118.0	127.333336	120.333336	141.33333	162.66667	147.33333	127.666664	132.66667	135.66667	135.33333	137.0	147.33333	157.0	147.66667	128.33333	122.333336	130.0	137.66667	120.666664	102.333336	115.333336	111.666664	89.666664	93.333336	
161.66667	171.0	181.33333	183.0	185.66667	185.66667	179.33333	168.66667	154.66667	141.0	136.33333	138.66667	144.66667	152.0	159.66667	166.66667	156.33333	137.66667	133.66667	135.66667	138.33333	137.0	142.33333	157.33333	164.0	156.66667	138.66667	131.0	136.66667	141.66667	137.0	133.0	133.0	128.0	115.0	109.666664	
171.0	173.0	177.66667	181.66667	184.0	186.66667	186.66667	185.0	176.33333	165.0	158.33333	157.0	159.0	163.0	165.66667	164.0	151.0	141.33333	145.33333	150.33333	146.33333	147.33333	158.0	169.0	170.0	162.33333	145.0	130.0	132.33333	137.0	139.0	139.33333	137.33333	134.0	128.33333	127.0	
175.0	168.0	170.33333	176.66667	183.33333	187.66667	189.33333	191.0	189.0	182.33333	171.66667	159.66667	154.66667	154.33333	153.33333	151.66667	149.0	147.33333	152.0	152.33333	151.0	160.66667	172.0	175.66667	175.66667	167.33333	149.33333	128.33333	128.0	134.66667	136.0	132.66667	129.66667	127.0	128.66667	133.0	
171.0	160.33333	159.66667	167.66667	179.0	185.33333	184.66667	190.66667	188.33333	180.66667	175.66667	170.0	164.0	159.33333	158.33333	160.0	159.33333	160.0	160.0	156.0	157.0	164.0	171.66667	178.0	178.66667	169.0	152.0	127.333336	126.666664	137.66667	137.33333	132.33333	130.66667	134.0	137.33333	139.33333	
172.0	157.0	152.0	157.0	168.33333	176.0	178.66667	185.66667	183.33333	179.33333	180.33333	179.66667	176.66667	173.66667	171.66667	170.33333	167.66667	167.33333	161.0	153.0	152.66667	156.66667	167.33333	181.33333	181.0	169.66667	154.66667	128.66667	121.666664	138.0	146.33333	146.33333	143.66667	145.0	145.0	144.66667	
176.66667	159.66667	149.33333	149.33333	159.33333	172.0	179.66667	180.66667	183.66667	187.0	188.66667	186.33333	182.33333	179.66667	177.66667	176.33333	171.33333	159.33333	145.33333	144.66667	154.33333	158.0	166.33333	179.33333	181.33333	174.0	161.33333	135.0	119.0	134.66667	152.33333	158.0	154.33333	152.66667	150.0	144.66667	
178.33333	164.66667	153.33333	151.33333	159.66667	173.66667	179.0	180.66667	184.66667	189.66667	188.33333	185.66667	187.66667	190.33333	189.0	181.33333	166.33333	141.33333	130.66667	148.33333	163.33333	165.33333	172.33333	181.33333	184.66667	179.33333	166.66667	142.66667	121.666664	130.66667	144.0	154.33333	159.66667	160.66667	154.0	146.33333	
178.33333	170.0	160.0	157.33333	165.33333	172.0	177.33333	181.33333	183.0	185.0	180.33333	180.33333	190.0	196.33333	188.0	169.66667	146.33333	126.666664	132.33333	154.33333	168.0	170.33333	173.33333	178.66667	185.66667	184.66667	172.0	149.33333	125.333336	122.0	127.0	142.66667	158.33333	161.33333	154.0	146.66667	
177.0	171.33333	162.66667	162.66667	169.33333	171.0	172.66667	176.66667	176.33333	175.0	171.66667	171.0	179.66667	180.33333	165.33333	143.33333	135.66667	142.0	135.33333	135.33333	150.33333	158.33333	167.66667	174.33333	180.0	181.0	168.66667	147.33333	120.666664	111.0	113.0	127.333336	145.0	150.66667	148.33333	144.33333	
174.33333	171.33333	165.33333	166.66667	167.66667	170.0	168.66667	168.66667	168.33333	166.66667	162.33333	162.33333	165.0	154.66667	139.0	133.0	140.66667	146.33333	141.0	129.0	117.666664	121.333336	135.33333	153.33333	164.66667	163.0	154.0	131.0	103.666664	101.0	115.0	120.0	132.0	142.33333	142.66667	139.66667	
173.66667	170.33333	164.66667	169.0	168.0	167.33333	165.0	160.0	157.33333	156.33333	152.66667	148.33333	147.0	135.0	130.33333	146.33333	157.0	148.0	142.0	140.66667	134.33333	126.666664	118.333336	117.0	132.0	132.0	121.666664	106.0	97.666664	106.0	120.666664	122.0	121.333336	131.0	135.0	131.0	
168.0	166.66667	159.66667	165.66667	171.0	171.33333	164.0	154.33333	147.0	142.0	141.33333	138.33333	133.0	124.0	135.33333	153.66667	163.0	156.0	146.33333	146.33333	147.33333	147.66667	132.66667	109.333336	103.666664	100.0	95.0	95.333336	104.0	113.666664	121.0	123.0	117.666664	122.0	126.0	117.0	
158.66667	162.33333	157.0	159.0	166.0	169.33333	164.33333	154.33333	142.66667	135.33333	135.66667	134.0	125.666664	131.66667	143.33333	148.66667	154.66667	157.0	155.66667	156.0	157.66667	162.0	146.66667	134.0	132.66667	121.666664	111.333336	110.333336	113.666664	116.666664	120.666664	124.333336	122.666664	116.666664	118.0	109.333336	
156.33333	158.33333	151.0	150.33333	156.66667	163.33333	161.66667	153.0	144.33333	143.0	141.33333	132.33333	123.0	134.0	142.66667	143.33333	144.66667	151.66667	158.33333	161.66667	167.0	168.66667	156.0	148.0	150.66667	146.33333	130.33333	120.333336	119.333336	116.666664	116.333336	121.666664	126.0	122.333336	122.333336	115.333336	
159.0	155.33333	146.0	138.66667	149.66667	160.33333	157.66667	149.33333	145.33333	148.66667	148.33333	138.33333	130.33333	128.33333	128.33333	127.666664	126.0	137.0	145.0	148.0	153.66667	156.0	154.33333	153.66667	149.66667	145.66667	132.33333	124.0	116.666664	106.0	113.0	121.333336	123.0	130.33333	133.66667	127.333336	
162.0	154.33333	143.66667	131.33333	141.66667	155.33333	155.33333	151.33333	148.33333	149.66667	154.33333	147.33333	134.66667	122.333336	106.0	96.333336	107.333336	115.0	124.333336	136.66667	134.66667	130.33333	129.33333	133.33333	127.666664	121.666664	117.333336	100.333336	83.0	86.666664	107.0	121.0	127.0	144.33333	145.0	140.66667	
163.0	153.33333	146.0	130.33333	131.33333	148.33333	159.0	152.66667	149.0	151.66667	158.33333	152.33333	136.33333	116.333336	106.333336	103.666664	127.333336	141.66667	154.66667	170.66667	175.66667	168.66667	161.0	152.0	149.66667	151.66667	153.33333	118.666664	79.0	88.333336	112.333336	130.66667	140.33333	153.0	146.33333	146.0	
164.33333	154.66667	146.0	130.33333	123.0	137.0	157.0	156.33333	149.66667	150.66667	157.0	153.66667	139.33333	127.0	133.33333	127.0	119.0	111.666664	110.0	117.333336	137.33333	152.66667	161.33333	158.66667	156.0	146.33333	137.66667	100.666664	89.666664	115.666664	129.66667	144.0	153.0	151.33333	141.33333	148.0	
170.66667	157.33333	146.33333	134.66667	121.333336	125.333336	148.66667	160.66667	156.33333	150.66667	154.66667	155.66667	144.33333	142.66667	150.0	150.66667	136.33333	119.0	109.333336	100.666664	97.333336	99.0	102.666664	103.0	92.0	82.333336	87.0	89.0	111.0	133.66667	144.66667	153.66667	159.0	143.0	145.66667	147.0	
179.0	159.66667	149.33333	140.66667	126.0	122.0	139.33333	159.33333	159.33333	148.66667	152.33333	157.33333	149.0	149.33333	155.33333	160.33333	157.33333	150.66667	147.0	139.66667	132.33333	128.66667	123.666664	121.333336	111.666664	105.666664	106.333336	113.0	126.0	142.0	149.66667	159.33333	154.66667	137.33333	142.66667	142.0	
196.33333	168.33333	148.0	145.33333	139.0	125.666664	130.66667	150.66667	158.66667	147.66667	148.0	156.33333	154.66667	154.66667	156.33333	159.33333	162.33333	164.66667	163.33333	162.0	161.33333	156.0	145.0	140.33333	130.66667	123.333336	121.666664	124.666664	133.33333	139.66667	147.0	158.33333	144.66667	133.0	136.33333	142.0	
222.0	190.0	153.33333	147.33333	148.66667	136.66667	130.66667	144.33333	160.33333	153.33333	144.0	150.0	156.0	160.0	159.66667	160.0	161.33333	162.0	160.0	157.33333	154.66667	146.33333	138.33333	141.66667	135.33333	128.33333	126.333336	128.0	137.66667	140.0	146.33333	149.33333	132.33333	134.0	132.66667	140.33333	
230.0	220.0	174.0	149.33333	146.33333	143.66667	137.0	140.33333	156.0	159.0	146.66667	146.66667	155.33333	163.0	164.33333	163.33333	160.66667	157.0	155.0	151.66667	144.66667	136.33333	131.33333	136.33333	134.0	129.0	128.33333	133.33333	137.66667	141.33333	146.0	137.66667	125.0	133.0	139.33333	139.66667	
194.33333	235.66667	210.66667	168.66667	145.66667	141.0	139.0	136.0	147.66667	160.0	152.0	149.33333	159.0	164.66667	168.66667	168.66667	162.33333	158.0	156.66667	154.66667	146.33333	137.33333	134.66667	134.66667	133.0	133.66667	137.33333	137.66667	138.33333	139.66667	137.66667	124.666664	123.333336	141.66667	151.66667	139.0	
121.666664	220.66667	237.66667	207.66667	161.0	139.0	137.33333	133.66667	139.33333	156.0	156.33333	151.33333	159.66667	167.66667	171.66667	172.33333	170.0	168.66667	165.33333	161.33333	153.66667	144.33333	141.0	140.33333	139.33333	140.0	142.66667	142.66667	141.0	137.66667	129.0	113.333336	122.333336	149.66667	168.33333	161.0	
58.0	167.33333	240.0	240.66667	207.33333	160.33333	139.33333	133.0	133.33333	142.0	150.66667	149.66667	149.66667	161.66667	174.0	175.33333	174.0	174.33333	167.33333	163.0	158.0	155.0	155.66667	152.0	145.66667	141.33333	141.0	143.0	140.0	131.66667	116.666664	118.0	146.33333	159.0	175.33333	182.0	
30.333334	97.0	214.66667	245.66667	241.66667	218.33333	172.0	137.0	128.66667	132.33333	141.0	144.66667	139.66667	145.33333	165.0	173.0	170.0	168.66667	163.0	161.33333	165.0	167.66667	168.0	161.33333	151.33333	144.33333	141.33333	142.0	135.0	118.333336	111.333336	153.0	170.0	159.0	175.66667	184.33333	
30.0	51.0	160.0	234.66667	246.33333	247.0	220.33333	172.33333	137.0	130.66667	134.33333	137.66667	136.0	134.0	146.0	161.33333	164.0	164.66667	163.66667	166.0	172.0	173.0	170.0	160.66667	149.66667	143.33333	142.66667	139.33333	127.666664	105.666664	94.0	138.0	155.0	151.66667	174.0	178.0	
29.0	32.333332	98.0	210.66667	247.66667	250.33333	247.0	224.0	171.66667	137.33333	130.66667	132.0	133.33333	131.0	133.0	146.0	153.66667	158.0	161.66667	162.66667	160.66667	160.0	158.66667	148.0	138.0	134.66667	134.0	128.66667	116.333336	80.333336	42.0	46.666668	65.333336	86.666664	130.0	155.66667	
