186.33333	188.0	187.33333	186.33333	186.0	185.66667	186.66667	188.0	188.0	184.33333	180.0	182.66667	189.33333	192.0	189.0	181.0	178.33333	177.33333	178.0	179.33333	179.33333	180.0	178.0	177.0	168.0	150.0	164.66667	173.33333	170.66667	173.0	173.0	173.33333	172.0	165.33333	159.0	158.0	
183.66667	185.0	185.0	184.33333	184.33333	183.66667	184.66667	184.66667	183.33333	180.0	177.33333	181.66667	187.33333	188.66667	185.66667	180.33333	177.33333	178.0	178.0	177.33333	179.33333	179.66667	177.0	175.0	164.0	149.0	168.0	173.66667	172.0	173.33333	174.0	173.66667	171.0	163.66667	156.66667	158.66667	
184.66667	185.66667	185.66667	186.33333	185.66667	184.66667	183.33333	180.33333	178.33333	177.0	176.33333	179.33333	182.66667	184.0	182.66667	179.33333	175.33333	177.0	177.0	176.33333	179.33333	177.66667	176.66667	170.33333	159.33333	152.33333	169.0	172.33333	172.66667	174.0	174.0	172.66667	170.33333	163.66667	157.33333	159.66667	
186.0	186.66667	185.66667	187.33333	188.66667	183.66667	182.0	180.33333	180.0	177.66667	178.0	180.0	182.0	181.0	182.66667	179.0	172.33333	172.66667	175.66667	177.66667	178.33333	176.0	174.33333	168.33333	153.0	154.33333	165.66667	169.33333	171.0	172.66667	173.0	172.0	167.33333	161.0	160.66667	163.66667	
187.0	187.66667	186.0	186.66667	187.66667	181.33333	183.66667	184.0	181.33333	177.66667	178.0	181.33333	182.33333	180.66667	186.33333	176.66667	170.33333	172.33333	178.33333	181.33333	176.66667	173.66667	169.33333	163.0	147.33333	154.0	162.66667	165.33333	167.33333	169.0	168.33333	164.0	157.33333	156.66667	161.33333	162.66667	
190.66667	190.66667	188.33333	185.33333	185.0	183.66667	185.66667	186.0	185.0	184.0	182.0	180.33333	180.0	182.66667	189.66667	178.33333	170.66667	174.0	180.0	179.33333	174.66667	170.66667	162.66667	153.66667	144.66667	152.0	157.66667	158.33333	159.66667	160.33333	157.66667	151.33333	150.0	156.33333	157.33333	157.0	
191.33333	189.33333	183.66667	182.33333	185.0	184.66667	186.0	190.66667	192.33333	193.33333	192.33333	182.33333	172.33333	175.0	183.66667	182.66667	175.0	175.33333	176.0	172.0	169.33333	167.0	160.33333	151.33333	147.0	151.33333	151.33333	151.33333	150.0	149.0	147.33333	147.66667	154.33333	158.0	153.66667	153.0	
185.33333	181.33333	175.66667	177.66667	175.66667	162.66667	162.66667	183.33333	193.66667	191.66667	179.66667	144.0	110.666664	120.333336	157.66667	173.0	173.0	174.0	168.0	162.0	163.33333	164.66667	161.66667	154.33333	151.66667	152.66667	149.66667	147.33333	145.66667	145.0	147.0	154.0	160.33333	157.66667	154.66667	154.0	
179.33333	176.0	175.33333	167.0	135.66667	95.333336	88.0	113.666664	129.0	128.66667	111.333336	83.333336	61.333332	69.0	96.0	109.666664	123.666664	141.66667	152.0	158.0	154.66667	155.0	161.66667	162.0	158.33333	155.0	149.33333	147.66667	151.66667	157.33333	160.33333	162.66667	166.0	166.66667	163.66667	161.0	
166.66667	164.33333	149.0	123.333336	88.333336	67.0	64.0	68.333336	73.666664	77.0	74.333336	71.0	67.333336	66.0	66.0	66.333336	68.0	67.333336	94.0	139.0	149.0	144.66667	147.33333	155.33333	161.33333	159.0	159.0	166.0	171.0	170.33333	170.0	170.66667	169.0	169.0	171.66667	172.33333	
75.0	80.666664	79.333336	84.666664	85.666664	81.333336	79.666664	79.333336	81.333336	84.666664	88.0	85.333336	81.666664	82.333336	80.666664	75.666664	72.666664	70.0	71.0	86.666664	108.0	118.0	122.0	132.66667	149.66667	163.33333	177.33333	176.33333	171.33333	173.33333	173.0	169.33333	167.0	166.66667	171.33333	174.66667	
39.666668	51.333332	76.333336	98.0	100.0	94.333336	93.0	91.666664	97.0	101.333336	102.666664	98.333336	96.666664	99.0	97.0	92.333336	87.0	85.0	89.0	87.333336	86.666664	86.666664	91.0	94.666664	103.333336	124.666664	159.66667	161.33333	151.66667	156.33333	156.33333	154.33333	155.0	160.66667	169.66667	173.66667	
45.0	63.0	89.333336	107.333336	110.666664	104.0	98.0	96.0	99.666664	104.0	105.666664	106.0	107.333336	108.0	108.0	107.333336	100.666664	96.0	100.666664	100.0	102.666664	99.0	94.333336	92.666664	88.0	89.666664	112.0	113.0	106.333336	116.666664	119.666664	118.666664	122.333336	139.0	163.66667	179.66667	
51.0	80.333336	101.0	109.0	109.666664	101.0	89.666664	82.666664	80.0	84.333336	88.666664	93.666664	100.333336	105.666664	110.666664	114.333336	111.333336	105.333336	105.333336	108.333336	108.0	104.333336	97.0	98.666664	94.333336	86.666664	82.666664	78.666664	73.333336	72.0	69.666664	67.0	81.0	97.666664	129.66667	173.0	
57.666668	91.666664	110.666664	114.333336	103.666664	84.0	68.0	56.666668	50.666668	46.333332	49.0	54.666668	65.666664	84.0	101.0	112.333336	117.0	114.666664	110.666664	108.333336	102.666664	95.333336	87.666664	88.666664	80.666664	71.333336	69.0	69.333336	70.0	70.0	68.333336	59.666668	69.0	80.666664	86.333336	131.0	
61.0	94.333336	112.333336	109.0	88.0	68.0	58.333332	47.0	39.333332	30.333334	30.666666	36.666668	49.333332	71.333336	94.333336	110.333336	118.0	116.333336	112.0	107.0	98.666664	82.0	66.0	57.0	46.0	41.333332	42.666668	47.333332	54.0	60.333332	65.666664	69.333336	68.666664	82.0	85.666664	86.333336	
58.0	95.0	115.333336	107.333336	89.0	74.333336	65.666664	53.333332	43.0	38.666668	38.0	40.666668	51.333332	68.333336	90.666664	111.333336	117.333336	112.666664	109.0	102.0	90.666664	72.333336	51.333332	36.333332	26.333334	26.333334	26.666666	31.333334	39.666668	46.666668	50.333332	63.666668	71.666664	75.0	94.333336	90.333336	
60.0	109.0	125.0	115.666664	103.333336	80.333336	56.0	40.666668	36.0	50.333332	60.666668	54.666668	52.666668	60.0	76.333336	98.666664	111.333336	110.0	104.0	94.333336	80.666664	61.0	44.666668	34.0	25.666666	27.333334	30.666666	35.333332	39.666668	47.333332	54.0	57.333332	69.0	84.333336	100.333336	111.333336	
71.333336	121.0	132.0	123.333336	103.0	69.666664	46.666668	40.0	46.333332	83.333336	105.0	81.333336	62.666668	62.333332	68.666664	85.666664	102.333336	100.666664	95.333336	89.0	76.0	56.0	41.333332	31.666666	27.0	29.666666	43.666668	53.0	45.666668	54.333332	65.333336	69.666664	73.333336	90.333336	104.0	114.0	
87.0	130.33333	137.0	116.333336	92.666664	75.0	76.0	79.666664	74.666664	87.333336	93.333336	74.666664	68.333336	68.333336	73.333336	88.666664	102.666664	100.666664	93.333336	83.666664	71.0	59.333332	47.333332	37.333332	36.666668	44.333332	66.0	75.666664	57.0	50.666668	62.666668	82.333336	87.0	96.333336	105.666664	112.0	
99.333336	136.66667	133.0	113.0	100.0	95.333336	99.666664	97.333336	89.666664	86.333336	85.333336	78.0	74.333336	73.666664	84.666664	104.0	113.0	108.333336	99.0	87.0	74.0	68.666664	63.0	57.666668	62.0	69.0	78.666664	84.0	79.333336	74.666664	74.0	83.333336	91.333336	102.666664	114.666664	114.666664	
112.0	141.33333	133.0	120.666664	116.0	103.666664	95.0	91.666664	90.0	90.0	88.0	84.0	83.0	84.333336	100.666664	118.333336	120.333336	115.333336	108.0	96.666664	84.0	75.333336	71.0	70.333336	73.333336	78.666664	83.0	88.0	96.0	97.0	93.0	92.0	94.666664	109.333336	122.666664	118.0	
129.33333	148.0	137.66667	128.33333	126.666664	118.333336	106.333336	94.666664	93.0	96.0	91.333336	87.333336	92.666664	100.666664	115.0	120.333336	119.0	116.666664	111.0	103.0	94.666664	87.0	83.333336	81.0	81.0	82.333336	86.666664	91.0	95.0	98.0	104.333336	107.0	106.333336	118.0	125.333336	117.666664	
142.66667	152.66667	143.33333	135.66667	131.66667	125.666664	116.0	107.333336	103.0	101.666664	100.0	100.333336	108.333336	119.333336	125.333336	124.333336	121.333336	114.666664	112.333336	108.0	107.666664	105.333336	95.0	88.0	85.333336	85.333336	89.666664	91.666664	96.0	102.666664	109.666664	114.666664	120.0	124.666664	127.666664	122.666664	
147.66667	154.33333	146.33333	141.0	137.0	131.33333	125.666664	120.666664	115.0	112.666664	116.333336	122.0	126.666664	129.0	129.33333	127.0	122.0	113.666664	114.0	113.0	115.333336	116.333336	108.666664	101.333336	94.666664	90.0	93.0	95.666664	101.666664	109.666664	117.0	122.333336	126.0	129.33333	130.66667	128.33333	
153.33333	158.66667	148.33333	147.0	143.66667	136.33333	130.66667	126.333336	124.666664	123.0	122.0	122.0	122.666664	124.666664	125.666664	125.0	121.666664	115.333336	113.333336	112.0	113.666664	116.0	111.666664	107.333336	107.666664	105.666664	104.333336	105.0	110.666664	119.0	125.333336	126.666664	128.66667	130.33333	130.0	128.33333	
152.66667	159.33333	150.0	151.33333	147.0	138.33333	132.33333	128.66667	126.666664	121.0	112.0	107.0	114.0	125.666664	130.66667	129.33333	125.0	117.333336	115.0	111.333336	112.0	114.333336	104.666664	99.0	106.666664	114.666664	116.0	116.333336	120.666664	128.0	131.66667	129.66667	130.66667	130.66667	129.33333	129.0	
142.0	156.66667	151.33333	154.33333	148.0	137.66667	131.66667	127.0	116.0	102.0	94.333336	96.666664	111.666664	126.333336	131.0	128.0	119.333336	109.333336	106.0	99.666664	103.333336	110.666664	97.333336	88.333336	93.666664	106.333336	115.0	119.333336	124.666664	131.33333	133.66667	131.0	130.0	131.33333	127.666664	124.0	
126.0	150.0	152.66667	154.33333	146.66667	138.0	130.0	120.0	101.666664	88.0	91.333336	99.0	106.0	104.666664	99.333336	104.666664	103.666664	96.333336	88.666664	74.333336	78.0	95.333336	92.666664	89.666664	85.0	89.0	104.0	113.666664	122.333336	128.0	132.33333	129.66667	129.0	134.0	128.33333	120.333336	
105.0	135.0	149.66667	154.0	146.0	135.0	123.333336	105.333336	86.666664	88.0	95.666664	97.333336	99.333336	89.0	81.0	90.333336	93.0	87.666664	81.666664	71.333336	75.0	86.0	91.0	93.666664	84.666664	77.333336	90.333336	108.0	116.0	120.0	125.666664	126.333336	126.0	132.0	126.666664	112.333336	
89.0	119.333336	140.66667	150.0	147.66667	132.66667	108.333336	84.0	76.333336	82.666664	91.0	91.333336	86.333336	77.333336	72.0	75.333336	85.666664	86.666664	69.0	56.666668	62.333332	72.666664	81.0	84.333336	82.0	74.666664	75.0	97.0	111.0	114.666664	119.333336	123.0	120.666664	123.0	122.0	106.666664	
84.333336	108.666664	123.0	134.66667	143.66667	128.66667	88.666664	67.0	71.333336	78.333336	84.666664	85.666664	78.333336	72.333336	67.666664	64.333336	75.666664	80.666664	62.333332	53.666668	58.666668	63.0	71.666664	73.666664	75.333336	70.333336	64.0	81.0	102.0	113.333336	117.0	116.666664	107.666664	106.666664	108.666664	95.0	
77.0	96.0	104.333336	114.666664	136.33333	122.333336	75.0	61.666668	66.666664	76.0	82.333336	83.333336	80.0	76.333336	74.333336	76.0	87.333336	89.333336	71.666664	62.666668	63.666668	65.666664	72.666664	72.333336	70.333336	66.0	60.333332	69.0	96.0	115.333336	117.666664	106.333336	94.666664	97.0	97.333336	84.333336	
78.666664	86.666664	90.0	99.666664	128.66667	116.333336	73.0	64.333336	64.666664	70.333336	75.666664	77.0	82.666664	90.0	93.333336	95.666664	101.666664	96.0	88.0	75.0	77.0	75.666664	76.666664	74.666664	70.333336	62.333332	59.666668	66.0	97.666664	118.333336	115.666664	96.666664	87.0	96.0	91.0	76.0	
79.333336	82.666664	80.0	86.333336	115.666664	114.0	78.666664	63.666668	65.0	69.333336	61.333332	74.666664	111.333336	131.33333	138.0	145.33333	144.66667	129.0	140.66667	124.333336	122.0	105.333336	83.666664	65.333336	70.333336	65.333336	63.333332	66.333336	98.0	117.0	103.333336	79.666664	73.333336	86.666664	87.0	76.0	
72.666664	76.666664	74.666664	77.333336	101.0	112.333336	87.333336	74.0	83.333336	81.333336	60.666668	80.666664	127.0	148.0	155.33333	165.33333	169.66667	157.33333	169.0	153.33333	150.0	136.33333	102.333336	59.666668	66.0	73.333336	73.666664	73.333336	97.333336	104.0	85.666664	63.0	60.666668	74.0	82.666664	84.0	
81.333336	73.0	71.0	70.333336	85.0	107.333336	93.333336	86.333336	103.666664	109.333336	96.333336	97.333336	108.666664	101.666664	95.333336	104.666664	113.333336	105.666664	105.666664	98.0	100.0	110.666664	110.0	80.666664	83.666664	90.333336	88.333336	87.666664	99.666664	92.0	69.666664	54.333332	60.666668	68.666664	74.0	82.0	
87.666664	77.333336	71.0	64.0	72.666664	94.333336	91.666664	91.666664	113.0	128.66667	129.0	124.333336	120.0	110.333336	99.333336	91.333336	84.333336	80.333336	80.666664	85.0	93.0	107.666664	120.666664	117.0	118.666664	113.333336	98.0	95.0	95.0	81.333336	62.666668	57.0	64.333336	66.0	70.333336	86.666664	
96.0	78.0	65.333336	60.0	71.666664	81.333336	83.666664	98.666664	121.666664	134.33333	135.66667	137.33333	135.66667	128.0	121.333336	116.666664	110.0	104.333336	108.666664	114.666664	122.333336	128.0	132.0	130.66667	129.66667	119.666664	100.666664	91.333336	82.0	71.333336	61.0	61.333332	66.0	67.333336	77.0	101.333336	
110.333336	84.0	67.333336	65.0	75.333336	77.333336	77.666664	94.0	115.333336	130.66667	134.66667	134.33333	129.0	122.333336	111.333336	108.0	107.333336	104.0	109.0	116.0	123.666664	128.0	130.33333	127.333336	127.333336	119.333336	99.666664	84.666664	73.0	66.0	60.0	57.666668	59.666668	60.333332	71.0	98.333336	
130.66667	109.0	84.666664	71.333336	73.666664	74.666664	78.333336	84.333336	99.0	120.333336	131.66667	129.0	118.0	107.333336	92.0	87.0	89.333336	91.0	98.0	108.333336	117.666664	122.333336	126.666664	123.666664	122.0	109.333336	89.333336	76.333336	70.0	66.0	59.666668	51.333332	52.666668	58.333332	76.0	102.333336	
148.0	139.33333	111.333336	83.666664	76.333336	76.666664	74.666664	73.0	83.666664	111.666664	129.33333	128.0	118.666664	102.333336	89.666664	84.0	84.0	88.0	94.333336	103.333336	112.666664	118.666664	123.666664	118.666664	108.333336	88.666664	70.0	66.333336	68.0	66.666664	58.333332	50.0	50.666668	67.333336	105.333336	139.33333	
150.66667	150.33333	128.66667	98.666664	87.333336	83.333336	76.333336	68.0	73.0	100.333336	120.0	122.333336	117.0	101.666664	92.666664	88.666664	87.0	90.0	95.666664	102.333336	109.666664	114.666664	114.333336	104.666664	87.666664	68.0	53.666668	55.333332	65.0	68.333336	61.666668	55.666668	64.666664	90.333336	123.0	149.0	
150.66667	151.66667	139.0	114.0	103.333336	93.333336	82.333336	64.666664	61.333332	79.0	94.0	97.666664	96.0	88.666664	87.0	86.0	85.0	84.0	89.0	97.666664	99.0	95.333336	91.0	82.0	67.666664	54.333332	48.0	49.0	63.666668	73.0	67.0	73.0	91.333336	105.0	124.0	134.0	
155.0	154.33333	145.33333	119.333336	111.666664	98.333336	78.666664	56.666668	46.666668	55.666668	65.666664	71.333336	72.0	72.666664	77.666664	78.333336	78.666664	83.333336	86.666664	87.0	80.666664	69.666664	63.0	58.0	50.0	43.0	41.333332	46.666668	60.666668	73.666664	79.333336	96.0	108.0	117.0	138.0	128.0	
178.0	175.33333	160.0	122.666664	114.0	99.333336	74.333336	49.0	39.0	45.666668	50.333332	55.0	53.333332	58.0	68.333336	74.0	76.333336	81.333336	81.0	69.666664	60.666668	52.0	44.666668	42.333332	39.333332	37.0	38.333332	47.666668	62.666668	77.666664	93.666664	106.666664	109.666664	124.666664	150.66667	141.33333	
199.33333	198.66667	179.66667	129.33333	113.0	95.0	66.666664	44.0	36.0	39.0	39.0	40.0	40.333332	43.0	53.0	62.0	65.0	66.0	59.666668	53.0	44.333332	38.666668	36.0	34.666668	33.0	33.666668	39.666668	50.333332	70.0	92.333336	105.333336	110.333336	110.666664	116.666664	126.666664	131.66667	
200.0	200.0	181.66667	129.66667	107.666664	82.333336	56.666668	40.666668	33.333332	34.0	33.333332	29.333334	30.333334	32.666668	39.333332	46.0	49.333332	50.0	43.0	38.333332	30.666666	28.0	31.333334	34.333332	30.0	30.666666	38.0	55.0	82.333336	107.666664	113.666664	114.0	112.333336	113.0	118.666664	140.66667	
181.0	179.66667	166.0	124.0	101.333336	74.333336	54.0	43.0	36.333332	32.0	28.0	22.666666	22.0	23.666666	30.0	34.0	35.0	34.333332	31.666666	29.0	23.333334	20.333334	24.0	30.0	29.0	31.666666	43.0	67.333336	90.666664	108.666664	116.666664	117.666664	115.0	125.666664	150.33333	157.33333	
