55.333332	52.333332	54.666668	55.666668	88.0	130.0	165.0	172.66667	157.66667	150.33333	149.66667	149.33333	148.33333	149.33333	152.33333	154.33333	155.33333	152.66667	152.33333	151.66667	151.0	149.33333	150.33333	151.0	147.33333	142.33333	138.66667	135.33333	132.66667	130.0	130.33333	130.33333	129.33333	120.666664	101.333336	71.0	
55.0	54.333332	57.666668	75.0	135.66667	169.0	177.33333	169.33333	160.33333	156.0	154.0	154.0	153.0	152.66667	156.33333	160.0	161.33333	159.66667	159.0	160.66667	159.66667	158.33333	158.0	155.0	151.66667	146.0	140.66667	137.66667	134.33333	131.33333	128.0	125.666664	126.666664	122.333336	101.0	78.333336	
56.333332	56.666668	60.666668	101.666664	157.66667	173.33333	172.66667	164.66667	160.0	157.33333	156.66667	155.66667	156.33333	158.0	159.66667	163.0	165.0	164.33333	165.0	164.33333	162.66667	160.33333	158.0	157.0	153.0	145.66667	140.0	137.33333	133.66667	132.66667	129.0	127.0	126.0	117.333336	105.0	84.0	
58.0	57.333332	69.333336	125.333336	159.66667	169.33333	166.66667	161.66667	158.33333	155.33333	155.0	155.66667	157.0	159.33333	161.33333	164.33333	165.0	162.33333	162.33333	159.66667	157.66667	154.66667	152.66667	152.33333	149.0	145.0	143.0	140.33333	135.0	133.0	129.66667	126.666664	125.666664	118.0	105.0	87.666664	
57.333332	57.666668	84.333336	139.66667	161.66667	168.66667	164.0	161.33333	159.33333	155.66667	154.0	153.33333	156.33333	159.0	160.66667	161.66667	161.66667	161.0	157.0	155.33333	154.33333	154.33333	152.0	149.33333	146.33333	142.33333	140.33333	140.0	137.0	134.66667	130.33333	124.666664	124.333336	120.0	105.666664	88.333336	
56.333332	60.0	97.666664	141.33333	158.0	163.33333	161.33333	160.66667	159.0	157.0	155.0	154.0	156.33333	159.0	159.0	159.66667	158.0	157.66667	156.33333	155.33333	153.66667	154.33333	152.66667	148.66667	145.0	142.66667	140.66667	139.33333	139.0	137.33333	132.0	126.0	121.666664	117.333336	102.333336	91.333336	
57.0	59.0	102.333336	137.33333	153.0	159.0	160.66667	161.33333	164.0	162.66667	158.66667	159.0	159.66667	159.33333	158.66667	159.66667	159.33333	158.33333	159.0	160.0	158.66667	159.66667	158.66667	156.0	150.66667	146.0	144.33333	141.0	138.66667	136.33333	130.33333	126.666664	124.0	120.0	107.666664	99.333336	
58.666668	59.0	104.666664	134.33333	149.66667	158.33333	163.66667	166.66667	167.33333	167.0	167.33333	168.0	167.33333	167.66667	165.33333	166.33333	166.66667	165.33333	167.33333	171.66667	171.66667	173.0	172.66667	169.33333	162.33333	155.66667	150.33333	144.66667	138.33333	135.0	133.33333	129.66667	127.0	122.0	111.0	110.333336	
59.666668	62.333332	106.0	133.66667	148.33333	159.0	164.66667	167.0	169.33333	172.0	177.0	178.66667	178.66667	178.66667	176.66667	176.0	176.33333	176.0	181.33333	188.0	189.33333	188.66667	186.33333	182.0	172.0	163.66667	156.0	149.33333	143.0	134.66667	134.66667	133.33333	130.0	127.333336	122.333336	116.333336	
62.333332	66.666664	109.333336	135.0	152.66667	161.66667	164.0	162.0	166.33333	172.66667	179.33333	182.66667	183.33333	186.0	187.33333	185.66667	184.66667	187.66667	196.0	199.66667	199.0	198.0	193.66667	188.0	178.33333	168.66667	160.33333	150.66667	148.33333	146.33333	143.0	140.0	133.66667	130.33333	128.0	126.0	
63.0	65.333336	108.666664	137.0	158.33333	165.33333	163.66667	161.33333	165.0	171.66667	175.66667	175.66667	177.66667	184.66667	189.33333	190.33333	190.33333	192.33333	193.33333	187.33333	183.66667	182.66667	180.33333	171.33333	158.33333	147.33333	135.66667	129.0	142.0	147.0	145.33333	142.66667	136.66667	132.66667	132.33333	135.66667	
63.333332	61.333332	109.333336	144.33333	165.0	156.33333	148.33333	144.66667	148.33333	154.66667	153.33333	154.0	161.0	170.33333	177.33333	181.33333	183.0	182.0	176.66667	161.66667	144.66667	124.666664	108.666664	96.0	89.333336	89.666664	92.333336	107.0	108.666664	111.333336	121.0	134.66667	142.33333	140.66667	138.0	141.33333	
60.666668	60.333332	113.666664	148.0	145.33333	114.333336	97.0	87.0	86.0	87.333336	85.666664	99.333336	127.0	152.33333	162.66667	171.33333	177.66667	176.66667	166.33333	141.66667	118.0	100.0	95.333336	97.666664	108.333336	120.666664	136.33333	131.33333	112.666664	104.0	102.666664	112.333336	133.33333	144.33333	142.0	144.33333	
58.333332	55.666668	115.666664	120.333336	87.0	65.333336	58.333332	67.0	83.666664	90.0	93.666664	99.0	115.0	135.0	149.0	164.0	174.66667	172.0	160.66667	147.33333	141.0	144.0	152.0	156.33333	164.33333	175.66667	184.66667	173.66667	159.66667	152.66667	142.0	136.33333	139.66667	145.66667	146.33333	147.0	
62.333332	61.333332	113.333336	90.333336	72.333336	92.666664	121.666664	141.33333	154.33333	162.33333	159.33333	151.0	142.66667	137.0	143.0	161.0	179.33333	177.66667	164.33333	159.33333	162.66667	163.0	157.0	149.0	142.66667	148.0	153.0	151.0	150.0	153.66667	155.66667	158.33333	157.33333	151.66667	151.33333	151.0	
62.666668	68.333336	119.333336	114.0	123.666664	141.33333	153.0	148.66667	138.0	129.0	129.0	139.66667	148.66667	144.33333	140.33333	157.0	182.0	180.66667	167.0	164.66667	168.0	156.66667	134.66667	115.0	92.666664	66.666664	67.333336	70.0	95.333336	114.0	138.33333	157.0	158.33333	152.66667	149.33333	149.66667	
62.666668	74.0	130.0	136.66667	142.0	133.33333	108.333336	92.333336	64.666664	56.666668	60.333332	99.333336	129.33333	144.66667	140.66667	152.33333	177.66667	175.33333	163.33333	163.33333	169.0	153.33333	118.333336	128.0	128.33333	75.333336	61.0	72.333336	87.333336	77.333336	112.0	146.66667	154.0	154.0	150.33333	148.0	
62.0	74.666664	129.66667	137.0	127.333336	86.333336	67.0	112.333336	89.666664	66.666664	81.333336	124.666664	133.33333	139.33333	140.0	152.0	172.66667	170.33333	161.0	158.0	166.0	153.66667	134.33333	137.66667	144.33333	142.33333	143.0	141.0	139.66667	127.333336	126.0	152.66667	162.0	159.0	150.66667	147.33333	
63.333332	86.0	134.33333	135.33333	116.0	87.666664	109.333336	133.33333	131.66667	136.33333	144.66667	141.33333	138.66667	139.66667	137.33333	152.0	162.66667	161.0	155.66667	153.33333	158.66667	166.33333	157.33333	144.66667	152.0	166.0	173.0	169.66667	163.0	161.33333	161.0	163.33333	163.33333	160.66667	152.66667	146.33333	
64.333336	100.333336	140.66667	145.66667	140.0	142.66667	147.33333	149.0	153.0	155.66667	150.66667	145.66667	153.0	142.66667	137.33333	154.33333	158.33333	158.0	154.0	151.0	152.66667	160.66667	165.66667	162.0	166.33333	176.66667	182.33333	180.66667	176.33333	173.0	168.66667	165.33333	160.66667	157.0	151.33333	147.66667	
62.0	99.666664	146.66667	156.66667	159.33333	159.33333	158.33333	159.0	161.0	163.0	163.66667	165.33333	159.33333	140.0	140.66667	157.0	157.66667	155.0	152.66667	151.0	152.33333	156.33333	170.0	176.33333	177.66667	182.33333	187.66667	186.0	182.33333	178.33333	173.0	168.33333	161.0	155.0	150.66667	150.0	
63.333332	101.333336	149.66667	160.0	164.66667	165.0	164.33333	166.66667	167.0	169.66667	177.0	177.66667	161.33333	140.66667	147.0	159.33333	158.66667	152.66667	149.0	149.66667	153.33333	156.33333	167.66667	178.66667	184.33333	186.33333	186.66667	185.0	182.66667	181.66667	177.33333	171.66667	161.33333	154.33333	150.66667	150.33333	
62.333332	101.333336	149.33333	162.66667	169.33333	168.66667	167.66667	170.66667	171.0	175.0	180.66667	176.33333	161.0	146.0	153.66667	159.0	155.33333	148.66667	145.0	146.66667	150.66667	157.33333	167.33333	179.33333	187.33333	190.0	188.0	188.66667	188.33333	188.33333	182.66667	172.66667	163.66667	157.33333	152.33333	150.0	
60.333332	95.666664	146.33333	164.33333	170.33333	170.0	170.66667	175.0	176.33333	179.0	178.66667	173.33333	159.66667	153.0	163.0	163.66667	160.0	151.33333	141.66667	143.33333	149.33333	159.33333	171.66667	182.0	186.66667	190.0	190.66667	196.0	201.66667	196.66667	182.33333	172.33333	164.33333	158.66667	153.0	149.0	
59.0	85.333336	139.33333	161.33333	168.0	169.0	170.66667	177.0	179.66667	180.33333	177.66667	171.33333	158.66667	163.66667	171.33333	171.33333	169.33333	158.0	140.66667	134.33333	139.66667	154.66667	180.0	188.33333	189.33333	191.33333	192.0	201.0	203.66667	194.66667	179.0	174.0	165.66667	159.66667	150.0	146.0	
58.333332	71.666664	129.66667	154.0	160.0	164.0	169.33333	176.0	178.0	178.33333	176.33333	170.66667	160.66667	172.33333	177.0	182.33333	177.66667	166.0	149.66667	134.33333	128.66667	139.33333	181.33333	196.33333	194.33333	194.0	196.66667	202.0	200.33333	190.33333	179.0	173.33333	164.33333	158.0	144.0	142.0	
56.0	65.333336	122.333336	146.66667	156.0	161.0	167.0	173.66667	176.33333	179.33333	177.0	169.66667	158.66667	165.66667	173.66667	193.33333	192.0	172.33333	159.33333	151.33333	146.0	138.33333	173.33333	195.33333	197.66667	199.33333	201.33333	201.0	199.0	188.33333	176.0	169.33333	162.33333	157.0	147.66667	144.33333	
58.333332	67.333336	119.0	140.33333	151.66667	159.0	164.33333	170.0	173.33333	178.0	178.66667	166.33333	152.0	143.66667	157.33333	177.0	178.0	159.0	149.66667	157.0	158.33333	149.0	172.66667	191.66667	194.33333	201.66667	204.33333	205.33333	197.66667	187.33333	171.66667	165.0	159.66667	157.66667	154.33333	145.33333	
60.666668	70.0	116.666664	136.0	147.0	155.0	159.0	167.0	173.0	178.33333	176.66667	152.66667	134.0	106.333336	117.333336	146.0	142.66667	124.0	114.0	119.0	143.33333	148.66667	167.66667	190.33333	192.0	198.66667	202.66667	204.0	194.33333	183.66667	171.66667	164.0	159.0	157.0	152.33333	142.0	
60.666668	64.333336	113.0	131.66667	141.0	150.0	156.0	165.33333	172.33333	177.0	175.66667	143.33333	132.0	130.33333	117.333336	122.666664	127.333336	146.66667	167.33333	154.0	139.33333	136.0	162.33333	185.66667	190.66667	196.66667	203.0	200.0	191.66667	184.33333	172.33333	163.66667	159.33333	157.0	151.0	140.0	
62.666668	59.0	109.666664	129.0	137.66667	146.66667	155.66667	163.33333	170.0	174.66667	176.33333	158.33333	143.66667	140.66667	140.33333	146.33333	153.66667	177.0	177.33333	158.0	150.66667	152.66667	167.0	179.0	191.0	196.0	200.33333	197.33333	190.0	184.0	174.33333	164.66667	159.66667	156.33333	149.33333	138.33333	
61.333332	55.333332	92.333336	123.333336	137.33333	146.0	155.33333	162.33333	168.0	171.0	171.66667	167.0	163.33333	160.33333	156.66667	165.0	172.33333	181.33333	176.33333	165.66667	163.33333	164.33333	167.33333	173.66667	188.33333	198.0	198.66667	194.66667	188.0	181.0	171.66667	165.66667	159.33333	153.66667	145.33333	136.33333	
78.333336	73.0	86.333336	115.333336	134.66667	142.33333	152.66667	160.66667	165.0	167.66667	165.66667	163.0	162.0	158.33333	158.33333	166.0	172.0	173.0	173.0	166.66667	166.0	164.66667	163.33333	168.0	179.0	189.66667	193.66667	192.66667	188.33333	179.0	170.33333	164.66667	159.0	152.0	144.33333	138.0	
107.666664	105.666664	107.333336	114.0	129.0	140.33333	153.66667	160.66667	164.66667	167.33333	161.33333	155.0	153.0	153.0	155.66667	163.66667	163.66667	163.0	166.66667	161.33333	161.66667	163.66667	163.66667	166.33333	172.33333	179.0	184.0	188.0	187.66667	179.66667	172.0	164.0	158.0	152.0	144.0	138.0	
121.666664	120.0	122.333336	119.666664	123.666664	137.66667	150.0	157.66667	162.0	161.66667	155.66667	147.0	147.33333	148.66667	149.33333	148.33333	152.0	154.33333	154.33333	155.33333	152.33333	160.0	166.66667	170.33333	175.66667	176.33333	178.66667	183.33333	184.0	176.66667	168.33333	162.0	154.66667	149.33333	144.0	136.33333	
128.0	127.666664	130.66667	127.666664	120.333336	131.0	145.0	154.33333	158.33333	158.66667	156.0	146.0	142.33333	131.0	121.666664	118.0	124.333336	125.666664	124.666664	131.66667	129.33333	137.0	148.0	156.33333	170.33333	178.33333	179.0	181.0	181.0	175.66667	165.33333	159.33333	152.33333	147.66667	142.33333	133.0	
131.33333	131.66667	132.66667	132.66667	124.0	128.33333	140.0	151.0	155.66667	157.33333	152.0	126.333336	109.0	97.333336	96.666664	104.0	103.666664	102.0	99.666664	103.666664	104.333336	104.333336	104.333336	109.0	138.33333	171.0	180.33333	180.0	177.66667	173.0	162.33333	155.66667	151.33333	145.0	137.66667	130.33333	
131.66667	132.33333	133.66667	135.66667	126.666664	125.333336	136.33333	148.0	153.33333	159.33333	153.66667	109.0	83.0	93.666664	108.666664	121.333336	124.333336	121.333336	121.333336	118.333336	113.666664	108.0	103.333336	107.0	137.33333	168.0	178.66667	180.33333	176.66667	170.0	160.66667	154.66667	149.66667	141.0	132.66667	127.333336	
133.33333	134.0	135.33333	136.66667	132.0	121.0	131.0	143.0	150.33333	158.0	158.33333	128.0	108.333336	116.666664	127.666664	135.33333	144.66667	146.0	144.66667	137.33333	129.33333	122.333336	124.333336	137.0	161.0	172.33333	175.66667	176.0	172.0	166.66667	158.33333	151.66667	146.0	138.0	129.66667	121.0	
132.0	133.33333	135.0	134.66667	135.66667	123.666664	126.333336	137.33333	148.0	153.66667	157.0	138.33333	117.333336	116.0	116.333336	122.0	130.33333	133.33333	132.66667	128.66667	131.33333	137.66667	145.33333	155.0	171.0	175.66667	171.33333	168.0	165.0	159.0	152.66667	146.33333	142.0	133.0	123.333336	116.0	
127.0	129.0	130.66667	131.66667	135.33333	127.666664	120.333336	130.66667	140.0	147.0	154.0	148.33333	132.66667	123.0	118.0	115.333336	113.666664	114.0	120.666664	129.66667	141.33333	152.33333	158.33333	163.33333	168.66667	168.0	162.33333	160.66667	158.33333	151.33333	144.66667	138.33333	133.33333	126.0	117.666664	111.333336	
74.333336	82.333336	91.0	99.666664	107.666664	111.666664	110.333336	116.333336	125.0	135.33333	143.0	143.66667	137.66667	134.66667	132.33333	132.0	131.33333	129.0	134.0	140.66667	151.0	159.0	162.0	164.0	164.33333	162.0	157.66667	154.0	149.33333	145.33333	138.0	128.0	123.0	117.333336	112.0	105.0	
9.333333	11.666667	15.666667	21.0	26.333334	31.666666	45.333332	88.333336	114.0	123.666664	134.66667	139.66667	137.66667	139.66667	141.33333	146.0	154.33333	159.33333	162.0	165.0	165.0	162.33333	161.0	161.33333	162.33333	160.33333	156.33333	151.33333	145.66667	137.66667	127.666664	122.333336	116.666664	109.0	103.333336	102.666664	
2.3333333	2.3333333	2.3333333	2.3333333	2.0	2.6666667	7.0	42.666668	98.0	119.333336	131.33333	138.66667	139.0	138.66667	138.0	147.0	160.66667	167.66667	166.33333	172.0	172.0	165.66667	162.0	166.66667	163.33333	158.33333	155.33333	149.66667	139.33333	126.333336	120.0	115.333336	109.333336	101.0	100.0	111.666664	
1.6666666	1.3333334	2.0	1.6666666	2.6666667	2.0	3.0	11.333333	57.333332	109.333336	123.666664	134.66667	141.0	140.66667	139.33333	145.0	154.66667	159.0	154.33333	161.0	166.33333	164.66667	158.33333	165.33333	162.66667	156.66667	150.66667	142.0	130.33333	122.666664	114.0	104.666664	102.333336	99.333336	109.0	127.666664	
1.3333334	1.3333334	1.3333334	1.0	1.6666666	2.3333333	2.6666667	8.0	28.666666	81.666664	115.333336	135.0	143.0	144.0	142.33333	145.33333	149.66667	155.66667	155.0	163.33333	165.66667	159.0	151.66667	159.0	161.0	157.0	146.33333	135.33333	123.666664	116.0	105.0	99.666664	100.0	106.333336	126.666664	143.66667	
3.3333333	4.0	4.6666665	4.3333335	3.6666667	5.0	5.3333335	15.0	31.333334	57.666668	96.0	124.666664	138.33333	142.33333	138.66667	141.66667	147.0	152.0	153.0	156.0	155.66667	152.33333	156.0	160.33333	159.66667	152.66667	139.0	126.0	112.333336	102.0	97.666664	95.666664	102.333336	125.0	145.33333	154.33333	
16.0	15.666667	15.666667	16.0	14.666667	16.333334	17.333334	29.0	48.666668	62.333332	91.0	110.666664	126.666664	134.0	132.33333	137.0	139.33333	142.66667	144.0	142.33333	145.0	146.66667	152.66667	152.33333	149.66667	140.0	125.0	110.0	96.666664	89.333336	93.333336	100.666664	122.666664	147.66667	159.66667	163.0	
34.333332	23.333334	22.333334	22.666666	22.666666	22.0	23.0	34.333332	56.666668	67.666664	99.666664	113.666664	104.333336	116.0	123.0	127.0	127.0	126.333336	127.333336	131.0	137.66667	141.0	143.0	137.66667	129.0	119.666664	102.666664	89.666664	81.666664	84.666664	102.0	127.0	150.0	161.66667	166.0	166.0	
