89.0	77.666664	64.666664	56.0	54.333332	58.666668	103.666664	150.66667	174.66667	186.66667	185.0	188.66667	191.0	189.66667	189.0	187.33333	185.66667	181.0	176.0	170.66667	166.33333	166.0	162.66667	160.66667	157.66667	159.33333	159.33333	155.33333	151.66667	148.66667	145.0	137.66667	121.333336	91.333336	63.0	41.0	
86.333336	73.666664	62.333332	52.333332	52.333332	95.0	161.33333	181.66667	187.33333	191.66667	191.66667	193.33333	196.33333	196.0	194.66667	194.66667	190.33333	185.66667	180.33333	172.33333	166.66667	166.0	161.0	157.0	154.66667	156.66667	157.0	151.33333	151.0	152.0	147.0	139.0	127.0	106.333336	85.666664	69.0	
84.333336	73.666664	60.0	44.333332	76.666664	150.66667	183.33333	188.33333	189.33333	191.0	196.33333	200.33333	200.0	198.33333	196.0	197.33333	188.33333	181.66667	178.0	174.0	167.66667	165.33333	161.66667	156.33333	153.33333	154.0	155.33333	148.0	150.66667	155.0	150.33333	141.33333	129.66667	114.333336	98.333336	84.666664	
86.666664	68.0	54.0	52.666668	124.0	182.66667	188.0	188.33333	191.0	194.0	199.33333	204.33333	201.0	198.66667	200.0	199.0	194.0	187.0	180.0	172.66667	163.66667	161.0	159.0	154.66667	155.33333	157.0	155.33333	150.33333	155.0	157.66667	153.33333	145.33333	134.33333	120.333336	105.333336	89.0	
76.0	62.333332	47.0	77.333336	165.33333	190.0	190.66667	191.33333	196.33333	198.66667	202.33333	204.0	199.0	200.33333	205.0	200.33333	193.33333	189.0	184.0	174.66667	166.0	160.66667	158.0	158.33333	159.66667	159.66667	153.66667	150.33333	157.0	158.66667	153.66667	146.66667	138.66667	125.333336	114.0	101.333336	
65.333336	58.0	52.333332	120.333336	181.66667	190.66667	190.66667	194.0	198.0	200.0	201.66667	204.33333	202.0	204.66667	211.33333	203.66667	194.0	186.33333	178.33333	171.66667	168.0	161.33333	160.0	163.0	163.66667	161.33333	155.0	152.0	155.66667	157.0	151.33333	145.0	140.33333	129.0	119.0	109.333336	
56.333332	49.666668	77.333336	157.33333	185.66667	191.66667	193.66667	197.0	200.0	203.33333	205.33333	207.66667	206.66667	210.0	215.0	208.33333	197.66667	189.66667	178.66667	171.66667	172.66667	172.0	168.66667	168.66667	169.0	164.66667	158.66667	157.0	153.66667	155.0	152.0	144.66667	138.66667	129.66667	117.0	106.666664	
58.0	60.0	109.0	170.66667	186.33333	189.66667	197.0	197.66667	199.0	203.0	206.66667	212.66667	212.33333	213.0	217.0	215.66667	203.66667	194.66667	182.66667	175.0	178.66667	179.0	175.0	174.0	173.0	165.66667	160.0	159.0	157.33333	156.0	152.66667	144.33333	135.0	124.0	114.666664	104.0	
64.333336	78.333336	140.66667	174.0	186.0	193.0	195.33333	197.66667	197.33333	198.33333	206.0	213.66667	211.66667	212.66667	214.66667	216.66667	209.0	200.0	189.33333	187.0	186.66667	186.33333	185.33333	180.33333	175.66667	169.66667	164.0	161.33333	161.0	154.0	149.33333	143.33333	137.33333	127.0	119.666664	112.0	
57.333332	95.0	161.0	180.33333	187.66667	194.0	195.0	195.66667	200.33333	200.33333	203.33333	207.66667	208.66667	210.0	211.66667	216.0	215.33333	209.33333	204.0	200.0	191.0	184.0	186.66667	183.33333	177.0	172.66667	164.66667	159.33333	157.0	149.0	144.33333	142.0	138.66667	129.33333	123.0	118.666664	
66.333336	126.0	170.0	182.66667	190.33333	194.33333	194.0	193.33333	198.0	197.66667	195.0	193.66667	197.33333	202.33333	210.33333	217.33333	216.33333	210.0	203.33333	191.66667	178.0	170.66667	173.33333	175.0	171.33333	167.33333	160.33333	152.33333	151.33333	152.33333	146.33333	142.0	137.66667	133.33333	128.0	120.666664	
87.666664	153.0	179.0	186.66667	193.0	196.66667	196.0	197.66667	201.0	196.33333	191.66667	188.66667	191.33333	198.0	203.0	205.0	202.0	195.66667	188.66667	177.33333	168.66667	162.66667	165.66667	166.0	166.66667	164.33333	160.0	153.66667	148.66667	151.66667	144.0	138.66667	139.33333	137.33333	131.33333	116.333336	
116.666664	172.66667	187.0	190.66667	193.66667	198.33333	199.33333	198.66667	198.33333	194.0	192.33333	196.0	197.0	195.0	192.66667	187.0	176.0	164.33333	159.0	162.33333	176.66667	182.66667	178.33333	170.33333	168.33333	164.0	159.66667	160.33333	158.0	154.0	142.0	138.33333	142.0	140.0	131.33333	111.0	
136.0	178.66667	192.0	190.33333	193.66667	194.33333	195.0	197.33333	195.33333	194.66667	197.0	202.0	202.33333	195.0	190.0	180.0	169.0	164.33333	170.33333	183.66667	198.66667	200.66667	194.33333	181.0	168.66667	160.0	154.0	157.33333	159.33333	151.66667	141.33333	137.0	139.0	135.66667	124.333336	106.666664	
153.66667	182.66667	186.0	179.33333	182.33333	180.66667	184.66667	190.0	193.66667	201.0	202.0	202.33333	204.0	193.0	184.33333	181.0	181.33333	185.0	195.66667	207.66667	211.33333	205.33333	197.0	180.33333	160.0	155.0	151.0	144.66667	149.33333	148.33333	142.0	137.33333	135.33333	131.66667	125.333336	116.333336	
163.33333	183.0	177.33333	166.0	157.33333	156.66667	172.33333	180.0	189.66667	201.0	202.33333	198.0	197.33333	186.0	174.66667	179.0	188.66667	197.33333	199.0	195.33333	192.66667	182.66667	176.66667	171.0	155.0	165.33333	186.66667	156.33333	153.66667	163.33333	163.0	146.33333	126.0	116.333336	105.666664	91.0	
167.0	179.0	174.66667	172.0	169.0	174.0	184.66667	182.0	186.66667	187.66667	190.66667	192.33333	184.33333	168.66667	168.66667	177.66667	189.0	185.33333	168.33333	157.0	146.33333	138.66667	143.66667	147.33333	137.66667	134.0	160.33333	145.0	137.0	143.0	143.0	136.0	126.0	118.333336	101.0	87.333336	
163.66667	181.66667	191.33333	194.0	199.0	214.66667	221.66667	205.66667	184.0	176.33333	182.0	187.0	184.0	170.0	172.0	176.0	167.66667	151.33333	145.33333	147.33333	137.33333	126.333336	116.666664	114.666664	112.333336	110.666664	121.0	127.0	132.66667	142.0	148.66667	148.0	137.66667	126.666664	106.0	90.0	
162.0	180.0	197.66667	195.33333	191.33333	200.66667	208.33333	203.0	187.33333	188.66667	197.0	206.66667	198.0	175.0	168.33333	157.66667	142.33333	127.0	107.333336	98.333336	113.0	109.666664	102.666664	107.333336	110.666664	111.333336	112.0	126.666664	152.0	162.66667	166.66667	160.66667	149.0	130.0	107.666664	94.666664	
163.0	174.0	185.66667	180.66667	168.33333	165.66667	169.33333	167.33333	161.33333	166.66667	170.66667	187.33333	182.66667	162.66667	154.0	152.33333	138.33333	109.666664	80.0	75.333336	131.33333	152.66667	142.66667	147.66667	158.66667	154.0	144.33333	139.33333	158.0	163.33333	160.66667	151.66667	142.33333	125.333336	108.666664	95.666664	
159.66667	168.33333	170.66667	158.33333	157.0	163.33333	161.0	153.0	149.66667	144.66667	144.33333	158.0	167.0	156.33333	147.33333	161.33333	163.66667	149.33333	153.33333	159.66667	185.0	191.66667	181.66667	178.33333	181.0	175.0	169.33333	161.66667	169.66667	163.66667	147.66667	134.0	121.666664	110.666664	103.333336	91.333336	
146.66667	156.0	146.0	139.66667	135.33333	131.0	137.66667	137.66667	133.66667	140.0	148.66667	154.33333	175.0	167.0	148.66667	164.0	191.0	187.0	189.0	194.33333	197.33333	193.0	181.66667	179.0	184.0	182.0	184.0	174.0	176.33333	168.0	145.0	123.0	106.666664	98.666664	98.333336	90.0	
122.0	146.33333	126.333336	105.666664	80.333336	69.333336	117.333336	152.66667	149.33333	141.33333	137.33333	163.66667	201.66667	187.66667	153.33333	151.0	191.66667	204.0	194.0	183.33333	182.33333	181.33333	170.0	169.66667	183.33333	194.0	196.0	180.33333	174.33333	162.33333	141.33333	123.333336	108.333336	98.666664	94.666664	87.666664	
107.333336	148.33333	133.0	119.333336	116.333336	109.333336	152.0	189.33333	192.33333	173.66667	158.66667	170.0	199.66667	192.33333	161.33333	152.0	182.66667	207.66667	203.0	198.66667	192.66667	183.33333	177.66667	182.0	198.33333	204.0	194.66667	174.0	167.33333	155.66667	138.66667	124.0	108.666664	97.666664	91.666664	86.0	
100.0	153.0	153.0	156.33333	174.33333	181.66667	189.0	191.33333	192.66667	186.0	188.66667	188.0	200.66667	197.33333	172.66667	161.0	179.0	206.0	204.33333	212.66667	212.66667	210.33333	211.66667	211.0	209.0	200.0	183.66667	166.0	158.0	146.66667	130.33333	120.0	107.333336	101.0	95.333336	85.666664	
95.0	154.33333	172.33333	182.0	187.33333	188.66667	187.33333	183.0	194.0	191.33333	192.0	196.66667	201.33333	196.66667	181.0	168.0	172.33333	196.0	213.0	218.33333	224.0	224.0	221.33333	212.66667	199.0	185.0	172.66667	162.66667	150.33333	134.66667	122.0	115.333336	105.333336	100.333336	95.0	85.0	
87.333336	142.33333	178.66667	192.33333	194.33333	189.0	186.0	191.0	195.33333	185.33333	185.66667	198.0	205.0	194.33333	177.0	165.0	159.33333	164.33333	194.33333	213.66667	214.0	209.33333	196.0	185.0	169.33333	156.66667	151.0	144.66667	132.0	122.666664	120.666664	116.0	104.666664	99.333336	96.0	90.666664	
81.0	129.33333	183.33333	197.66667	193.33333	186.33333	188.66667	196.66667	194.0	165.66667	176.0	201.66667	211.66667	193.0	168.66667	159.66667	161.0	152.0	146.33333	170.33333	185.33333	187.33333	176.66667	169.66667	158.0	145.66667	139.33333	131.0	121.0	119.333336	121.666664	119.333336	112.666664	106.333336	102.666664	98.666664	
82.333336	125.333336	187.0	200.33333	195.0	194.66667	195.33333	188.33333	167.33333	139.33333	168.0	204.66667	211.66667	190.0	171.33333	175.0	178.33333	170.0	146.66667	152.0	182.66667	201.33333	202.0	193.33333	180.66667	169.0	159.66667	149.33333	138.66667	133.66667	130.33333	129.0	122.333336	114.0	107.333336	103.666664	
118.333336	131.66667	182.66667	195.33333	193.33333	193.0	177.66667	156.33333	136.0	135.0	171.66667	197.0	195.33333	177.33333	170.66667	188.33333	188.33333	167.0	137.66667	123.666664	163.66667	189.0	192.33333	186.0	176.0	168.33333	161.33333	153.66667	146.33333	140.0	136.66667	135.0	129.0	118.333336	109.666664	105.333336	
150.0	146.0	158.33333	171.33333	171.33333	162.33333	151.0	152.33333	155.33333	169.66667	184.33333	178.0	172.0	150.33333	126.0	112.666664	128.66667	139.66667	116.666664	107.0	153.0	176.33333	183.33333	182.33333	173.0	165.66667	161.33333	154.33333	148.66667	143.66667	141.0	137.66667	131.0	120.333336	111.0	104.666664	
139.0	141.0	145.66667	147.33333	151.0	157.66667	173.0	185.66667	179.33333	177.0	158.0	127.0	129.66667	121.0	92.666664	52.666668	59.333332	96.333336	99.333336	113.666664	164.33333	172.33333	172.0	175.66667	172.0	165.0	159.0	152.0	147.66667	144.0	142.0	139.33333	134.0	124.0	112.333336	105.666664	
139.66667	140.0	140.0	139.0	153.0	175.33333	189.33333	191.66667	179.33333	161.33333	125.333336	80.0	90.333336	103.0	89.666664	92.666664	111.666664	127.0	127.0	150.33333	186.0	185.0	171.0	170.0	168.66667	164.33333	155.66667	149.33333	146.33333	143.66667	142.33333	139.0	133.66667	122.0	110.333336	104.333336	
138.0	140.66667	143.66667	146.0	163.66667	181.66667	186.66667	185.0	176.33333	171.0	157.0	123.666664	139.0	149.33333	131.0	156.66667	184.0	195.66667	195.33333	196.66667	197.0	197.0	180.66667	170.0	167.33333	165.0	156.66667	150.0	148.33333	148.0	145.0	138.66667	131.33333	121.333336	111.333336	103.0	
138.66667	139.66667	143.66667	148.0	166.66667	178.33333	179.66667	179.33333	176.0	179.0	190.33333	180.0	188.0	197.33333	186.33333	195.33333	201.0	204.0	204.0	198.33333	193.33333	190.0	184.66667	172.0	164.33333	164.66667	160.33333	153.33333	151.0	150.66667	147.0	137.0	129.0	122.666664	113.333336	102.666664	
139.66667	140.0	141.33333	144.33333	163.0	175.0	178.0	178.33333	172.0	176.66667	191.33333	196.33333	196.33333	199.66667	199.0	201.33333	200.33333	197.33333	196.33333	194.33333	188.0	182.0	187.0	180.0	163.0	158.66667	160.0	157.33333	153.33333	148.0	141.66667	133.0	126.666664	122.0	112.333336	99.0	
138.0	137.66667	140.0	140.33333	157.33333	172.66667	177.0	173.0	166.33333	175.66667	190.33333	195.0	197.0	201.33333	200.0	196.33333	189.0	189.66667	187.33333	184.0	177.66667	175.33333	185.33333	181.0	166.33333	161.0	166.33333	163.33333	152.0	140.66667	132.0	127.666664	125.0	120.666664	108.666664	94.333336	
137.0	136.33333	139.66667	138.66667	150.33333	168.0	171.66667	166.33333	160.66667	175.33333	188.0	193.33333	188.33333	180.0	173.33333	156.66667	138.33333	138.66667	137.33333	138.0	135.0	139.33333	154.0	161.0	155.33333	165.33333	177.66667	170.0	150.66667	136.0	126.666664	125.666664	125.666664	119.0	105.666664	90.333336	
137.33333	137.0	139.0	139.33333	145.33333	164.66667	168.0	160.33333	154.66667	173.66667	183.66667	181.66667	156.66667	130.33333	125.333336	119.333336	105.333336	101.333336	101.0	98.666664	94.333336	101.333336	121.666664	132.33333	141.66667	167.33333	182.66667	171.66667	149.33333	130.66667	117.666664	122.0	122.666664	111.666664	99.0	86.666664	
137.33333	137.33333	139.33333	141.33333	143.33333	160.66667	166.33333	158.0	155.33333	172.33333	169.66667	140.33333	115.333336	116.666664	120.0	122.666664	133.66667	146.33333	143.33333	134.33333	133.33333	144.0	162.66667	161.66667	155.66667	163.66667	172.0	162.33333	142.33333	124.0	114.666664	119.0	115.666664	103.333336	93.666664	84.333336	
137.66667	138.0	139.33333	140.33333	140.66667	154.66667	164.66667	164.33333	166.0	167.33333	145.66667	119.333336	119.666664	149.33333	163.33333	163.66667	165.0	156.66667	140.33333	133.0	141.33333	156.0	165.33333	160.66667	151.33333	149.0	151.33333	145.0	128.66667	111.333336	107.666664	112.666664	108.0	96.0	88.333336	81.0	
139.66667	140.66667	140.0	141.66667	139.33333	147.33333	160.0	164.33333	174.0	174.0	149.0	146.0	152.66667	151.33333	155.66667	157.33333	148.33333	133.0	120.0	123.666664	142.66667	154.66667	159.33333	157.66667	159.0	159.66667	154.33333	142.33333	119.333336	100.0	99.0	106.0	99.666664	87.666664	82.333336	76.666664	
139.33333	140.0	139.0	141.33333	142.33333	140.0	150.0	157.33333	172.33333	181.0	165.66667	163.33333	165.66667	153.66667	138.66667	128.0	113.666664	101.666664	105.666664	123.0	146.0	161.0	168.0	170.0	169.0	163.33333	148.66667	131.0	111.333336	93.666664	95.0	99.666664	89.666664	81.666664	78.666664	73.333336	
138.66667	139.66667	138.66667	139.66667	142.66667	140.33333	140.0	151.33333	163.0	166.66667	162.0	164.66667	168.66667	159.66667	143.33333	122.333336	106.666664	111.333336	130.0	144.0	163.66667	178.33333	182.0	179.33333	168.66667	155.0	137.0	117.333336	103.666664	93.0	90.0	90.0	85.333336	80.0	76.333336	72.333336	
139.66667	138.66667	138.0	139.66667	142.66667	142.0	133.0	138.33333	149.66667	144.66667	148.0	169.0	179.0	180.33333	178.0	167.66667	158.33333	158.0	160.33333	164.66667	176.33333	186.0	182.66667	174.33333	159.66667	140.33333	118.666664	99.666664	90.0	85.666664	81.0	78.333336	77.666664	76.0	76.333336	76.0	
140.66667	138.33333	137.66667	140.0	141.33333	141.33333	133.33333	129.33333	134.0	135.0	131.0	158.33333	182.0	187.66667	189.66667	182.33333	177.0	176.66667	171.0	175.33333	181.0	181.0	174.33333	162.66667	144.66667	120.666664	98.333336	85.0	79.333336	76.666664	73.0	74.333336	77.333336	75.333336	77.333336	79.0	
141.0	138.0	137.66667	139.33333	141.33333	141.0	138.33333	129.33333	121.333336	126.0	124.333336	140.0	171.66667	183.0	184.66667	179.33333	172.0	169.0	166.0	172.0	172.0	168.33333	159.0	146.0	124.666664	100.333336	84.333336	80.0	78.333336	74.666664	72.666664	75.0	78.666664	78.0	78.0	78.0	
140.0	138.33333	138.0	139.0	140.66667	143.33333	140.33333	133.66667	122.333336	115.333336	117.666664	126.333336	153.33333	174.66667	176.0	172.0	162.33333	153.0	151.66667	155.66667	156.0	152.66667	141.33333	124.333336	103.666664	86.333336	76.666664	76.666664	77.0	77.0	79.0	79.666664	81.0	82.0	80.0	79.0	
137.66667	137.0	137.33333	137.66667	138.66667	141.66667	140.66667	134.0	125.666664	114.0	110.0	123.333336	125.333336	147.66667	156.0	151.66667	146.66667	139.33333	139.33333	144.0	138.0	124.333336	112.666664	99.0	86.666664	81.666664	78.333336	77.333336	77.666664	80.0	83.0	85.666664	86.333336	85.0	82.666664	80.333336	
