155.33333	139.66667	133.0	145.66667	156.66667	159.33333	165.66667	168.33333	168.66667	168.66667	166.66667	168.33333	171.33333	178.33333	180.33333	179.0	181.33333	179.33333	180.0	178.33333	173.0	170.66667	172.0	173.0	166.0	152.33333	137.66667	129.0	128.33333	133.66667	139.66667	140.0	137.66667	133.0	133.0	131.66667	
169.0	149.66667	141.33333	153.66667	160.0	160.0	165.66667	167.0	168.33333	167.66667	165.33333	166.0	168.0	175.33333	180.33333	180.0	181.66667	178.66667	180.66667	176.66667	172.66667	170.33333	167.66667	170.66667	169.66667	160.66667	148.33333	138.66667	134.0	133.33333	136.0	141.0	143.0	136.33333	132.33333	135.33333	
172.0	165.0	160.0	162.66667	161.66667	161.66667	164.66667	165.0	165.33333	164.66667	162.33333	162.0	163.0	165.66667	168.0	170.33333	172.33333	171.0	174.66667	172.0	171.33333	171.33333	168.66667	170.33333	169.33333	164.33333	156.0	148.66667	143.0	139.66667	140.0	145.66667	146.0	138.33333	135.0	138.33333	
177.0	171.33333	164.33333	163.0	163.33333	162.0	161.33333	160.66667	160.0	159.66667	160.66667	163.33333	164.33333	164.66667	163.66667	165.0	166.66667	166.33333	168.66667	170.33333	172.0	173.66667	172.0	171.0	167.33333	163.33333	157.33333	154.33333	152.0	151.0	150.66667	150.33333	146.66667	141.66667	144.66667	145.33333	
175.66667	168.33333	162.0	159.66667	163.66667	167.66667	167.33333	164.33333	164.33333	160.66667	159.66667	161.66667	162.33333	165.66667	169.33333	169.66667	170.66667	170.0	171.33333	175.33333	177.33333	175.66667	170.33333	169.33333	167.33333	162.33333	159.33333	158.66667	157.33333	157.0	156.33333	154.33333	149.33333	142.0	143.0	147.66667	
169.0	163.66667	163.33333	162.33333	165.66667	169.66667	166.33333	162.33333	163.0	164.0	163.66667	162.66667	163.0	165.0	167.33333	169.0	170.0	171.66667	174.0	174.66667	173.0	171.0	163.66667	163.0	164.0	159.66667	159.66667	161.33333	159.0	157.66667	155.0	151.66667	150.33333	143.66667	141.66667	141.66667	
158.0	153.33333	160.66667	160.66667	162.66667	167.0	165.33333	163.33333	164.33333	165.66667	164.33333	165.33333	167.33333	166.0	163.66667	166.33333	168.66667	170.33333	173.0	171.66667	171.33333	172.66667	170.66667	170.66667	171.0	169.33333	166.66667	164.33333	161.0	158.33333	155.66667	153.33333	148.33333	142.33333	138.33333	134.0	
145.0	145.66667	155.33333	157.33333	159.0	166.33333	170.0	172.33333	172.66667	172.66667	172.66667	172.66667	173.0	171.33333	169.66667	170.0	170.33333	171.0	172.66667	173.33333	175.33333	176.66667	174.33333	172.0	168.66667	165.33333	162.0	160.33333	158.0	157.0	154.66667	152.66667	152.66667	149.66667	142.0	135.33333	
138.66667	147.33333	156.66667	158.0	159.0	166.0	169.33333	172.33333	173.0	172.66667	172.66667	172.66667	173.0	174.0	174.66667	174.66667	174.66667	175.33333	177.33333	177.33333	176.66667	175.33333	171.0	168.66667	165.66667	162.0	160.0	158.66667	158.0	157.33333	156.33333	154.0	155.66667	157.33333	152.66667	145.66667	
139.66667	149.0	157.66667	158.33333	158.33333	166.66667	170.66667	173.0	173.66667	172.33333	172.33333	172.66667	172.66667	174.33333	175.0	174.66667	174.33333	174.66667	175.66667	175.0	172.33333	171.33333	169.66667	168.33333	166.33333	164.66667	165.66667	165.33333	162.0	159.0	158.66667	156.66667	155.33333	156.0	153.33333	152.0	
151.33333	152.0	158.33333	159.0	159.33333	166.33333	170.66667	172.33333	172.33333	171.0	170.33333	170.66667	170.66667	170.66667	171.66667	171.66667	172.0	171.33333	171.33333	171.0	170.33333	170.33333	168.33333	166.66667	165.33333	164.66667	164.66667	162.66667	161.0	159.66667	159.66667	158.33333	156.33333	157.0	154.0	153.33333	
155.33333	153.33333	158.0	160.0	160.0	164.33333	164.0	160.66667	154.66667	153.0	151.66667	152.0	154.66667	157.66667	160.66667	162.33333	162.33333	164.33333	163.33333	163.66667	162.0	163.66667	164.0	161.0	158.0	156.33333	156.0	155.66667	152.66667	149.66667	149.66667	154.33333	157.0	156.66667	152.0	150.33333	
155.0	154.33333	154.33333	151.66667	149.33333	148.0	144.33333	135.0	125.666664	119.333336	115.333336	118.0	126.0	137.66667	148.33333	150.0	148.66667	152.0	156.66667	157.33333	153.66667	153.0	149.0	141.66667	133.33333	128.66667	128.33333	130.66667	131.66667	133.0	134.66667	139.33333	144.0	146.33333	148.0	148.33333	
150.0	152.0	146.33333	138.66667	133.66667	131.0	128.66667	122.333336	115.666664	107.666664	100.333336	95.666664	96.0	108.0	126.0	133.0	136.33333	142.0	148.0	146.0	141.0	134.0	120.666664	108.666664	102.0	106.0	111.666664	116.0	121.666664	127.333336	130.33333	128.0	127.333336	133.0	141.0	147.0	
146.0	148.33333	138.33333	129.0	127.0	134.66667	141.33333	146.66667	149.33333	142.0	130.0	116.333336	101.333336	92.666664	99.666664	116.666664	130.0	138.0	134.66667	129.0	119.666664	106.0	101.666664	108.333336	119.0	129.0	139.66667	146.0	147.33333	147.66667	145.66667	137.0	127.0	127.666664	137.66667	146.33333	
146.0	146.33333	137.66667	128.33333	124.333336	136.0	142.66667	144.0	138.33333	139.66667	137.0	130.0	121.333336	107.0	97.666664	114.0	137.66667	145.66667	139.66667	130.33333	109.0	90.333336	100.666664	114.333336	121.0	121.0	128.33333	137.0	145.0	151.33333	150.0	147.66667	137.0	134.0	139.66667	146.0	
141.0	144.33333	141.33333	129.0	116.0	105.333336	93.666664	75.0	60.666668	90.333336	125.333336	119.333336	104.333336	110.666664	108.333336	122.333336	157.66667	164.0	161.0	148.0	116.0	92.666664	92.666664	86.333336	69.333336	64.666664	85.666664	107.333336	111.0	110.333336	119.666664	135.33333	139.0	141.33333	142.66667	147.0	
141.0	144.0	145.33333	133.33333	115.666664	97.333336	96.333336	86.666664	69.666664	98.333336	157.0	156.66667	118.666664	117.666664	124.333336	138.33333	167.0	175.33333	169.0	152.66667	133.66667	128.0	110.666664	96.0	78.333336	63.666668	86.333336	124.333336	127.666664	112.333336	110.0	121.0	130.33333	138.33333	144.66667	148.33333	
143.0	146.0	150.33333	147.33333	138.33333	140.0	147.66667	143.66667	131.0	141.33333	165.66667	161.0	143.0	143.66667	154.0	161.0	172.33333	179.66667	172.66667	155.66667	148.66667	154.33333	140.33333	123.333336	120.0	119.333336	131.0	146.66667	148.66667	148.66667	148.0	149.33333	144.66667	143.0	144.66667	148.0	
143.33333	148.0	157.33333	161.33333	159.33333	159.33333	164.33333	161.33333	152.66667	149.66667	143.33333	133.66667	135.33333	149.33333	164.66667	165.66667	172.66667	174.0	168.0	158.0	153.33333	152.66667	141.33333	127.0	121.666664	128.66667	142.33333	151.66667	154.33333	159.33333	163.66667	163.0	159.33333	155.0	151.66667	149.33333	
138.33333	150.33333	164.66667	171.66667	168.0	164.66667	162.33333	157.33333	149.66667	144.33333	135.33333	130.0	142.66667	161.66667	170.66667	164.66667	169.33333	173.0	165.33333	156.33333	153.66667	154.66667	143.66667	130.66667	125.0	129.0	141.0	148.0	150.66667	155.0	156.33333	155.66667	156.0	156.0	155.33333	153.0	
134.66667	147.66667	163.66667	175.0	173.66667	165.0	155.0	145.33333	136.33333	134.0	133.66667	141.33333	158.33333	172.33333	170.66667	160.0	165.66667	171.0	164.0	156.66667	154.33333	158.0	156.66667	147.66667	136.33333	129.66667	129.33333	131.66667	133.33333	136.33333	140.33333	146.0	152.66667	157.0	156.66667	152.66667	
133.66667	145.0	160.0	173.0	176.33333	172.0	158.66667	146.0	141.66667	143.33333	148.66667	159.33333	170.0	174.0	167.0	157.0	164.66667	167.0	162.33333	155.66667	153.0	156.0	160.66667	163.66667	159.0	145.33333	136.0	133.0	133.66667	136.66667	140.66667	146.66667	153.33333	156.0	154.33333	150.66667	
132.66667	142.66667	156.66667	168.33333	173.66667	174.0	172.33333	166.66667	161.0	160.66667	167.66667	175.33333	176.0	170.33333	160.66667	156.0	167.0	165.66667	161.66667	153.33333	148.66667	152.0	156.66667	163.0	166.33333	161.33333	156.0	153.0	152.33333	154.33333	155.66667	156.66667	154.66667	152.33333	150.33333	148.66667	
131.33333	140.66667	151.33333	160.33333	168.33333	169.0	172.0	175.0	174.66667	178.0	181.33333	181.0	177.0	166.0	155.66667	159.0	168.66667	166.66667	162.66667	151.66667	145.66667	149.33333	154.66667	159.0	161.33333	159.66667	158.33333	158.33333	156.0	155.66667	157.0	157.33333	155.66667	150.66667	146.33333	143.0	
131.33333	142.0	150.0	155.33333	162.66667	166.33333	170.66667	176.66667	180.66667	182.66667	183.0	179.33333	171.33333	159.0	154.33333	164.66667	170.33333	166.66667	160.66667	151.0	145.33333	145.66667	146.0	150.66667	157.0	158.33333	158.0	157.0	156.0	155.66667	156.0	156.0	154.66667	150.33333	145.33333	141.33333	
118.333336	143.0	150.0	153.66667	160.33333	165.33333	170.33333	177.33333	182.66667	182.33333	179.33333	173.0	162.0	153.0	156.66667	169.33333	171.66667	167.66667	164.66667	155.33333	147.66667	146.33333	140.0	140.33333	145.33333	151.66667	154.0	155.66667	156.66667	156.66667	155.66667	156.0	152.33333	148.0	144.33333	141.0	
98.666664	141.66667	152.33333	156.0	162.0	167.66667	172.0	177.0	181.33333	179.0	172.66667	162.33333	155.33333	151.33333	157.66667	170.33333	170.33333	168.66667	168.0	159.0	149.66667	146.66667	143.66667	134.66667	131.33333	139.33333	147.66667	152.66667	156.33333	156.0	155.0	154.33333	149.66667	145.66667	143.66667	141.33333	
82.0	136.66667	152.0	159.0	165.33333	168.0	172.33333	176.66667	177.33333	172.33333	162.66667	150.33333	144.0	141.0	144.66667	157.66667	157.66667	156.33333	157.0	150.0	146.0	142.66667	146.66667	136.33333	124.666664	127.666664	137.0	145.33333	153.0	155.33333	153.66667	151.66667	147.33333	144.0	145.33333	143.33333	
73.0	130.33333	150.33333	158.33333	163.0	165.66667	170.0	172.66667	169.66667	160.33333	149.66667	143.66667	139.33333	130.0	122.333336	127.666664	132.33333	131.66667	136.0	134.33333	127.333336	120.0	127.0	138.66667	131.66667	121.333336	125.333336	135.66667	147.0	151.66667	150.66667	149.0	146.0	143.66667	145.33333	143.0	
66.0	122.333336	146.66667	155.33333	161.33333	166.66667	167.66667	166.33333	161.33333	152.0	144.0	151.66667	158.0	141.33333	108.333336	93.0	97.0	100.666664	107.333336	111.666664	105.666664	106.0	124.333336	146.66667	148.66667	130.66667	123.666664	130.33333	139.0	144.66667	145.0	146.0	144.66667	142.0	142.66667	139.0	
57.333332	115.0	143.33333	151.66667	159.66667	166.66667	164.33333	161.66667	157.0	150.66667	149.33333	161.33333	169.66667	162.0	135.66667	107.0	90.333336	79.666664	78.333336	96.333336	121.0	142.33333	153.66667	156.66667	156.66667	147.0	132.66667	129.0	134.33333	137.0	139.66667	143.33333	144.0	142.66667	140.66667	136.33333	
51.0	110.0	143.33333	150.66667	159.0	161.33333	158.66667	156.33333	154.66667	157.0	161.66667	168.0	169.66667	166.0	159.66667	148.0	124.333336	103.0	96.0	115.0	143.33333	157.0	160.66667	158.66667	153.66667	150.33333	142.33333	134.33333	133.66667	135.33333	137.0	140.33333	143.0	142.66667	139.66667	135.0	
45.333332	100.333336	140.66667	149.0	156.33333	158.0	156.0	156.33333	157.0	160.33333	163.66667	169.66667	172.33333	166.66667	165.66667	165.0	157.66667	147.33333	143.66667	149.66667	156.66667	158.0	160.0	159.33333	155.66667	153.0	150.0	140.33333	136.66667	141.0	140.0	140.33333	142.66667	141.0	137.66667	133.0	
37.666668	84.0	129.33333	143.0	153.33333	157.33333	158.66667	158.33333	157.66667	159.66667	160.66667	164.0	166.0	165.33333	166.0	164.0	162.0	164.33333	169.0	166.33333	162.33333	159.0	157.0	156.33333	154.0	152.0	151.0	147.0	142.0	143.0	146.0	146.0	144.33333	140.66667	136.33333	130.66667	
30.0	66.666664	116.666664	137.66667	151.33333	157.66667	160.33333	159.66667	158.33333	158.66667	158.66667	153.33333	150.66667	149.66667	146.33333	144.0	144.0	148.33333	151.0	146.66667	140.33333	135.0	134.33333	140.33333	145.66667	142.66667	144.33333	147.66667	146.0	145.66667	147.66667	146.0	143.0	139.66667	136.33333	127.666664	
22.666666	49.333332	103.666664	131.0	146.0	156.66667	161.33333	162.33333	159.33333	154.66667	146.33333	128.33333	115.666664	114.333336	111.666664	110.333336	108.666664	107.333336	105.333336	107.0	104.666664	100.0	99.333336	102.0	109.333336	114.666664	130.66667	145.0	146.0	146.33333	150.0	147.33333	139.33333	133.0	130.33333	124.666664	
19.333334	32.0	83.333336	121.666664	137.33333	151.33333	156.66667	160.66667	161.33333	155.33333	140.0	126.666664	129.0	136.0	140.66667	142.0	134.33333	125.666664	123.666664	118.666664	116.0	117.0	125.0	126.666664	129.33333	127.0	132.0	142.33333	147.33333	148.66667	149.66667	144.0	135.33333	127.0	123.0	118.333336	
17.333334	18.333334	55.333332	102.333336	127.666664	142.66667	150.33333	157.33333	160.66667	159.33333	155.33333	156.33333	158.33333	155.66667	153.66667	155.0	150.0	147.33333	151.66667	147.0	144.33333	145.66667	148.0	149.0	152.66667	148.66667	142.0	143.0	146.33333	148.0	147.0	141.66667	135.0	126.666664	121.0	113.666664	
17.666666	13.666667	31.666666	76.666664	114.666664	134.0	146.66667	151.0	152.66667	154.66667	159.0	163.33333	160.66667	152.0	142.66667	135.33333	126.0	123.0	127.333336	130.33333	135.33333	142.0	148.0	152.33333	154.33333	153.0	148.66667	144.33333	144.33333	145.0	143.33333	140.0	135.33333	126.333336	117.666664	107.0	
18.0	16.333334	23.333334	51.666668	92.666664	122.666664	142.33333	145.33333	146.33333	152.66667	160.0	161.33333	156.66667	154.33333	151.66667	143.0	131.33333	122.0	118.0	118.666664	125.0	136.66667	145.33333	150.0	149.33333	149.66667	149.0	145.66667	142.0	141.66667	141.66667	138.33333	133.66667	121.666664	108.333336	95.333336	
18.0	20.0	27.333334	37.0	65.666664	104.333336	134.66667	142.66667	143.33333	148.0	157.33333	158.66667	154.66667	154.33333	155.66667	154.33333	145.66667	135.66667	130.66667	128.0	134.66667	146.0	149.0	150.33333	149.66667	148.66667	148.66667	144.0	138.33333	135.0	135.66667	134.66667	128.0	113.0	97.666664	85.333336	
37.0	37.333332	37.0	32.333332	38.333332	73.666664	119.0	137.0	139.33333	142.0	152.33333	157.33333	158.0	157.33333	156.66667	160.33333	157.33333	151.0	148.0	146.66667	149.0	152.66667	153.0	152.66667	153.33333	153.33333	152.0	146.0	137.33333	131.33333	131.0	130.0	116.666664	100.333336	88.333336	85.0	
60.333332	50.0	35.666668	28.666666	25.0	39.666668	85.666664	121.0	131.33333	142.33333	153.66667	160.33333	162.33333	163.0	163.0	166.33333	165.33333	161.66667	161.66667	163.0	162.33333	159.0	156.33333	156.0	155.66667	155.33333	154.0	149.33333	140.0	131.66667	127.333336	120.0	104.0	87.666664	81.0	90.0	
44.0	36.333332	29.333334	28.333334	25.0	23.0	67.0	126.666664	120.0	136.0	149.33333	156.33333	160.0	163.0	164.66667	164.66667	162.66667	160.0	162.0	164.0	162.33333	159.33333	158.66667	158.0	156.33333	153.66667	148.0	141.66667	132.0	120.333336	110.0	101.666664	91.0	82.666664	83.666664	110.666664	
32.0	30.0	29.0	27.666666	25.666666	23.0	83.0	168.33333	126.0	115.0	131.66667	144.66667	153.66667	159.0	160.66667	160.33333	159.33333	160.33333	160.66667	159.33333	157.33333	155.0	155.0	154.33333	153.33333	151.0	140.66667	129.66667	118.333336	104.666664	92.666664	84.666664	83.666664	85.333336	97.0	146.66667	
32.0	27.333334	26.333334	24.333334	21.666666	20.333334	79.0	187.66667	160.0	101.666664	108.0	129.0	145.66667	153.66667	157.0	156.0	156.33333	157.0	154.0	149.66667	147.66667	147.0	146.66667	145.0	146.33333	142.33333	128.66667	113.666664	99.0	89.333336	84.333336	81.0	83.666664	91.333336	119.666664	187.66667	
32.0	27.333334	25.666666	24.0	22.0	21.0	64.333336	181.33333	196.0	133.0	95.0	108.0	127.333336	137.33333	141.66667	140.33333	141.66667	142.33333	139.66667	136.0	133.66667	132.33333	135.66667	137.33333	137.66667	128.33333	110.666664	96.0	86.666664	86.666664	89.0	91.0	95.666664	111.333336	158.66667	212.66667	
32.0	28.0	25.0	23.666666	22.666666	26.333334	49.0	163.0	210.66667	179.66667	115.0	91.666664	101.666664	111.0	117.0	117.333336	119.666664	121.333336	118.333336	119.666664	120.0	118.333336	118.333336	118.666664	118.333336	106.0	93.666664	86.666664	86.333336	89.666664	94.0	102.333336	109.0	145.0	206.33333	225.33333	
