58.333332	72.333336	93.0	105.666664	110.666664	115.666664	120.333336	125.333336	129.66667	133.66667	138.0	141.66667	144.0	143.33333	144.33333	146.66667	145.66667	146.0	146.66667	146.0	144.66667	143.33333	140.33333	139.0	136.66667	132.66667	126.0	122.0	119.0	106.666664	83.333336	60.333332	41.0	43.333332	30.333334	13.333333	
62.666668	79.333336	101.0	112.333336	115.666664	120.333336	124.0	126.666664	130.66667	136.33333	141.66667	144.0	146.33333	148.66667	151.33333	151.0	149.33333	151.33333	151.33333	152.66667	151.66667	149.0	147.0	143.33333	140.66667	136.66667	131.33333	124.666664	121.333336	112.666664	92.333336	70.0	47.0	49.0	42.666668	15.333333	
66.0	83.0	105.333336	116.666664	119.333336	121.666664	125.333336	129.66667	135.0	141.33333	145.66667	146.66667	152.0	158.66667	160.33333	156.66667	158.33333	161.33333	159.33333	160.66667	157.33333	156.33333	155.33333	149.66667	144.33333	139.33333	133.66667	127.333336	121.0	112.666664	95.666664	77.0	55.666668	52.666668	52.0	20.0	
69.0	84.0	106.0	117.666664	120.333336	121.0	125.333336	131.66667	139.0	146.33333	149.0	153.66667	164.33333	172.0	169.0	168.66667	181.0	189.0	180.33333	168.66667	161.33333	164.0	163.66667	157.33333	149.66667	143.0	135.0	127.333336	122.666664	115.333336	100.333336	85.0	64.666664	55.333332	55.333332	25.666666	
73.333336	86.333336	105.333336	117.666664	121.0	122.0	127.0	135.0	144.33333	151.66667	155.33333	161.66667	175.33333	180.66667	174.66667	180.33333	198.33333	209.0	195.0	175.0	167.0	168.33333	168.33333	163.0	153.33333	144.66667	136.0	130.66667	126.0	120.0	105.666664	91.666664	71.0	58.666668	62.333332	36.0	
76.0	87.333336	106.0	117.666664	121.666664	125.0	132.0	140.0	147.0	154.66667	160.33333	165.0	173.33333	178.33333	175.33333	181.0	191.0	197.66667	188.33333	175.0	169.66667	168.0	167.33333	163.0	151.66667	144.0	138.0	134.33333	125.666664	116.333336	106.0	93.666664	75.666664	65.333336	72.0	47.333332	
77.0	88.333336	103.666664	116.666664	123.333336	129.66667	133.66667	140.66667	147.66667	152.66667	159.33333	164.66667	170.0	171.66667	173.0	177.33333	182.66667	184.0	179.33333	174.0	171.0	168.66667	167.66667	162.33333	152.33333	146.0	141.66667	137.66667	127.0	114.0	103.666664	97.333336	81.666664	71.0	75.333336	52.666668	
78.0	89.0	101.0	115.333336	127.333336	132.66667	133.66667	138.66667	147.66667	155.33333	159.0	163.66667	166.33333	168.33333	171.33333	173.66667	177.33333	175.33333	172.33333	170.33333	168.66667	167.33333	166.66667	159.66667	151.33333	146.33333	142.0	137.33333	126.333336	111.333336	103.333336	99.0	86.0	74.0	73.0	53.666668	
80.333336	89.666664	99.666664	110.666664	125.666664	131.66667	133.66667	139.0	146.66667	152.0	154.33333	157.66667	159.0	163.0	168.33333	168.33333	169.66667	169.0	165.33333	161.66667	159.66667	159.33333	158.66667	156.0	150.33333	143.0	139.33333	136.33333	125.666664	111.333336	104.333336	100.333336	87.666664	78.666664	75.333336	56.0	
79.0	88.666664	98.666664	106.666664	119.333336	125.333336	130.66667	136.66667	140.66667	143.66667	148.0	153.33333	157.0	162.0	165.33333	165.33333	164.33333	165.66667	164.33333	161.66667	159.33333	159.33333	158.33333	154.0	148.33333	141.0	136.66667	134.0	125.333336	114.333336	105.0	97.666664	85.666664	78.666664	74.666664	61.666668	
74.666664	84.666664	97.0	106.333336	116.666664	121.0	128.33333	132.33333	136.66667	143.66667	150.66667	157.0	163.0	163.33333	163.66667	165.33333	163.66667	164.66667	165.33333	163.33333	160.33333	161.33333	159.66667	155.66667	149.0	144.0	140.0	135.33333	126.333336	114.333336	103.0	94.666664	86.333336	77.666664	69.333336	63.333332	
74.333336	81.333336	94.0	101.333336	110.333336	119.333336	128.33333	133.0	138.0	145.33333	153.33333	159.66667	163.33333	163.0	160.66667	163.33333	163.66667	164.33333	166.0	165.33333	167.66667	168.66667	164.66667	161.0	157.0	153.0	148.33333	140.33333	129.66667	115.333336	102.0	95.0	89.666664	79.0	67.666664	61.333332	
69.0	79.0	94.333336	102.666664	109.333336	119.333336	127.0	132.66667	139.0	146.0	154.0	165.33333	170.33333	171.33333	170.0	169.66667	170.33333	170.33333	169.66667	169.66667	172.33333	172.66667	165.33333	162.66667	158.33333	157.66667	157.0	148.0	138.33333	121.0	102.0	97.666664	94.333336	79.0	66.0	80.333336	
61.333332	76.666664	93.0	103.0	110.333336	119.0	133.33333	143.66667	145.33333	148.0	156.66667	164.33333	171.0	174.33333	175.0	172.66667	174.66667	174.0	175.0	172.33333	168.0	164.66667	159.33333	160.66667	161.33333	162.33333	152.66667	133.0	128.66667	123.333336	103.0	95.666664	97.333336	83.333336	80.333336	121.333336	
62.333332	79.0	91.0	99.0	111.0	125.666664	140.66667	151.66667	152.33333	153.66667	156.0	156.66667	160.66667	159.0	161.33333	166.33333	167.66667	166.0	167.0	160.33333	147.0	138.66667	133.33333	137.66667	138.66667	127.0	103.0	81.333336	81.666664	100.666664	105.666664	102.0	102.0	90.0	99.0	144.0	
70.333336	87.0	90.333336	95.666664	110.666664	125.333336	124.333336	127.0	133.66667	143.66667	140.33333	133.0	132.33333	125.0	134.33333	154.0	158.33333	155.33333	157.0	146.0	118.666664	95.666664	79.333336	90.333336	94.333336	80.333336	67.0	58.0	56.0	76.666664	96.0	105.0	106.666664	86.333336	90.0	124.666664	
76.666664	92.666664	91.0	95.333336	108.333336	102.333336	77.0	73.666664	80.333336	97.666664	106.666664	89.0	79.0	81.333336	103.666664	133.33333	145.0	152.0	151.33333	136.0	104.666664	78.333336	73.333336	82.0	86.0	93.0	94.333336	82.0	74.0	82.0	93.333336	94.666664	94.0	75.0	74.333336	102.0	
79.0	99.333336	98.0	93.0	90.0	69.666664	53.666668	60.333332	76.666664	82.0	94.666664	103.0	88.0	76.666664	79.0	103.333336	118.333336	129.66667	126.666664	110.333336	90.666664	82.333336	92.333336	90.0	82.0	92.333336	99.0	99.333336	98.333336	101.333336	103.0	86.666664	56.0	57.666668	76.0	101.333336	
65.666664	88.666664	102.666664	89.0	82.0	71.333336	67.666664	85.666664	105.666664	110.333336	105.666664	108.0	104.0	97.333336	77.666664	65.666664	100.666664	131.66667	130.33333	87.666664	73.0	101.666664	104.666664	109.666664	66.0	53.333332	73.666664	79.333336	84.666664	100.0	101.0	95.333336	76.333336	80.333336	88.0	118.666664	
73.333336	67.666664	60.666668	69.0	96.333336	88.0	83.333336	89.0	83.666664	73.333336	68.0	101.0	121.666664	113.0	89.666664	59.333332	108.666664	138.33333	134.66667	96.666664	68.333336	104.666664	120.666664	126.0	111.666664	104.333336	105.0	102.666664	102.333336	105.666664	106.666664	99.333336	108.333336	105.333336	92.0	133.0	
91.333336	86.0	62.333332	71.666664	105.0	100.666664	86.333336	78.666664	91.333336	77.333336	83.666664	125.333336	133.0	119.333336	89.0	73.333336	112.0	137.0	136.33333	108.333336	83.666664	101.666664	122.0	125.666664	126.333336	128.0	123.666664	119.0	118.666664	119.666664	111.0	113.0	121.0	104.333336	85.666664	123.0	
90.333336	108.333336	120.0	100.333336	92.666664	105.333336	107.666664	110.0	111.333336	111.333336	118.666664	127.333336	122.666664	108.333336	85.0	90.0	123.333336	143.33333	142.0	121.333336	99.666664	95.666664	109.666664	121.0	127.666664	134.33333	135.0	131.66667	121.0	114.666664	114.666664	132.66667	130.0	101.0	81.333336	112.666664	
85.0	103.0	117.666664	118.0	99.0	99.333336	115.0	120.333336	120.333336	124.333336	129.0	129.0	112.0	90.666664	82.333336	99.666664	125.333336	142.0	147.0	137.66667	112.666664	103.0	110.333336	116.0	120.0	126.333336	126.0	121.333336	118.333336	127.333336	143.0	142.66667	129.0	98.666664	79.0	107.666664	
79.666664	94.333336	111.0	128.0	126.666664	106.333336	99.333336	103.0	116.333336	124.333336	119.0	104.0	95.0	94.666664	95.333336	104.666664	124.333336	139.66667	144.33333	137.66667	120.666664	112.0	119.666664	135.33333	136.33333	129.0	130.33333	146.0	154.0	154.66667	159.0	147.66667	128.0	94.666664	78.333336	94.0	
71.0	85.666664	103.0	122.333336	136.0	139.0	125.0	122.0	119.666664	115.333336	107.333336	114.666664	122.0	109.666664	98.333336	105.0	125.0	139.33333	144.66667	141.66667	128.33333	109.0	118.333336	146.66667	161.33333	155.33333	152.33333	161.0	165.33333	161.0	157.66667	148.0	129.33333	93.0	79.333336	89.0	
69.666664	78.0	92.333336	116.333336	132.0	139.33333	150.33333	155.33333	150.0	140.66667	133.66667	141.66667	143.33333	115.666664	96.0	106.333336	129.0	139.0	145.0	145.33333	134.0	112.333336	114.333336	138.66667	161.0	163.0	158.66667	158.66667	160.66667	159.33333	152.66667	141.33333	126.333336	92.0	81.333336	88.666664	
76.333336	75.666664	82.0	110.0	130.0	139.66667	149.33333	152.0	144.66667	136.0	142.0	157.0	147.0	111.333336	97.666664	110.0	134.0	142.66667	145.66667	144.33333	133.66667	117.333336	112.666664	126.0	149.66667	157.33333	163.33333	164.0	160.33333	154.33333	145.66667	139.0	124.0	92.333336	84.333336	83.333336	
79.666664	78.666664	77.0	101.666664	126.0	138.66667	145.0	147.66667	145.66667	142.33333	151.66667	153.0	137.0	110.666664	100.666664	106.333336	132.0	147.0	153.0	147.66667	129.66667	115.666664	113.0	121.333336	141.0	143.66667	158.0	163.33333	160.0	154.33333	144.0	135.0	118.0	92.333336	87.333336	85.333336	
82.333336	81.666664	75.0	97.666664	121.0	132.66667	136.33333	141.66667	144.66667	147.66667	153.33333	140.33333	126.333336	108.666664	108.333336	109.333336	131.0	157.33333	167.66667	156.0	133.66667	120.666664	116.0	118.333336	137.66667	137.33333	145.66667	157.33333	158.66667	154.66667	142.33333	127.0	110.0	92.333336	86.0	86.666664	
84.666664	86.0	73.666664	92.0	112.666664	121.0	128.66667	138.33333	142.66667	150.66667	145.33333	131.33333	122.666664	107.666664	110.0	104.333336	114.666664	149.66667	160.0	151.0	127.333336	110.333336	109.0	113.0	133.33333	137.0	135.0	147.0	157.0	154.66667	144.33333	121.333336	107.666664	99.333336	87.333336	88.333336	
82.333336	89.666664	77.0	85.0	102.666664	112.333336	123.0	135.66667	142.0	150.66667	136.33333	129.33333	124.666664	114.333336	109.666664	94.666664	95.0	117.333336	131.66667	128.0	105.333336	99.333336	110.333336	114.666664	125.0	133.66667	131.66667	135.0	149.66667	149.66667	141.66667	123.333336	109.666664	99.333336	89.0	87.333336	
84.0	89.0	81.333336	83.0	97.0	109.333336	122.0	132.66667	141.33333	147.33333	132.66667	126.333336	123.0	117.333336	101.333336	87.666664	86.333336	90.0	105.333336	99.333336	82.666664	88.666664	100.333336	106.666664	114.666664	118.666664	128.0	129.33333	138.33333	143.66667	137.0	122.666664	108.666664	97.0	91.333336	86.0	
87.0	91.0	82.666664	81.333336	96.666664	105.0	122.666664	133.66667	140.0	134.66667	125.333336	121.333336	116.0	110.0	95.0	95.0	87.0	86.333336	108.0	104.0	86.0	88.666664	94.333336	101.666664	109.0	108.0	123.0	123.666664	126.0	137.33333	134.0	118.333336	103.666664	93.666664	91.0	82.666664	
81.333336	89.666664	86.333336	79.0	92.333336	105.0	119.0	133.0	139.0	126.333336	119.333336	120.666664	115.0	110.333336	101.333336	102.0	96.0	94.333336	101.0	103.0	97.333336	101.666664	95.666664	98.333336	109.0	105.0	113.333336	112.666664	118.666664	133.0	132.33333	117.0	100.0	91.666664	88.666664	75.333336	
67.666664	91.0	91.0	78.0	88.333336	103.333336	115.666664	133.0	136.0	119.666664	112.0	107.333336	113.333336	110.0	100.0	94.333336	102.333336	108.333336	108.0	115.666664	103.0	102.0	99.666664	100.333336	101.0	91.333336	95.333336	100.666664	115.666664	132.0	130.33333	115.666664	100.666664	94.333336	88.333336	68.333336	
56.666668	85.0	90.333336	81.0	86.0	100.333336	112.333336	132.0	128.33333	113.666664	103.0	96.666664	104.666664	103.0	98.0	99.666664	103.0	104.333336	111.333336	118.0	107.0	107.0	103.0	98.666664	90.666664	82.333336	88.333336	99.666664	120.333336	131.66667	126.333336	110.666664	101.0	96.666664	85.666664	60.333332	
44.333332	79.333336	91.0	84.666664	83.333336	95.333336	110.0	133.0	126.666664	109.333336	99.666664	94.333336	92.333336	91.333336	95.333336	105.666664	110.0	107.333336	109.666664	110.333336	111.0	114.333336	104.0	97.0	90.0	87.666664	97.333336	108.666664	125.0	128.0	122.333336	109.0	102.666664	96.666664	82.333336	51.0	
31.333334	65.333336	84.333336	86.666664	83.333336	90.0	102.333336	128.0	131.66667	113.666664	104.0	91.333336	85.666664	86.0	97.0	102.333336	107.0	111.333336	114.666664	111.666664	119.0	124.0	110.0	101.333336	95.666664	100.0	108.666664	112.666664	120.666664	121.0	119.666664	109.0	104.333336	96.333336	72.333336	37.333332	
24.333334	48.333332	77.0	85.666664	86.333336	91.0	94.666664	117.333336	132.66667	125.0	116.0	98.666664	90.666664	86.666664	89.0	94.666664	109.0	128.33333	139.66667	134.0	132.33333	124.333336	107.333336	101.333336	104.666664	114.666664	113.666664	108.333336	112.333336	113.666664	117.333336	110.666664	107.0	92.0	56.0	27.0	
28.666666	40.333332	67.0	79.0	84.666664	91.666664	92.0	105.666664	125.0	126.0	115.666664	107.0	106.333336	103.333336	97.666664	97.0	103.333336	117.333336	126.0	121.666664	119.0	112.0	105.0	108.333336	116.333336	120.0	110.0	101.666664	104.333336	112.0	121.333336	115.333336	109.0	77.0	36.0	23.666666	
35.666668	36.333332	54.666668	72.333336	79.0	91.333336	95.333336	98.0	109.333336	118.666664	106.0	99.666664	111.0	119.0	111.666664	104.333336	99.333336	100.0	102.333336	104.666664	102.666664	97.666664	99.333336	109.333336	118.666664	115.0	102.0	97.666664	103.0	115.666664	127.0	118.0	102.0	58.333332	26.333334	26.333334	
38.666668	36.333332	44.666668	69.333336	73.0	87.666664	100.333336	100.666664	98.666664	108.333336	106.333336	92.0	101.666664	114.0	113.666664	111.333336	105.666664	100.666664	103.0	104.666664	106.666664	105.0	108.666664	115.0	119.0	113.666664	101.666664	97.333336	104.666664	118.0	126.666664	116.666664	92.0	44.666668	27.0	27.333334	
37.333332	37.666668	42.333332	69.0	76.666664	77.0	100.666664	107.0	98.666664	101.0	105.333336	89.0	101.0	117.0	119.666664	117.333336	114.0	113.0	120.0	119.333336	122.333336	123.0	121.0	120.666664	124.333336	120.0	106.333336	98.333336	107.0	121.333336	119.666664	110.666664	72.0	33.333332	26.0	24.666666	
34.0	35.333332	50.666668	85.666664	81.0	73.666664	92.0	106.666664	105.666664	107.0	105.333336	89.666664	104.333336	123.666664	128.33333	123.333336	122.666664	124.0	125.333336	121.333336	121.0	122.666664	122.666664	122.333336	127.333336	124.666664	111.0	102.333336	107.666664	115.333336	114.666664	95.0	61.333332	40.666668	28.333334	26.333334	
35.333332	34.666668	58.333332	114.666664	94.666664	74.333336	78.666664	102.666664	108.666664	108.333336	104.0	90.333336	108.0	126.333336	132.66667	128.0	128.0	130.66667	130.66667	130.0	125.333336	123.333336	124.666664	128.0	132.33333	126.333336	112.0	99.333336	101.333336	109.333336	102.666664	80.666664	109.333336	81.0	32.0	28.0	
35.333332	37.0	57.0	126.333336	133.33333	89.666664	71.666664	86.666664	100.666664	104.666664	99.666664	88.333336	105.0	121.333336	131.0	124.666664	121.666664	129.66667	133.33333	135.66667	136.66667	130.66667	130.33333	134.66667	132.66667	122.0	106.333336	93.333336	96.0	96.0	82.333336	94.666664	170.0	124.333336	37.0	26.0	
34.333332	41.333332	58.333332	126.0	154.66667	129.0	79.333336	69.0	84.0	92.0	90.333336	84.0	100.333336	115.333336	123.666664	125.333336	120.333336	124.0	129.0	132.66667	134.33333	127.666664	126.333336	130.66667	120.333336	108.0	100.333336	92.0	90.0	82.666664	98.333336	141.66667	191.0	159.0	51.0	27.0	
37.0	40.333332	54.666668	127.666664	162.33333	164.66667	128.0	76.666664	71.333336	80.333336	87.0	82.666664	86.0	99.333336	113.0	120.666664	114.333336	113.0	119.666664	122.333336	120.666664	117.666664	117.666664	118.0	106.333336	95.0	91.0	85.333336	87.0	111.0	145.66667	160.66667	189.0	181.0	70.333336	30.333334	
39.0	40.333332	52.333332	127.666664	169.33333	174.33333	171.66667	134.33333	87.333336	76.333336	79.333336	84.333336	84.666664	91.333336	96.666664	101.333336	100.333336	97.666664	98.333336	101.333336	103.333336	104.666664	105.0	102.666664	96.0	93.0	89.0	90.333336	123.333336	163.66667	175.0	165.33333	187.33333	193.0	95.666664	36.333332	
