109.666664	118.0	117.666664	116.333336	130.0	147.0	152.33333	152.0	157.33333	162.33333	167.66667	169.66667	171.0	173.0	174.0	176.0	176.66667	179.0	181.0	183.0	185.0	188.66667	189.0	186.33333	181.0	174.66667	173.0	172.33333	166.0	158.0	144.0	137.0	127.0	102.0	84.0	82.0	
107.666664	117.0	119.666664	123.333336	141.0	153.33333	153.66667	154.0	155.66667	160.33333	165.66667	168.0	171.66667	174.0	175.66667	176.66667	176.66667	176.33333	176.33333	177.0	180.0	184.0	183.33333	184.33333	184.0	180.0	175.0	173.0	170.0	164.66667	155.0	144.0	132.66667	119.0	96.0	80.0	
103.0	114.0	122.333336	133.66667	148.66667	154.66667	154.33333	153.66667	158.0	163.33333	167.0	170.33333	174.33333	178.0	179.66667	181.33333	181.66667	181.0	176.66667	176.66667	179.0	181.66667	178.33333	180.0	183.0	181.0	174.0	168.33333	165.33333	162.0	157.33333	148.0	134.33333	125.0	109.333336	85.666664	
108.666664	120.333336	133.0	144.66667	154.66667	156.33333	157.0	159.33333	162.66667	167.0	170.66667	174.66667	178.66667	182.33333	184.33333	185.33333	185.0	183.33333	180.33333	179.66667	179.66667	181.66667	179.0	179.33333	182.33333	182.33333	175.33333	169.0	166.0	161.33333	154.66667	149.66667	138.0	128.0	117.0	94.666664	
122.666664	131.66667	140.33333	149.33333	157.0	159.0	161.0	164.66667	168.33333	170.0	173.66667	179.0	181.33333	183.33333	187.33333	189.33333	188.33333	186.33333	185.0	182.33333	178.66667	178.33333	180.0	181.33333	183.33333	182.33333	178.0	174.0	171.0	164.66667	157.66667	152.0	143.0	132.66667	120.666664	102.0	
132.66667	138.0	148.33333	156.66667	160.66667	163.33333	165.0	167.66667	170.66667	174.0	177.0	180.0	181.0	182.33333	185.66667	188.33333	188.33333	188.33333	188.0	184.0	178.33333	179.33333	182.33333	182.33333	185.33333	184.33333	180.0	177.66667	173.0	167.33333	163.33333	156.0	146.33333	140.0	128.66667	107.666664	
142.33333	146.66667	154.33333	160.0	162.0	168.0	169.66667	172.66667	173.33333	177.0	180.0	181.0	181.0	184.33333	187.66667	187.66667	186.0	185.66667	185.66667	182.33333	177.0	177.33333	181.66667	184.0	186.33333	185.66667	182.66667	179.66667	175.66667	171.33333	167.0	159.33333	149.33333	144.0	131.0	112.666664	
147.0	150.33333	156.0	161.66667	164.66667	168.33333	171.66667	174.66667	175.33333	178.66667	182.0	183.33333	184.33333	187.33333	187.0	184.66667	180.66667	178.33333	180.66667	181.0	177.66667	178.0	180.0	182.66667	185.66667	184.66667	182.66667	180.33333	177.33333	174.33333	169.0	161.33333	152.66667	146.33333	132.66667	115.333336	
151.66667	154.0	158.0	162.66667	166.66667	169.0	172.66667	175.33333	176.0	179.33333	181.33333	182.33333	183.66667	187.66667	188.0	188.0	184.33333	178.0	177.0	178.66667	176.33333	174.66667	175.0	177.66667	181.0	179.66667	178.66667	176.0	171.33333	169.66667	165.66667	159.66667	156.33333	150.33333	137.0	119.0	
159.66667	159.33333	160.66667	165.33333	169.33333	169.0	172.0	175.33333	175.0	176.0	176.33333	177.33333	180.0	187.66667	193.0	195.0	192.33333	186.33333	183.0	181.66667	176.33333	172.0	170.66667	173.33333	175.0	173.33333	174.33333	171.33333	167.33333	166.0	163.0	159.33333	158.0	151.66667	139.0	122.333336	
165.0	160.33333	163.66667	171.33333	172.33333	169.66667	171.33333	174.0	172.0	170.0	167.0	169.33333	176.33333	184.33333	190.33333	191.66667	192.33333	193.0	190.33333	186.66667	181.33333	178.0	173.33333	172.0	173.0	172.33333	177.0	175.33333	170.33333	167.66667	165.0	161.33333	159.33333	154.0	141.0	121.333336	
159.33333	157.33333	166.66667	172.0	169.33333	168.33333	169.66667	170.33333	166.66667	156.33333	146.0	142.0	143.33333	159.33333	170.0	178.66667	186.33333	190.33333	191.0	191.66667	189.33333	188.33333	181.33333	175.66667	177.66667	177.66667	180.66667	179.33333	175.0	171.66667	169.0	164.33333	160.33333	155.0	140.0	119.0	
159.0	159.66667	166.66667	166.0	162.66667	167.66667	169.33333	163.66667	155.33333	145.66667	140.0	136.66667	130.66667	139.0	143.0	150.33333	159.0	170.33333	181.0	185.0	189.33333	196.33333	191.66667	186.0	190.0	187.66667	185.0	180.66667	174.66667	168.66667	168.0	165.33333	162.0	154.0	136.33333	115.666664	
158.33333	159.33333	161.0	161.66667	165.0	170.0	167.0	156.0	146.0	149.33333	155.33333	157.66667	160.33333	160.0	149.0	139.66667	137.66667	152.0	166.33333	170.0	177.33333	190.0	192.33333	189.0	193.0	190.33333	186.66667	179.33333	167.66667	158.33333	161.66667	166.33333	161.33333	154.66667	133.0	115.333336	
158.66667	157.66667	156.0	159.66667	168.66667	171.66667	167.0	161.0	151.0	158.66667	168.0	176.0	182.0	185.66667	177.33333	168.0	161.0	160.0	162.66667	164.0	172.0	182.0	188.33333	183.33333	180.0	178.66667	175.33333	166.33333	150.33333	137.33333	145.33333	161.33333	153.66667	146.0	130.0	111.333336	
153.66667	155.33333	154.0	160.66667	171.0	170.0	169.33333	168.0	159.66667	164.66667	169.0	168.33333	167.33333	169.33333	168.0	166.0	160.66667	162.33333	163.0	164.33333	170.0	178.66667	185.0	182.33333	169.66667	166.0	161.0	150.0	130.66667	118.333336	117.0	128.33333	130.33333	128.33333	120.0	105.333336	
151.66667	153.66667	154.0	163.33333	172.66667	173.66667	177.0	172.33333	161.66667	157.66667	147.0	141.66667	126.666664	122.666664	129.66667	144.66667	141.33333	151.66667	163.66667	167.0	172.0	178.0	183.33333	180.33333	160.66667	147.66667	147.0	150.33333	152.66667	152.0	141.0	135.0	134.33333	123.0	103.333336	96.0	
152.0	148.33333	153.0	166.33333	174.0	181.33333	187.33333	186.0	173.66667	159.0	140.66667	138.66667	115.333336	96.0	127.333336	169.0	159.0	155.66667	166.66667	170.66667	169.33333	174.33333	181.0	175.33333	151.0	141.0	155.33333	162.66667	169.33333	176.33333	173.33333	167.0	157.33333	134.0	97.666664	89.333336	
141.66667	141.66667	153.66667	166.0	175.0	182.33333	187.33333	188.66667	182.66667	174.33333	171.33333	173.66667	165.0	155.66667	166.66667	178.66667	167.66667	164.66667	173.66667	173.66667	161.0	165.33333	172.33333	166.66667	143.33333	153.66667	159.0	143.66667	136.66667	142.33333	151.0	155.0	153.66667	148.0	118.333336	95.666664	
131.66667	135.66667	154.0	164.0	169.33333	173.66667	174.33333	171.33333	172.33333	176.33333	181.66667	187.0	189.0	192.0	189.66667	183.66667	178.0	176.66667	175.66667	167.0	158.66667	163.66667	170.33333	166.66667	148.33333	155.33333	160.0	146.66667	106.0	99.0	118.333336	135.0	131.33333	139.66667	131.0	113.333336	
130.0	136.0	152.0	160.0	164.0	166.66667	166.66667	167.0	171.33333	176.33333	181.66667	190.33333	196.0	197.66667	199.33333	196.66667	188.0	181.33333	172.66667	163.66667	163.0	164.0	168.0	166.33333	145.0	139.33333	158.66667	163.66667	141.66667	118.333336	139.33333	134.33333	112.333336	127.666664	134.0	129.0	
130.33333	138.0	150.0	159.0	164.0	169.33333	172.66667	174.66667	176.66667	179.0	180.33333	184.66667	188.33333	191.33333	194.0	189.66667	183.66667	178.66667	169.66667	165.0	163.66667	159.33333	163.33333	160.0	143.66667	127.333336	157.0	178.0	178.33333	165.66667	158.0	150.33333	129.33333	131.66667	149.33333	146.0	
134.0	140.33333	148.66667	159.66667	168.33333	173.66667	176.66667	179.66667	184.0	186.0	185.0	182.66667	178.33333	174.33333	178.33333	178.0	178.66667	184.66667	175.33333	163.66667	158.66667	155.66667	159.33333	159.33333	144.0	124.0	141.0	179.33333	190.33333	182.0	170.0	165.33333	152.66667	148.0	162.33333	156.0	
139.33333	144.0	148.33333	160.66667	172.0	177.33333	181.33333	184.66667	188.33333	188.0	183.0	180.66667	177.0	172.66667	177.66667	183.33333	186.33333	193.33333	178.0	157.66667	154.66667	156.33333	157.66667	156.33333	145.33333	127.666664	132.33333	157.0	180.33333	188.33333	179.66667	173.0	161.66667	153.0	156.0	152.66667	
145.0	149.33333	150.66667	160.66667	174.66667	180.33333	182.33333	185.33333	188.0	185.0	179.33333	179.0	179.33333	178.66667	184.0	189.66667	192.66667	191.66667	166.0	152.66667	154.33333	153.0	157.0	154.66667	140.66667	125.333336	133.33333	152.66667	161.33333	169.33333	177.66667	174.33333	165.66667	159.33333	151.33333	145.0	
151.33333	155.66667	154.0	158.0	173.66667	182.33333	182.66667	183.66667	186.0	185.33333	184.33333	185.66667	188.0	189.33333	192.33333	188.66667	187.66667	178.66667	155.66667	150.66667	150.0	156.0	167.0	166.0	151.0	127.666664	136.33333	162.66667	165.66667	160.66667	164.0	170.0	167.0	158.33333	152.66667	141.66667	
155.33333	163.0	156.66667	153.33333	169.66667	179.33333	182.33333	181.0	182.66667	187.0	190.66667	193.0	197.0	200.66667	195.0	181.66667	179.0	168.0	152.66667	145.66667	150.66667	168.0	190.66667	185.66667	164.0	133.33333	131.0	162.0	173.33333	165.66667	159.66667	161.33333	165.66667	158.66667	153.0	139.33333	
159.66667	169.66667	160.66667	152.33333	167.66667	180.33333	182.33333	178.0	177.0	182.33333	188.66667	191.33333	197.0	194.66667	185.66667	182.0	180.33333	165.33333	151.0	132.0	140.0	165.0	181.33333	181.0	165.66667	135.33333	125.333336	151.33333	178.66667	174.0	164.0	158.66667	157.33333	157.0	152.33333	138.0	
165.0	173.66667	166.0	153.66667	165.33333	179.33333	182.33333	177.0	173.33333	177.66667	183.0	188.0	189.33333	185.33333	184.33333	186.66667	177.66667	168.66667	167.66667	156.0	141.0	147.66667	161.0	158.66667	136.0	117.0	120.0	147.0	177.66667	176.0	168.0	158.66667	151.66667	152.66667	150.33333	136.33333	
164.0	173.66667	171.66667	158.66667	167.0	180.0	184.0	178.33333	175.0	178.33333	183.33333	188.33333	186.33333	185.0	190.0	194.33333	185.0	183.33333	172.66667	169.0	167.66667	150.33333	143.33333	134.66667	117.333336	127.0	133.33333	152.0	179.0	180.66667	171.0	158.0	149.0	146.66667	145.66667	132.33333	
163.66667	171.33333	171.33333	161.33333	168.33333	178.33333	183.66667	183.0	179.0	179.66667	183.33333	183.66667	187.66667	193.33333	197.0	203.66667	200.0	198.33333	188.66667	186.0	183.33333	168.33333	159.66667	159.0	154.33333	150.66667	153.66667	162.66667	179.0	183.0	172.66667	159.33333	146.66667	140.0	138.33333	127.666664	
162.0	169.33333	169.33333	164.66667	168.66667	177.66667	184.33333	186.0	180.33333	179.0	183.0	187.66667	193.33333	199.33333	200.33333	203.66667	204.0	209.33333	206.33333	199.0	189.66667	181.66667	185.66667	186.33333	183.33333	176.33333	173.0	173.66667	177.66667	180.66667	171.33333	159.0	145.0	134.33333	135.0	123.666664	
163.0	166.66667	166.0	165.66667	169.66667	178.66667	184.0	186.0	182.33333	180.33333	183.0	195.66667	204.33333	206.33333	206.66667	208.66667	207.66667	211.33333	208.33333	201.66667	191.66667	191.0	199.66667	202.33333	199.0	196.0	193.66667	189.33333	184.66667	181.0	167.66667	157.66667	140.33333	128.66667	136.33333	109.333336	
162.33333	166.0	167.66667	169.66667	175.33333	181.0	184.33333	187.66667	185.66667	182.66667	187.33333	202.66667	207.66667	207.0	208.0	207.66667	200.33333	199.66667	198.0	195.66667	187.66667	187.33333	194.0	199.33333	199.33333	201.66667	203.0	196.66667	188.66667	184.66667	171.0	157.66667	135.33333	134.66667	134.66667	98.666664	
160.0	166.33333	168.33333	169.66667	175.33333	179.66667	183.66667	189.66667	190.66667	187.0	192.0	205.66667	204.0	197.66667	194.0	180.0	164.33333	155.66667	149.33333	153.66667	156.0	165.66667	175.0	182.33333	185.33333	191.66667	197.66667	197.66667	197.66667	193.33333	175.33333	154.66667	134.66667	142.33333	125.666664	95.333336	
157.0	166.0	167.33333	170.0	174.33333	181.0	185.66667	190.66667	196.33333	193.66667	197.0	206.33333	196.33333	182.33333	170.0	129.0	102.333336	101.0	98.666664	106.333336	108.0	112.333336	117.333336	125.0	143.66667	166.66667	183.33333	195.66667	199.0	192.33333	173.66667	147.66667	138.33333	148.33333	116.666664	93.333336	
151.0	165.66667	167.33333	168.33333	173.33333	181.0	186.0	190.0	196.66667	198.33333	197.66667	197.0	185.0	172.0	171.0	156.66667	137.33333	128.66667	130.33333	145.66667	147.33333	146.66667	136.33333	118.666664	113.0	139.66667	168.33333	187.0	194.33333	192.66667	173.33333	147.0	147.0	145.0	109.0	88.666664	
143.0	163.33333	168.66667	166.66667	171.33333	179.33333	184.0	186.33333	190.33333	193.33333	192.33333	189.0	181.0	175.66667	181.33333	184.66667	177.66667	167.66667	156.0	149.66667	145.33333	146.0	138.0	132.0	139.66667	155.0	163.66667	178.33333	190.66667	193.0	174.66667	152.66667	151.33333	135.0	101.666664	81.0	
125.0	157.0	168.66667	166.66667	169.33333	177.0	182.66667	185.0	185.33333	186.33333	187.33333	184.66667	180.33333	179.33333	185.66667	187.0	184.66667	186.0	184.33333	179.33333	169.66667	166.0	159.66667	155.66667	159.0	161.33333	164.33333	172.66667	187.0	188.66667	171.0	156.33333	151.0	125.666664	94.666664	71.0	
104.666664	140.66667	163.33333	168.33333	169.33333	175.0	182.33333	185.66667	185.0	183.0	184.33333	183.66667	182.0	183.0	185.66667	186.66667	184.66667	185.33333	187.0	187.0	184.33333	184.33333	181.33333	173.66667	166.66667	162.33333	163.0	166.66667	179.33333	182.0	167.66667	158.33333	145.66667	113.333336	75.0	54.0	
100.0	116.0	156.33333	168.33333	167.66667	175.33333	182.33333	185.66667	184.66667	181.33333	184.0	185.33333	183.66667	182.33333	182.66667	184.0	186.0	185.33333	182.66667	181.0	177.33333	176.0	175.33333	168.33333	162.66667	162.0	160.33333	158.33333	166.0	172.66667	163.0	158.66667	138.33333	87.666664	40.333332	28.0	
108.0	99.666664	139.66667	164.0	166.0	175.33333	180.66667	186.66667	183.66667	178.33333	183.66667	185.33333	185.33333	182.33333	179.33333	181.33333	185.0	184.0	180.0	176.0	172.0	172.33333	174.0	172.0	168.33333	163.0	158.0	155.33333	154.0	160.66667	154.33333	155.66667	125.0	59.333332	19.333334	12.333333	
110.666664	105.0	110.0	147.66667	161.33333	171.33333	177.0	183.0	179.66667	174.0	178.0	180.66667	184.33333	181.66667	176.66667	178.66667	179.66667	173.33333	169.33333	165.0	163.0	163.0	164.66667	168.33333	172.0	166.33333	158.0	154.33333	146.66667	146.66667	142.0	145.0	101.0	36.0	13.666667	9.333333	
111.666664	112.0	103.0	118.0	148.66667	165.33333	176.33333	176.33333	176.33333	169.33333	170.33333	174.33333	182.33333	184.33333	179.66667	179.66667	179.0	168.66667	166.66667	164.66667	164.0	160.66667	157.0	155.0	161.66667	164.33333	156.33333	153.66667	144.0	135.0	133.33333	129.66667	78.0	30.0	18.666666	11.333333	
116.0	117.0	116.0	100.666664	118.666664	151.66667	172.33333	175.0	173.0	165.33333	161.66667	164.0	172.0	180.0	181.0	180.66667	180.0	173.33333	173.66667	175.0	171.66667	168.66667	161.66667	154.33333	154.66667	156.33333	154.66667	148.33333	137.33333	125.333336	121.333336	104.0	53.666668	33.0	25.666666	17.333334	
120.666664	120.333336	118.333336	116.0	98.333336	119.333336	161.66667	176.66667	176.66667	169.33333	159.66667	153.0	160.66667	169.66667	178.0	178.33333	180.33333	179.0	180.66667	182.33333	178.33333	178.66667	169.66667	159.66667	154.66667	147.66667	149.66667	139.33333	121.0	115.666664	107.666664	72.333336	39.333332	32.0	23.333334	17.666666	
123.666664	122.333336	118.333336	117.0	111.0	96.0	125.333336	168.33333	179.0	176.0	167.33333	154.33333	149.0	153.33333	168.66667	172.66667	174.66667	177.66667	178.33333	176.33333	173.33333	177.0	171.33333	162.33333	151.33333	141.66667	134.66667	117.333336	105.333336	108.333336	81.0	35.0	27.333334	23.666666	14.666667	12.0	
120.0	119.666664	117.333336	119.0	122.0	115.333336	97.0	129.33333	169.33333	179.66667	175.33333	168.0	154.66667	143.66667	149.0	158.33333	167.0	169.0	166.0	166.33333	164.33333	165.0	162.66667	156.66667	138.66667	117.333336	104.666664	102.333336	107.666664	97.666664	47.333332	20.0	26.0	19.666666	12.333333	12.0	
116.333336	119.0	119.333336	119.333336	120.666664	125.666664	113.333336	102.333336	140.33333	165.0	169.66667	172.0	165.66667	157.0	149.33333	144.0	147.33333	151.0	151.33333	149.33333	148.33333	151.33333	149.0	133.33333	106.0	99.0	104.666664	109.0	102.333336	65.333336	35.666668	28.666666	33.666668	24.666666	16.666666	17.666666	
