48.0	75.0	132.0	164.0	171.66667	171.0	172.33333	174.0	173.66667	173.33333	173.66667	175.66667	177.0	178.0	178.66667	177.66667	176.66667	175.66667	176.0	173.66667	167.66667	162.33333	159.0	156.66667	151.66667	146.0	142.0	137.0	134.66667	140.33333	153.33333	169.66667	171.66667	122.333336	68.333336	39.333332	
53.333332	92.666664	144.0	167.0	174.0	175.0	175.33333	175.33333	175.66667	176.0	177.33333	177.66667	179.0	180.66667	180.33333	177.33333	176.66667	177.33333	178.0	177.0	170.66667	165.0	160.66667	157.0	152.0	149.0	144.0	138.33333	133.0	138.66667	151.0	166.66667	179.0	149.66667	81.333336	51.333332	
64.666664	105.333336	140.66667	157.0	171.0	179.66667	179.66667	177.0	177.66667	179.33333	179.66667	179.0	179.66667	181.0	182.0	177.33333	175.0	176.33333	178.66667	178.66667	174.66667	168.66667	161.66667	158.0	152.33333	150.66667	145.33333	138.0	133.33333	138.66667	149.66667	163.33333	181.33333	167.66667	99.666664	64.0	
76.0	110.0	134.66667	152.66667	167.66667	179.66667	182.33333	180.66667	182.33333	184.0	183.33333	182.66667	182.33333	183.0	183.0	178.66667	174.0	174.66667	178.0	179.33333	178.66667	173.0	166.0	161.66667	155.66667	154.0	149.0	142.0	136.33333	138.66667	148.0	161.33333	180.0	176.66667	113.0	68.333336	
77.0	102.0	131.0	148.33333	163.0	177.33333	181.33333	180.0	183.0	184.33333	183.66667	183.66667	183.0	183.66667	184.66667	182.66667	179.0	178.33333	181.0	179.66667	178.66667	175.66667	169.66667	166.0	160.0	159.33333	155.33333	148.0	140.33333	138.33333	149.0	161.33333	178.66667	181.66667	124.0	68.333336	
73.333336	98.0	128.0	142.33333	155.33333	174.33333	182.33333	180.0	182.66667	185.66667	185.33333	187.66667	188.66667	189.66667	189.0	187.66667	183.33333	180.66667	181.33333	181.66667	179.0	177.66667	174.33333	170.66667	165.0	163.33333	161.33333	154.33333	144.66667	140.0	150.0	163.66667	179.66667	186.66667	135.33333	69.0	
78.333336	106.0	128.66667	138.66667	150.33333	174.0	185.0	184.33333	186.33333	189.0	188.66667	191.0	193.0	193.66667	193.66667	190.66667	186.0	182.33333	180.0	182.33333	179.0	178.33333	175.66667	172.66667	168.0	164.66667	162.33333	154.0	145.33333	142.0	148.33333	165.66667	181.0	189.33333	142.33333	67.666664	
80.333336	108.0	123.666664	130.66667	147.0	172.33333	185.33333	186.66667	188.66667	191.33333	191.66667	194.33333	196.66667	197.0	197.33333	196.33333	192.66667	188.33333	183.66667	182.33333	180.66667	181.0	178.66667	175.0	170.66667	166.33333	163.66667	154.66667	145.0	141.0	144.0	164.66667	181.33333	188.33333	147.0	66.666664	
78.0	94.666664	105.666664	123.333336	146.0	172.33333	185.66667	188.0	188.66667	191.0	193.33333	195.0	197.0	198.0	199.33333	199.66667	197.33333	192.33333	186.0	182.33333	182.0	182.0	180.0	175.0	173.0	169.0	164.0	154.0	141.33333	140.0	143.0	162.66667	178.66667	186.33333	154.0	65.333336	
70.666664	79.333336	95.666664	125.0	149.66667	171.66667	183.66667	186.33333	187.33333	189.0	192.33333	194.33333	195.66667	197.0	197.66667	198.66667	197.0	191.66667	185.33333	182.33333	181.33333	178.0	178.33333	174.33333	176.0	168.0	160.0	151.66667	140.33333	139.66667	143.66667	157.66667	171.33333	183.66667	160.0	65.666664	
68.0	82.333336	100.0	127.333336	152.66667	173.33333	183.66667	185.66667	186.33333	188.0	191.0	191.33333	192.0	193.33333	193.66667	194.66667	195.0	192.66667	185.66667	179.66667	177.66667	173.33333	175.0	175.0	178.0	166.33333	156.33333	149.33333	140.33333	136.66667	140.66667	151.33333	164.66667	175.66667	167.66667	68.0	
72.333336	101.333336	126.666664	143.66667	161.0	178.0	186.0	185.66667	182.33333	185.0	188.0	188.33333	188.33333	189.66667	190.66667	192.66667	192.0	189.66667	183.66667	178.66667	178.33333	174.33333	170.33333	170.0	172.66667	160.66667	150.33333	144.0	138.0	135.66667	139.66667	150.33333	162.0	175.33333	169.33333	70.666664	
85.333336	121.0	151.0	167.66667	181.0	189.0	188.0	184.66667	184.33333	185.66667	186.33333	187.0	187.33333	189.0	190.0	191.0	189.66667	186.0	181.66667	179.0	177.66667	174.0	168.0	165.66667	167.66667	160.66667	152.0	146.0	138.0	136.0	139.0	148.0	160.66667	172.0	167.0	67.333336	
101.0	140.66667	168.66667	182.66667	188.66667	191.0	189.66667	187.0	187.66667	187.33333	187.33333	187.66667	186.33333	187.0	187.0	188.66667	188.33333	187.33333	184.0	179.33333	174.0	172.66667	170.0	167.33333	168.33333	162.66667	156.0	150.0	142.66667	141.33333	145.33333	151.66667	160.66667	167.66667	160.0	59.0	
113.0	155.33333	176.0	184.0	187.66667	186.66667	186.66667	185.33333	186.33333	186.66667	187.66667	187.66667	187.66667	189.33333	189.33333	188.66667	188.66667	187.66667	185.33333	180.66667	173.66667	170.33333	168.66667	169.33333	173.33333	168.66667	163.33333	157.66667	149.33333	147.66667	150.0	153.66667	162.33333	170.33333	150.33333	46.333332	
110.333336	151.33333	172.66667	179.0	183.33333	183.0	181.33333	182.33333	183.33333	184.33333	185.66667	187.33333	189.0	190.66667	192.0	191.66667	191.66667	191.66667	187.66667	181.66667	176.66667	170.0	169.66667	175.0	181.66667	177.66667	168.0	159.66667	151.66667	147.66667	142.33333	136.33333	146.66667	169.0	142.0	36.666668	
99.666664	148.0	171.66667	177.33333	182.33333	180.33333	176.66667	178.66667	181.66667	184.33333	185.0	186.66667	186.66667	188.0	191.0	193.0	192.66667	192.66667	188.66667	183.0	178.0	172.66667	174.0	179.66667	182.33333	175.66667	164.66667	152.66667	140.33333	128.33333	112.333336	90.333336	93.333336	140.33333	130.0	29.666666	
95.333336	148.66667	175.0	180.33333	181.33333	178.0	176.66667	178.0	182.0	184.33333	180.33333	174.0	163.0	165.66667	172.0	176.66667	177.0	179.0	180.0	177.66667	177.33333	172.66667	173.33333	176.0	176.66667	167.66667	154.33333	134.0	104.333336	79.666664	61.333332	48.333332	60.0	111.666664	119.0	21.666666	
106.333336	152.66667	177.66667	180.0	177.66667	174.33333	172.66667	173.0	172.0	163.0	144.66667	124.0	113.666664	113.666664	120.333336	128.33333	127.666664	126.0	135.0	151.66667	166.0	165.0	166.0	170.0	164.33333	147.66667	120.666664	83.0	50.666668	37.0	38.666668	55.0	82.666664	126.333336	111.666664	16.666666	
115.666664	155.0	179.0	178.66667	174.0	169.66667	168.33333	160.0	138.0	108.0	87.666664	73.666664	68.333336	63.0	63.666668	65.333336	59.333332	50.0	57.0	85.666664	125.333336	147.66667	161.66667	160.33333	138.0	97.666664	64.666664	55.666668	63.0	68.666664	81.0	114.333336	134.0	151.66667	104.0	14.0	
128.66667	155.33333	178.33333	180.0	176.33333	174.66667	170.66667	152.0	126.666664	105.333336	99.666664	100.0	93.666664	84.333336	81.333336	76.333336	62.666668	49.333332	49.666668	63.666668	96.0	128.33333	156.66667	151.66667	106.0	64.0	69.0	93.666664	115.0	120.0	125.0	148.0	149.33333	155.66667	88.666664	11.0	
141.0	162.0	178.33333	185.33333	185.0	184.33333	180.33333	169.66667	154.33333	151.33333	158.66667	161.33333	160.33333	152.0	144.66667	132.0	106.333336	85.666664	90.333336	105.666664	123.666664	144.33333	163.66667	147.33333	87.333336	62.333332	77.666664	94.0	106.333336	111.666664	114.0	133.0	146.33333	154.0	68.333336	8.0	
141.0	158.66667	174.66667	186.66667	189.66667	190.33333	189.33333	183.33333	170.66667	158.0	153.0	152.66667	153.0	153.0	146.0	120.666664	94.666664	100.666664	124.0	135.66667	157.0	175.66667	180.0	154.33333	95.333336	72.333336	66.666664	65.0	67.666664	76.0	94.0	126.666664	152.33333	153.33333	49.333332	8.666667	
136.33333	151.66667	165.0	176.66667	186.33333	190.33333	192.0	195.0	189.66667	177.66667	149.33333	118.333336	103.666664	100.333336	98.0	86.666664	95.333336	126.666664	143.33333	148.33333	168.33333	187.33333	187.66667	162.66667	109.333336	85.0	81.333336	77.333336	75.666664	89.333336	115.666664	139.0	159.66667	149.33333	37.0	9.666667	
136.33333	149.0	157.0	165.33333	178.0	187.66667	193.66667	197.33333	196.33333	187.33333	171.33333	147.0	122.333336	108.333336	110.333336	118.0	128.66667	139.33333	159.66667	163.66667	172.33333	188.0	188.33333	165.66667	129.0	102.333336	109.666664	112.666664	111.666664	119.666664	130.33333	142.66667	158.66667	132.0	25.333334	9.666667	
136.66667	144.33333	155.33333	160.0	168.33333	179.66667	187.33333	193.66667	196.66667	190.66667	181.33333	171.33333	159.33333	154.0	155.66667	154.66667	154.0	167.66667	180.33333	176.66667	179.0	188.33333	188.66667	166.33333	150.66667	119.333336	119.0	123.0	126.666664	132.0	132.66667	139.33333	148.66667	103.0	16.333334	9.333333	
137.66667	139.0	154.66667	158.0	161.66667	171.66667	177.0	184.33333	189.0	189.0	186.33333	183.66667	176.33333	170.33333	167.33333	165.0	176.33333	186.0	182.0	179.0	182.33333	189.0	190.33333	171.0	164.66667	138.66667	125.666664	126.333336	129.66667	129.33333	124.666664	129.33333	133.0	80.666664	13.0	10.333333	
140.66667	136.33333	148.0	155.0	157.0	161.66667	166.33333	170.33333	173.0	176.66667	178.33333	178.33333	174.33333	171.33333	175.0	181.66667	187.66667	184.33333	178.33333	178.66667	181.33333	186.33333	187.33333	170.66667	169.33333	145.66667	131.33333	133.66667	134.66667	130.0	125.0	124.0	128.0	64.666664	11.333333	11.666667	
140.66667	137.66667	145.33333	154.0	154.0	156.0	161.0	162.33333	164.33333	168.0	171.0	174.0	175.0	180.0	189.0	190.66667	187.0	180.0	175.66667	179.0	182.0	183.33333	182.0	164.33333	169.33333	145.0	134.66667	138.66667	141.0	135.33333	128.66667	128.66667	131.33333	56.0	11.333333	13.333333	
137.66667	140.0	145.0	155.0	156.66667	156.33333	160.0	162.0	165.33333	169.33333	177.0	184.66667	189.33333	191.66667	192.33333	188.33333	175.0	163.33333	167.33333	177.66667	182.0	183.33333	183.0	162.33333	165.33333	141.66667	138.33333	143.0	142.0	138.0	134.0	135.66667	129.0	44.666668	11.333333	13.0	
134.0	142.0	141.0	150.0	157.33333	157.33333	160.0	162.33333	167.33333	171.66667	179.33333	189.33333	193.0	192.33333	190.33333	177.0	156.66667	150.33333	158.0	168.33333	180.66667	185.0	187.0	165.33333	163.0	145.33333	136.66667	144.33333	142.66667	143.0	144.66667	143.0	124.333336	33.666668	11.0	12.666667	
130.66667	140.33333	135.33333	140.33333	152.0	157.33333	162.33333	166.66667	171.33333	172.66667	181.66667	189.33333	190.33333	188.33333	181.0	160.0	147.0	151.33333	155.66667	159.33333	175.0	184.66667	189.33333	166.66667	159.66667	160.33333	136.0	140.33333	142.66667	146.33333	148.33333	144.0	111.333336	26.333334	13.333333	13.666667	
123.0	135.66667	137.0	140.0	149.33333	155.0	159.33333	166.0	173.33333	176.33333	181.66667	189.33333	189.33333	183.0	164.66667	152.66667	154.33333	160.0	167.33333	167.0	173.66667	182.33333	186.0	159.0	153.66667	170.0	140.0	135.33333	139.0	142.66667	143.0	137.33333	84.0	16.0	13.666667	14.666667	
112.0	132.0	139.33333	143.33333	149.66667	154.0	157.0	155.33333	158.33333	168.0	174.33333	182.66667	181.66667	164.33333	150.66667	162.0	164.0	152.33333	153.0	163.66667	174.0	179.66667	176.33333	146.33333	142.0	151.0	129.33333	126.0	127.0	135.33333	134.0	125.333336	57.666668	15.333333	15.0	14.666667	
96.666664	126.0	135.0	138.66667	147.0	155.66667	156.66667	153.33333	151.66667	155.66667	166.66667	172.33333	158.33333	144.66667	153.0	161.66667	155.0	144.33333	136.0	136.33333	148.33333	159.66667	153.33333	130.0	122.666664	124.666664	120.333336	123.333336	116.333336	127.333336	130.66667	112.666664	35.0	14.0	15.333333	15.333333	
75.0	124.0	124.333336	135.33333	140.33333	152.66667	157.0	154.33333	151.0	152.66667	160.0	148.33333	133.33333	143.0	147.0	152.66667	151.0	146.66667	139.33333	128.33333	121.0	123.0	116.666664	104.333336	109.666664	121.333336	121.333336	124.0	118.666664	118.333336	127.0	85.333336	25.333334	16.0	16.0	15.333333	
50.666668	123.0	118.0	125.666664	129.66667	135.33333	152.33333	151.0	146.66667	152.0	149.0	132.0	134.0	139.0	138.0	143.66667	147.33333	143.33333	138.66667	131.33333	113.666664	102.0	103.0	103.0	109.666664	120.0	115.666664	108.333336	108.666664	114.333336	117.666664	54.0	23.333334	23.333334	17.333334	15.666667	
31.0	111.333336	124.333336	111.666664	121.666664	125.666664	142.66667	147.33333	145.0	148.66667	143.0	131.66667	129.33333	117.333336	122.666664	132.66667	139.0	140.0	141.66667	135.33333	117.0	108.666664	115.333336	112.666664	108.333336	111.666664	101.333336	81.666664	90.333336	111.666664	100.0	29.333334	20.333334	25.666666	20.666666	16.333334	
22.333334	86.666664	130.66667	111.0	111.666664	119.666664	131.66667	145.66667	144.0	147.0	142.33333	131.0	116.333336	101.666664	110.666664	121.666664	130.33333	136.66667	142.0	138.66667	126.333336	123.666664	128.33333	117.0	105.333336	106.666664	92.0	73.333336	86.333336	103.333336	69.666664	18.333334	16.0	23.333334	25.333334	22.0	
18.0	60.333332	122.0	118.333336	112.666664	111.666664	116.0	136.66667	144.33333	145.0	142.66667	129.66667	114.0	117.0	125.0	122.0	121.333336	121.333336	121.333336	118.0	114.666664	108.666664	103.333336	94.666664	94.333336	109.333336	105.333336	89.666664	88.333336	91.666664	43.666668	14.666667	14.0	19.0	25.333334	27.333334	
15.333333	37.333332	106.333336	124.0	114.666664	113.333336	111.333336	121.333336	137.0	140.0	136.33333	124.0	116.0	125.666664	133.66667	131.33333	129.33333	131.66667	137.66667	134.66667	125.0	113.333336	108.666664	109.666664	112.0	115.0	107.333336	93.333336	90.333336	77.0	28.333334	19.666666	12.0	15.666667	23.0	27.333334	
15.333333	20.666666	76.0	124.0	113.333336	117.333336	116.0	113.0	123.666664	133.33333	129.0	118.0	113.666664	122.333336	132.66667	130.33333	128.0	128.33333	131.66667	134.0	126.666664	112.333336	104.666664	97.666664	94.0	97.666664	98.0	94.0	87.0	46.0	21.333334	20.666666	11.333333	15.0	20.333334	25.333334	
16.333334	14.333333	38.666668	107.333336	115.0	111.666664	118.0	118.0	115.333336	121.333336	126.0	118.333336	111.666664	118.333336	124.666664	123.666664	119.0	108.333336	98.666664	92.0	84.333336	75.0	67.0	69.0	79.666664	88.666664	98.333336	102.333336	68.666664	19.666666	19.666666	18.333334	10.0	13.333333	18.333334	23.0	
16.0	14.0	18.666666	68.666664	117.333336	109.333336	114.0	117.0	115.333336	111.333336	122.0	122.0	118.666664	122.0	122.0	119.0	114.666664	103.333336	97.666664	101.0	99.0	92.0	83.333336	82.666664	86.666664	96.666664	108.666664	90.333336	33.666668	13.333333	17.0	13.666667	8.666667	11.666667	16.0	21.666666	
16.333334	16.666666	14.0	30.333334	87.666664	110.0	107.333336	113.333336	113.666664	109.666664	105.666664	114.0	121.666664	126.666664	130.33333	126.666664	125.333336	126.0	133.66667	135.66667	125.333336	112.666664	103.0	107.0	108.0	109.333336	103.666664	49.333332	12.333333	13.0	15.0	9.0	7.3333335	11.666667	15.333333	19.333334	
16.333334	17.0	11.0	13.0	39.333332	93.0	100.333336	103.666664	109.0	114.0	107.333336	103.333336	108.666664	124.333336	134.0	133.33333	132.66667	132.33333	142.33333	139.0	126.333336	116.333336	105.0	108.0	116.0	114.666664	67.333336	15.333333	9.333333	12.333333	12.666667	6.0	7.0	11.333333	14.666667	17.666666	
15.0	17.0	11.333333	11.333333	17.0	48.333332	89.666664	95.666664	101.666664	105.333336	109.0	106.0	100.333336	111.333336	127.333336	133.66667	132.33333	130.0	128.66667	128.0	119.333336	109.333336	99.0	95.666664	102.666664	88.666664	27.0	7.0	10.666667	12.333333	10.666667	5.0	5.6666665	10.333333	13.666667	16.666666	
13.0	16.333334	13.0	10.666667	13.0	19.333334	54.0	92.666664	92.333336	98.333336	102.0	100.0	96.0	96.666664	105.666664	118.333336	119.0	116.666664	113.333336	114.0	102.0	90.0	82.0	75.666664	76.0	48.0	11.666667	6.3333335	11.0	11.0	8.333333	3.6666667	4.6666665	9.333333	12.666667	15.333333	
9.666667	15.333333	15.0	11.666667	12.666667	14.666667	20.333334	63.333332	95.0	91.333336	95.333336	102.666664	101.0	95.0	91.666664	96.666664	97.333336	90.333336	83.666664	76.0	69.0	61.333332	59.0	67.0	63.333332	27.0	8.333333	6.3333335	10.0	10.0	6.3333335	3.6666667	5.6666665	11.0	14.0	15.333333	
