102.333336	110.333336	132.33333	158.33333	173.0	178.66667	182.33333	185.33333	185.0	186.0	190.0	187.33333	183.66667	183.33333	182.33333	179.33333	176.66667	174.0	174.0	172.33333	165.33333	157.66667	148.0	136.0	127.0	122.333336	118.0	109.666664	94.0	80.666664	67.0	58.0	52.0	41.0	30.666666	17.333334	
107.0	123.0	143.0	160.66667	171.66667	178.33333	181.33333	182.33333	182.66667	182.0	183.0	183.66667	183.0	183.33333	183.66667	181.66667	178.66667	174.33333	171.66667	172.0	169.66667	164.0	154.33333	140.33333	128.66667	122.333336	119.666664	112.666664	97.0	84.0	70.333336	59.0	52.333332	41.0	30.666666	16.666666	
112.333336	132.33333	150.0	162.0	170.66667	176.0	178.33333	179.0	178.66667	179.0	177.0	178.66667	179.66667	180.33333	182.0	183.66667	182.33333	176.33333	171.33333	171.33333	171.0	165.66667	155.33333	142.0	130.66667	122.333336	119.666664	116.0	101.0	87.0	75.0	59.666668	51.0	40.333332	28.333334	17.666666	
119.333336	140.66667	156.66667	163.33333	170.33333	171.0	173.0	175.66667	175.0	177.33333	174.0	173.33333	176.0	176.66667	177.33333	178.66667	178.66667	173.33333	169.33333	169.33333	167.0	160.66667	152.66667	141.66667	132.0	123.666664	120.666664	119.0	104.333336	89.0	76.666664	61.333332	49.666668	40.333332	27.666666	19.0	
125.666664	147.33333	162.33333	165.33333	170.0	169.66667	171.66667	173.33333	173.66667	176.0	175.66667	174.33333	176.33333	177.33333	177.66667	177.66667	175.33333	170.66667	169.0	170.33333	167.33333	161.33333	154.66667	144.33333	135.33333	128.0	123.0	121.333336	107.333336	89.666664	76.0	62.333332	49.0	40.333332	29.666666	18.0	
124.0	148.0	165.0	170.0	174.66667	174.66667	173.33333	171.33333	172.0	173.33333	173.33333	175.0	178.0	180.0	181.33333	180.33333	176.66667	171.33333	170.66667	172.66667	170.0	165.33333	159.0	149.33333	140.33333	135.0	131.33333	129.0	113.666664	92.666664	77.666664	65.666664	50.666668	39.0	33.0	18.666666	
122.0	150.0	169.0	175.33333	180.33333	181.0	176.66667	172.33333	172.0	172.33333	172.0	174.0	177.33333	182.0	184.33333	183.33333	180.0	172.66667	170.0	172.66667	171.66667	167.0	161.66667	153.66667	146.33333	141.66667	140.66667	136.66667	119.666664	98.0	81.666664	72.666664	56.0	38.0	30.333334	18.333334	
118.666664	143.33333	163.33333	172.66667	182.0	185.0	180.66667	177.33333	175.66667	175.0	175.66667	177.66667	179.0	182.33333	185.66667	186.66667	183.0	174.33333	169.66667	172.33333	172.33333	166.0	162.33333	159.66667	154.0	147.66667	148.0	140.0	121.0	100.333336	84.666664	76.666664	57.0	36.333332	29.333334	19.333334	
118.0	137.0	160.33333	170.33333	181.0	184.66667	183.66667	182.33333	176.66667	178.0	182.0	181.0	180.33333	181.33333	184.0	185.66667	183.33333	176.0	170.66667	171.33333	171.0	167.33333	165.0	163.0	159.33333	156.33333	155.0	146.66667	128.0	110.0	92.333336	78.666664	55.666668	33.0	28.333334	19.666666	
116.0	137.33333	163.0	168.66667	177.0	181.0	180.0	181.0	176.66667	178.33333	183.0	184.0	184.66667	184.66667	185.0	185.66667	182.0	175.66667	171.66667	168.66667	166.33333	165.66667	166.0	167.0	165.66667	164.0	156.33333	147.33333	129.66667	111.666664	93.666664	77.333336	54.666668	31.0	25.666666	18.0	
116.333336	139.0	160.66667	163.66667	172.0	177.33333	178.66667	182.0	181.33333	181.66667	184.33333	185.0	184.0	181.33333	181.33333	181.66667	179.33333	174.66667	172.0	167.33333	164.66667	163.66667	164.66667	168.33333	167.66667	165.0	152.66667	139.33333	121.666664	107.666664	94.333336	80.333336	58.0	31.333334	24.0	17.666666	
115.666664	135.33333	156.33333	161.33333	168.66667	175.0	181.66667	187.33333	187.33333	185.33333	184.66667	182.66667	181.0	177.33333	176.0	177.33333	175.66667	167.66667	164.33333	163.33333	163.33333	163.33333	164.33333	167.0	162.33333	160.33333	148.0	129.66667	113.666664	104.0	95.666664	86.666664	63.666668	37.0	23.333334	19.333334	
112.333336	130.33333	157.0	164.66667	168.66667	173.66667	184.0	191.0	189.66667	185.33333	182.33333	176.33333	173.0	165.66667	166.33333	167.0	165.33333	152.0	147.0	157.33333	161.0	160.33333	159.33333	161.33333	152.0	148.66667	132.66667	118.666664	108.0	99.666664	92.333336	86.666664	73.666664	50.666668	25.666666	19.0	
116.0	136.66667	159.0	168.66667	173.66667	174.33333	183.66667	191.33333	186.33333	182.66667	176.33333	157.33333	144.0	128.66667	130.0	129.66667	134.66667	136.0	140.66667	150.33333	154.0	153.66667	145.0	149.0	139.33333	131.66667	116.333336	104.0	93.666664	83.0	79.0	71.333336	74.666664	57.333332	29.333334	19.0	
117.333336	143.33333	160.33333	169.33333	177.66667	177.66667	182.66667	188.33333	179.33333	171.0	161.0	137.66667	113.333336	88.0	75.0	73.666664	89.666664	107.333336	126.333336	139.66667	150.0	152.33333	131.0	127.666664	123.666664	105.0	83.666664	69.0	60.333332	53.666668	60.0	59.666668	65.666664	50.333332	29.333334	21.666666	
124.333336	147.0	159.66667	167.33333	176.0	179.66667	183.66667	179.66667	162.0	156.33333	148.0	126.0	97.666664	72.666664	54.0	52.0	69.666664	87.0	110.333336	133.66667	151.66667	155.33333	131.0	110.333336	97.0	71.666664	52.333332	50.666668	51.0	52.333332	60.0	62.0	56.333332	40.0	26.333334	21.666666	
135.66667	148.33333	155.33333	165.33333	175.0	181.33333	180.66667	164.33333	148.0	144.66667	125.333336	97.333336	72.0	54.0	46.0	55.0	64.0	73.666664	100.333336	137.66667	161.66667	171.33333	150.0	111.333336	67.333336	49.0	45.666668	47.333332	43.666668	45.333332	47.666668	53.333332	45.666668	31.0	24.0	21.0	
134.33333	146.66667	155.0	167.66667	176.33333	181.66667	177.0	159.33333	143.33333	125.333336	86.666664	65.666664	53.333332	37.0	42.666668	70.666664	74.666664	81.0	111.0	144.0	167.66667	182.0	172.33333	131.33333	70.666664	52.666668	63.666668	48.333332	31.333334	24.333334	30.666666	37.333332	43.333332	32.333332	24.333334	18.666666	
142.0	151.66667	159.33333	173.0	179.0	182.33333	176.33333	159.33333	139.0	106.0	85.666664	93.333336	90.666664	65.0	69.0	97.0	106.666664	120.666664	143.33333	152.66667	169.66667	184.33333	181.66667	152.33333	97.666664	65.666664	80.0	67.333336	35.666668	35.666668	42.0	39.0	50.333332	38.333332	24.0	16.666666	
144.33333	159.33333	167.33333	176.33333	178.33333	180.0	174.66667	159.0	143.33333	133.33333	144.0	146.0	129.33333	108.666664	105.666664	115.666664	120.666664	138.0	161.33333	163.0	171.33333	182.66667	182.33333	164.0	129.66667	85.333336	83.333336	77.666664	61.666668	58.666668	55.666668	50.666668	54.0	42.666668	25.666666	20.0	
140.66667	161.66667	172.66667	177.66667	179.33333	181.0	178.0	166.66667	162.33333	164.66667	168.0	159.33333	142.0	127.333336	126.333336	132.33333	128.0	138.0	163.33333	169.0	174.33333	182.66667	182.33333	169.0	144.66667	101.666664	84.333336	78.333336	77.0	77.333336	73.666664	72.333336	64.0	52.333332	30.333334	22.333334	
143.0	162.66667	171.66667	174.33333	181.0	185.66667	182.66667	174.66667	173.0	170.66667	165.66667	162.33333	155.0	142.33333	136.0	136.33333	142.0	155.33333	169.0	174.0	180.0	185.0	184.66667	174.66667	151.66667	104.333336	82.333336	85.333336	85.333336	89.333336	90.333336	84.0	78.0	66.333336	35.0	21.0	
149.0	167.33333	167.66667	166.0	172.66667	180.33333	183.33333	181.33333	173.66667	165.0	162.0	160.33333	157.0	149.33333	144.33333	148.66667	165.33333	175.66667	177.0	177.0	181.0	184.66667	185.66667	177.33333	157.66667	103.333336	73.0	84.333336	93.333336	95.333336	93.0	88.0	89.333336	75.333336	38.666668	21.333334	
161.0	168.66667	164.33333	158.66667	162.66667	175.0	183.66667	182.33333	174.66667	167.66667	164.0	160.66667	159.66667	154.0	153.66667	163.66667	178.0	182.0	179.0	175.0	176.66667	180.66667	184.66667	182.33333	165.0	110.333336	71.333336	79.666664	91.333336	95.666664	95.333336	92.666664	91.333336	73.333336	39.333332	22.333334	
161.33333	163.66667	161.33333	158.33333	159.0	169.33333	177.66667	175.0	171.66667	172.0	169.66667	164.66667	161.66667	161.0	168.33333	177.33333	180.33333	179.33333	174.0	171.66667	178.0	185.33333	188.33333	188.33333	174.33333	128.0	79.666664	78.333336	85.333336	91.0	97.333336	96.333336	87.333336	65.666664	36.333332	24.0	
154.33333	164.0	162.33333	162.66667	159.66667	162.33333	168.0	168.0	164.33333	167.33333	167.33333	164.66667	164.66667	170.0	176.66667	178.66667	177.0	162.33333	156.33333	168.0	177.66667	185.66667	190.66667	189.33333	180.0	144.66667	91.0	79.666664	87.333336	91.333336	99.0	96.666664	78.666664	53.333332	30.0	23.666666	
136.0	157.66667	162.0	164.66667	164.66667	162.66667	162.0	162.0	157.0	156.66667	158.66667	161.33333	167.66667	175.33333	178.0	172.66667	162.66667	137.66667	146.66667	172.0	181.33333	188.0	193.33333	190.66667	179.33333	152.33333	100.0	84.333336	95.666664	95.666664	98.666664	91.666664	68.666664	42.333332	25.666666	22.0	
134.33333	151.0	158.33333	161.0	165.33333	164.33333	159.0	157.33333	155.33333	153.66667	157.33333	162.33333	169.66667	173.0	175.66667	167.0	143.33333	128.33333	154.33333	176.33333	181.66667	185.66667	185.66667	181.33333	168.66667	145.33333	96.666664	84.333336	99.0	95.666664	96.666664	87.333336	60.333332	36.666668	25.333334	23.333334	
145.66667	150.33333	158.33333	162.66667	165.66667	166.66667	159.66667	157.33333	155.33333	157.0	161.33333	165.0	171.0	172.33333	168.66667	153.66667	127.333336	130.66667	156.66667	164.0	158.0	158.0	162.33333	161.0	145.0	120.333336	73.0	69.0	100.333336	100.0	95.333336	80.333336	52.333332	31.666666	25.666666	24.666666	
142.0	149.66667	155.66667	162.33333	164.33333	169.33333	167.66667	161.0	156.0	157.33333	161.66667	162.33333	166.66667	168.33333	163.0	141.66667	124.666664	148.66667	159.0	132.33333	114.0	116.666664	125.666664	127.0	106.666664	81.333336	51.666668	67.666664	104.333336	101.0	89.0	72.666664	48.666668	30.666666	26.0	26.333334	
155.66667	148.0	146.66667	162.66667	165.33333	167.66667	167.33333	163.66667	161.0	160.66667	163.33333	162.0	163.0	166.0	156.0	134.0	139.66667	170.66667	173.66667	149.0	136.0	133.0	114.0	100.333336	73.333336	49.0	47.0	76.333336	107.666664	100.333336	84.0	66.333336	44.0	26.666666	24.666666	27.0	
151.33333	134.33333	139.33333	163.66667	164.0	161.33333	159.33333	160.33333	161.66667	162.0	166.66667	166.0	165.0	167.0	149.0	135.33333	162.0	182.66667	182.33333	175.66667	167.66667	157.33333	129.0	119.333336	92.666664	62.0	66.666664	84.0	103.666664	101.0	82.666664	60.333332	38.333332	22.666666	23.0	26.666666	
126.333336	119.666664	136.0	163.0	164.66667	159.33333	154.33333	158.0	160.66667	161.66667	168.33333	170.66667	168.66667	159.0	137.33333	146.0	172.66667	180.33333	181.33333	177.66667	172.33333	159.0	138.0	138.66667	112.333336	81.0	79.0	81.0	90.666664	94.0	79.0	54.333332	33.333332	20.666666	23.333334	26.666666	
122.0	121.666664	132.66667	154.66667	161.33333	157.33333	152.66667	158.33333	162.0	162.0	169.66667	171.0	163.33333	141.66667	130.33333	159.0	172.66667	177.0	180.66667	180.0	176.33333	162.0	136.66667	143.33333	126.0	94.333336	83.0	76.333336	76.0	81.666664	71.333336	48.333332	29.0	17.666666	24.0	28.666666	
123.666664	125.0	129.66667	150.0	157.66667	156.0	154.33333	160.66667	160.33333	159.33333	168.0	164.33333	150.66667	122.666664	140.0	165.0	166.0	177.0	178.33333	176.33333	173.66667	163.33333	141.33333	150.0	137.0	102.666664	88.0	78.0	67.333336	67.333336	62.333332	45.0	27.0	17.666666	24.0	28.0	
124.333336	125.666664	127.0	148.33333	157.33333	154.66667	156.66667	162.66667	158.0	153.66667	164.33333	162.66667	145.0	130.0	154.33333	151.0	151.66667	166.0	157.33333	140.66667	130.0	124.0	120.666664	125.0	114.0	95.0	84.333336	71.333336	56.666668	57.333332	58.333332	44.0	25.333334	19.333334	24.333334	27.666666	
126.0	125.666664	126.333336	145.0	152.66667	152.66667	154.33333	160.33333	157.33333	148.33333	160.66667	164.33333	145.0	137.66667	145.0	129.66667	135.66667	130.0	99.0	68.333336	54.333332	57.0	64.333336	59.666668	58.666668	59.333332	59.666668	54.666668	47.666668	53.666668	60.0	46.666668	24.0	19.333334	24.666666	26.666666	
127.0	126.333336	126.333336	142.66667	146.66667	149.0	149.33333	158.33333	159.66667	146.33333	157.0	166.0	147.0	131.33333	119.0	113.666664	115.0	96.333336	67.666664	66.333336	76.0	66.333336	71.0	60.666668	53.666668	50.0	47.0	48.0	47.333332	56.0	65.333336	47.666668	21.666666	18.0	25.333334	28.666666	
128.0	126.666664	125.0	140.66667	147.66667	141.0	143.66667	157.66667	158.33333	142.66667	149.33333	164.33333	146.66667	119.333336	109.333336	134.33333	140.0	128.66667	112.333336	109.666664	117.0	119.333336	129.33333	114.0	99.333336	92.666664	76.666664	58.666668	55.333332	67.333336	71.333336	43.666668	21.0	18.666666	25.333334	31.666666	
127.666664	127.333336	124.333336	137.0	151.33333	138.0	137.0	154.33333	155.33333	139.66667	142.66667	160.33333	145.66667	118.333336	120.0	144.33333	157.66667	160.33333	156.66667	144.0	125.333336	122.0	127.0	119.666664	118.0	112.0	81.333336	57.0	50.666668	72.666664	71.0	34.666668	20.333334	19.666666	24.666666	32.666668	
125.333336	126.333336	125.333336	136.66667	152.33333	142.33333	133.33333	148.33333	154.0	138.66667	139.33333	154.33333	144.0	124.0	130.33333	145.66667	152.0	157.66667	160.0	157.33333	142.0	128.66667	122.333336	117.333336	110.0	90.333336	62.666668	48.333332	55.0	74.666664	60.666668	30.666666	17.666666	16.333334	24.0	30.0	
127.0	125.0	125.0	132.0	148.66667	150.66667	136.33333	138.0	150.0	141.66667	140.0	150.0	148.33333	136.66667	143.33333	153.33333	151.33333	149.0	145.0	135.66667	124.333336	110.666664	100.0	95.333336	82.666664	64.333336	47.666668	40.333332	66.0	73.333336	48.333332	29.0	18.0	16.0	23.333334	29.333334	
127.666664	126.333336	126.333336	139.0	152.66667	153.0	143.33333	130.66667	139.33333	146.66667	144.33333	149.0	154.0	151.0	153.0	159.33333	157.66667	151.33333	138.33333	122.666664	101.666664	84.333336	73.333336	70.666664	65.0	56.333332	50.333332	51.333332	67.666664	62.333332	43.0	23.0	19.0	18.666666	24.333334	31.333334	
125.666664	127.333336	131.66667	169.33333	165.33333	148.33333	147.66667	135.33333	131.33333	143.66667	146.33333	149.66667	155.0	156.33333	157.33333	163.0	165.33333	162.66667	152.66667	138.33333	114.666664	97.666664	89.333336	85.333336	79.0	69.333336	69.0	70.666664	66.333336	51.333332	39.0	21.0	20.333334	17.666666	24.666666	32.666668	
124.666664	124.666664	136.66667	188.33333	167.0	149.0	149.0	139.0	132.66667	136.0	144.0	146.66667	150.0	155.0	160.33333	167.33333	170.33333	170.33333	164.66667	156.33333	141.66667	125.666664	114.0	105.333336	95.666664	87.333336	88.0	80.333336	65.666664	44.333332	32.0	19.666666	20.333334	17.666666	23.666666	32.0	
126.666664	112.333336	134.33333	203.33333	174.0	151.0	148.66667	137.66667	133.33333	130.66667	134.0	138.0	144.0	151.66667	161.0	170.0	171.33333	172.66667	171.33333	166.0	156.0	147.33333	128.66667	112.333336	105.666664	98.666664	96.666664	81.666664	56.0	33.0	22.0	18.0	19.666666	17.0	24.0	31.0	
115.666664	83.333336	128.66667	211.66667	176.66667	149.66667	146.66667	134.66667	133.66667	131.66667	129.0	127.333336	131.66667	142.66667	154.0	165.0	167.33333	168.33333	169.66667	168.0	158.0	147.66667	127.333336	112.666664	110.333336	101.0	96.333336	76.666664	38.666668	31.0	24.0	17.0	17.666666	17.666666	25.0	31.333334	
78.333336	55.666668	124.333336	220.66667	190.66667	151.66667	143.0	138.66667	134.0	130.66667	130.0	125.333336	125.666664	135.66667	146.0	155.66667	158.0	156.66667	157.0	157.66667	148.0	130.66667	115.0	111.333336	112.666664	99.666664	83.333336	61.666668	30.333334	56.666668	40.666668	14.666667	17.0	21.0	25.333334	30.666666	
53.0	49.333332	116.666664	228.0	222.66667	177.66667	142.33333	135.33333	135.66667	135.0	137.0	131.0	125.0	126.666664	135.33333	146.33333	148.33333	146.0	144.33333	141.33333	134.0	116.666664	108.333336	113.333336	107.0	87.0	59.0	40.0	41.0	91.666664	48.666668	10.666667	11.0	20.0	25.666666	30.0	
