19.0	14.333333	47.333332	111.0	179.0	224.33333	218.66667	205.33333	206.66667	205.66667	208.33333	213.33333	220.33333	224.33333	231.0	236.0	230.33333	224.0	217.66667	211.0	208.0	210.0	209.33333	208.33333	201.33333	195.0	193.0	188.0	181.33333	179.33333	176.0	170.33333	158.66667	123.666664	53.666668	25.666666	
18.333334	25.333334	71.0	134.66667	186.66667	219.0	220.66667	214.0	211.33333	211.0	214.66667	219.0	223.33333	225.33333	232.0	233.33333	223.33333	224.33333	221.66667	212.66667	209.0	208.33333	212.66667	212.0	207.33333	203.33333	199.66667	195.0	187.0	180.66667	182.0	174.33333	163.33333	143.33333	89.0	33.333332	
24.666666	39.333332	89.0	152.66667	195.66667	211.33333	219.33333	219.0	214.66667	214.33333	215.66667	219.33333	222.66667	221.33333	223.0	224.0	222.0	223.0	217.0	214.0	212.66667	212.33333	208.33333	207.33333	205.66667	203.66667	203.0	191.66667	186.33333	185.33333	185.0	177.66667	165.0	150.66667	122.666664	54.0	
37.666668	53.333332	103.333336	163.33333	203.33333	206.33333	207.66667	211.0	212.66667	213.33333	215.0	215.33333	215.33333	212.33333	209.33333	207.33333	209.66667	210.66667	207.66667	210.0	210.33333	209.66667	207.66667	205.66667	203.66667	199.0	199.66667	191.33333	188.0	187.33333	184.66667	178.66667	165.33333	149.66667	135.0	80.333336	
43.333332	61.0	107.333336	160.0	195.0	201.66667	201.66667	203.33333	207.66667	213.66667	212.33333	207.0	205.0	201.33333	199.0	198.33333	199.0	201.33333	201.0	203.33333	204.66667	205.33333	204.33333	201.33333	200.0	193.66667	192.0	190.0	188.0	187.66667	184.33333	177.33333	162.66667	151.0	142.0	99.333336	
39.333332	62.666668	106.666664	157.66667	191.66667	199.0	197.66667	199.0	203.33333	206.33333	205.33333	204.0	203.66667	201.33333	198.33333	196.33333	196.66667	198.66667	198.0	199.0	196.33333	200.66667	201.0	196.0	196.0	192.0	188.0	187.0	186.0	185.66667	180.33333	170.66667	161.0	158.0	150.0	109.0	
41.333332	64.0	109.333336	154.0	182.66667	191.0	193.66667	194.66667	201.66667	201.66667	202.0	201.33333	203.33333	203.0	202.0	200.66667	199.0	197.33333	195.33333	195.33333	197.66667	201.66667	202.0	194.66667	196.0	193.33333	187.0	183.66667	183.0	182.0	178.33333	169.0	164.33333	163.0	153.66667	118.666664	
42.333332	68.333336	114.333336	159.0	184.66667	194.66667	198.66667	195.0	194.33333	196.33333	202.66667	205.66667	204.0	207.66667	208.66667	206.33333	204.0	200.33333	196.0	197.66667	196.33333	200.66667	200.66667	196.66667	201.33333	199.33333	196.33333	191.66667	184.33333	181.0	175.33333	170.33333	170.0	165.66667	151.33333	120.0	
45.666668	74.666664	119.0	161.66667	185.0	190.66667	198.66667	197.33333	194.66667	193.33333	198.66667	203.33333	205.66667	210.66667	205.66667	206.0	203.0	203.66667	199.66667	199.0	199.66667	203.0	206.33333	204.66667	203.0	199.66667	195.0	191.33333	186.66667	180.33333	173.33333	167.66667	172.33333	165.0	148.0	120.0	
45.0	84.666664	130.33333	161.33333	180.0	188.66667	196.66667	201.0	200.66667	204.0	204.0	203.33333	203.33333	206.33333	204.0	203.66667	199.0	199.33333	200.0	200.66667	202.0	204.66667	207.0	205.33333	196.33333	190.66667	188.0	183.66667	181.33333	181.0	178.66667	175.0	175.0	163.33333	142.33333	119.333336	
56.0	97.666664	138.33333	160.66667	176.66667	185.66667	196.66667	201.33333	204.0	206.0	207.66667	206.33333	201.33333	199.0	201.33333	203.33333	201.66667	197.33333	194.66667	195.66667	199.33333	201.66667	203.66667	203.0	192.66667	186.0	181.0	177.0	175.0	179.33333	180.66667	182.0	172.0	157.66667	135.66667	116.666664	
67.666664	111.333336	147.33333	162.0	175.66667	183.66667	184.0	172.33333	157.33333	154.66667	161.33333	164.0	168.66667	169.0	182.33333	200.33333	200.33333	203.0	192.0	194.0	198.66667	195.66667	204.0	199.33333	184.66667	172.0	162.0	153.0	145.33333	144.0	144.66667	144.66667	148.0	147.33333	133.33333	118.333336	
85.0	120.666664	155.33333	169.33333	175.66667	164.33333	126.666664	104.333336	102.333336	91.333336	88.333336	82.333336	87.0	92.0	121.0	158.66667	182.33333	196.66667	190.66667	192.66667	195.66667	187.0	190.66667	174.66667	153.0	127.0	101.666664	82.0	81.0	80.666664	79.666664	83.0	94.333336	114.333336	129.33333	122.333336	
92.333336	134.66667	161.66667	167.66667	165.66667	138.66667	105.666664	96.0	90.666664	78.666664	76.0	78.0	82.666664	88.666664	107.666664	127.0	148.66667	165.0	173.66667	182.0	179.0	170.33333	163.66667	148.66667	127.666664	106.666664	81.666664	68.0	66.333336	67.333336	65.333336	62.666668	68.333336	80.666664	108.0	121.333336	
101.333336	146.33333	165.33333	167.0	167.0	149.0	114.666664	101.666664	99.333336	100.666664	113.0	119.333336	114.0	114.666664	117.0	117.333336	126.0	137.66667	148.66667	153.66667	149.66667	148.0	140.0	129.0	116.666664	109.666664	108.333336	104.666664	105.333336	100.333336	90.0	81.666664	78.0	98.333336	118.0	122.333336	
117.0	159.0	167.66667	166.66667	170.66667	159.33333	136.33333	126.666664	128.0	130.0	154.33333	163.0	150.66667	135.66667	123.666664	112.666664	112.333336	119.666664	129.0	136.66667	134.33333	130.33333	121.333336	113.0	114.333336	123.0	125.666664	125.666664	129.66667	125.0	114.333336	112.333336	111.666664	118.0	132.66667	130.33333	
133.33333	168.0	182.66667	175.33333	165.66667	151.66667	134.66667	137.33333	145.33333	158.66667	183.66667	191.66667	179.33333	144.0	112.333336	103.666664	106.666664	117.0	134.0	152.0	158.33333	137.33333	115.666664	114.333336	119.333336	120.333336	129.33333	152.33333	165.33333	157.0	137.33333	122.0	120.333336	122.0	132.33333	135.33333	
153.66667	184.0	195.66667	188.33333	165.66667	146.33333	137.66667	137.66667	146.0	155.33333	155.33333	136.0	112.666664	96.0	87.666664	86.666664	99.333336	119.666664	156.33333	180.66667	188.33333	161.33333	122.666664	113.666664	106.0	103.333336	123.0	152.66667	162.66667	158.0	147.66667	131.0	123.0	123.333336	130.33333	138.0	
165.0	190.33333	201.0	194.0	170.33333	149.0	134.0	126.0	114.333336	91.333336	85.666664	54.333332	42.666668	73.333336	82.666664	89.0	99.333336	126.333336	176.0	203.66667	210.0	177.0	122.333336	108.333336	95.666664	87.0	80.333336	57.666668	59.0	81.666664	105.333336	115.666664	113.0	125.333336	140.66667	156.0	
168.66667	189.66667	202.33333	204.33333	195.0	178.0	149.0	124.666664	104.666664	97.0	95.0	90.0	91.666664	96.666664	93.666664	102.333336	115.0	144.0	184.0	219.33333	227.33333	195.0	131.66667	112.333336	104.0	103.0	99.0	65.0	59.0	72.666664	65.0	77.0	99.0	127.0	154.66667	170.0	
167.66667	187.33333	202.66667	206.33333	210.0	204.33333	191.0	172.66667	149.66667	135.0	125.666664	130.33333	128.66667	113.0	107.0	107.0	131.0	163.33333	196.0	227.66667	229.33333	209.0	151.33333	132.33333	126.666664	126.666664	129.33333	113.666664	99.0	95.333336	91.333336	102.333336	131.66667	152.66667	170.66667	176.33333	
157.66667	181.66667	203.33333	211.66667	216.33333	215.66667	210.33333	191.0	169.33333	148.33333	135.33333	129.0	125.0	119.333336	118.666664	126.333336	156.33333	178.66667	205.66667	231.0	227.33333	214.33333	167.66667	142.66667	136.66667	130.0	128.66667	119.0	111.0	109.666664	118.666664	140.66667	169.66667	179.66667	186.0	185.0	
146.66667	171.33333	191.33333	205.33333	212.33333	216.0	213.33333	206.0	191.33333	179.33333	174.66667	165.0	149.0	134.0	136.66667	153.66667	170.33333	185.0	202.0	228.33333	225.33333	209.33333	165.0	146.66667	144.66667	138.0	137.66667	141.33333	141.66667	136.0	141.66667	168.0	189.33333	191.66667	189.66667	182.66667	
135.0	156.33333	175.0	190.66667	199.66667	208.33333	212.0	213.33333	208.33333	200.0	190.33333	176.0	151.33333	155.0	173.33333	175.66667	177.0	182.33333	195.66667	224.33333	228.66667	207.0	160.66667	141.33333	150.66667	163.0	157.66667	153.33333	162.66667	168.0	180.33333	198.66667	201.66667	196.0	189.66667	175.66667	
121.666664	143.0	158.33333	172.66667	184.66667	195.66667	200.66667	206.0	208.33333	202.33333	195.33333	191.66667	190.66667	195.0	193.66667	186.66667	182.33333	183.33333	197.0	223.33333	225.66667	208.0	169.0	147.66667	153.33333	177.0	183.0	182.33333	192.66667	199.33333	206.66667	209.33333	203.66667	192.66667	182.66667	163.33333	
113.666664	134.0	147.66667	157.33333	168.0	180.66667	191.66667	202.66667	208.0	207.66667	208.33333	207.0	205.0	200.33333	191.33333	174.0	172.0	176.0	201.33333	218.66667	214.0	203.0	166.66667	142.0	152.0	178.0	190.0	192.33333	198.0	203.33333	201.0	199.33333	190.66667	178.0	168.66667	149.33333	
109.0	118.0	133.33333	144.33333	157.0	172.0	183.33333	197.33333	210.66667	214.0	213.66667	212.33333	204.66667	189.0	162.66667	149.33333	167.33333	172.33333	197.66667	208.0	204.33333	189.33333	161.33333	139.33333	143.33333	168.66667	192.0	196.33333	198.0	199.0	198.33333	196.33333	182.33333	167.33333	150.66667	127.333336	
109.333336	110.0	125.0	133.0	147.0	163.66667	177.33333	190.66667	206.66667	209.33333	207.33333	204.66667	187.33333	159.33333	138.33333	169.66667	198.66667	192.33333	182.33333	193.66667	195.0	170.66667	152.66667	167.0	162.66667	147.66667	177.33333	188.66667	193.66667	195.66667	195.0	187.0	171.0	155.33333	138.33333	118.0	
114.666664	107.0	120.666664	131.33333	141.33333	154.0	168.33333	178.0	190.0	198.33333	199.33333	187.33333	158.0	135.66667	141.0	171.33333	180.66667	175.0	153.66667	158.33333	161.0	141.66667	130.33333	151.0	159.0	136.66667	151.66667	171.0	179.33333	182.33333	178.0	168.0	157.0	143.33333	129.0	115.666664	
120.333336	109.333336	119.666664	136.66667	144.33333	147.66667	156.0	160.33333	171.33333	180.66667	182.66667	164.66667	139.66667	129.0	133.66667	141.0	123.333336	103.0	109.0	119.333336	120.666664	105.0	91.666664	109.666664	128.0	123.333336	136.33333	155.33333	161.66667	165.0	163.0	153.66667	145.66667	132.66667	118.666664	110.666664	
119.666664	113.0	118.333336	138.0	148.33333	146.33333	145.0	149.0	155.66667	158.66667	159.33333	147.66667	132.33333	140.33333	137.0	117.333336	98.0	79.333336	94.0	99.333336	98.666664	88.333336	80.0	93.333336	105.333336	118.333336	129.33333	139.66667	146.33333	145.66667	142.66667	136.66667	129.66667	122.0	114.666664	110.333336	
117.666664	120.0	123.0	137.0	147.0	144.66667	138.66667	139.66667	144.0	147.0	145.0	136.66667	138.66667	167.66667	168.0	134.33333	122.0	121.333336	118.666664	107.0	107.333336	110.0	110.333336	112.333336	122.0	139.33333	143.66667	133.0	130.66667	128.66667	126.333336	122.333336	115.333336	112.0	113.333336	111.666664	
115.666664	120.666664	127.333336	138.0	139.66667	143.66667	140.0	137.0	133.33333	135.66667	140.33333	143.33333	163.0	186.0	189.0	174.0	155.33333	142.66667	133.66667	126.0	130.33333	130.33333	133.0	136.66667	145.66667	156.0	162.66667	142.33333	124.0	119.333336	117.333336	113.666664	107.333336	113.333336	117.666664	107.666664	
116.0	120.0	128.66667	137.33333	137.66667	143.0	141.0	134.66667	129.33333	131.33333	132.33333	151.66667	177.33333	191.66667	187.66667	175.33333	164.66667	156.0	143.0	133.66667	139.0	136.66667	134.0	136.66667	139.33333	155.33333	170.33333	155.66667	127.0	118.666664	115.333336	116.666664	118.0	122.333336	117.0	103.666664	
108.666664	113.333336	124.0	136.66667	142.66667	148.66667	149.0	142.33333	139.0	131.66667	132.33333	153.66667	167.0	177.66667	173.33333	166.33333	158.33333	155.0	151.66667	135.33333	140.66667	139.66667	133.33333	131.66667	136.66667	151.0	156.66667	150.0	135.0	121.666664	123.0	128.33333	133.33333	127.0	113.666664	98.333336	
98.666664	105.666664	115.0	137.0	145.0	146.33333	151.66667	153.33333	143.33333	134.33333	138.66667	150.0	148.0	149.0	147.66667	152.33333	156.0	150.66667	155.66667	150.66667	145.0	138.0	132.33333	131.0	136.0	132.66667	129.33333	128.66667	128.0	122.0	129.66667	135.0	131.33333	120.666664	112.333336	94.0	
95.333336	101.666664	108.333336	128.0	146.33333	146.0	151.33333	153.33333	145.0	145.33333	137.0	130.33333	124.0	117.0	114.666664	115.666664	119.0	113.333336	118.333336	126.333336	115.0	104.333336	101.0	99.0	103.0	105.0	106.333336	109.666664	116.333336	123.0	137.0	134.66667	123.333336	116.0	111.333336	83.333336	
121.0	96.333336	101.0	113.333336	141.66667	145.33333	146.33333	148.33333	148.0	157.0	130.66667	108.666664	95.0	85.333336	79.0	80.333336	89.666664	98.0	97.666664	95.333336	91.333336	92.0	93.333336	82.666664	71.666664	73.666664	83.0	94.333336	110.333336	126.666664	140.0	125.333336	117.666664	119.666664	102.666664	62.0	
118.666664	96.666664	94.0	103.0	128.33333	141.33333	141.66667	149.0	146.0	147.66667	123.333336	100.666664	98.666664	108.333336	109.0	108.666664	101.0	111.333336	121.333336	118.666664	113.333336	119.0	116.333336	103.333336	99.333336	99.666664	97.0	96.0	106.666664	125.0	139.66667	119.0	116.333336	116.666664	87.666664	39.333332	
205.33333	167.33333	99.666664	97.333336	115.333336	135.33333	135.0	144.0	135.0	128.33333	117.0	118.0	129.0	139.0	142.66667	143.66667	139.66667	141.66667	140.66667	144.0	142.0	136.33333	132.33333	123.666664	120.0	122.333336	122.333336	113.0	107.0	124.333336	140.0	119.0	118.666664	103.0	63.666668	23.0	
227.0	216.0	135.66667	87.333336	99.666664	117.333336	123.333336	131.0	127.0	108.333336	112.0	129.0	138.0	145.0	144.33333	135.0	125.666664	125.0	115.333336	103.666664	99.666664	101.0	105.0	107.666664	115.666664	127.0	121.666664	110.0	108.0	128.66667	125.666664	112.666664	110.666664	80.666664	39.666668	19.666666	
223.66667	224.33333	186.66667	94.666664	81.0	102.666664	111.0	114.666664	129.66667	128.66667	124.333336	139.66667	144.33333	140.33333	135.0	130.33333	118.333336	108.666664	98.666664	94.333336	94.0	93.666664	98.666664	106.333336	117.0	124.333336	117.666664	118.333336	126.333336	123.0	102.0	102.333336	92.0	51.666668	24.666666	19.333334	
205.33333	213.66667	206.0	121.666664	71.666664	87.0	107.0	107.333336	112.666664	134.0	141.33333	144.0	147.66667	148.33333	146.66667	141.0	136.66667	135.0	126.666664	122.666664	115.666664	110.333336	112.0	117.0	121.666664	129.0	137.0	137.33333	124.0	98.333336	95.333336	98.0	69.666664	31.0	24.333334	20.333334	
179.33333	182.33333	154.66667	107.0	86.333336	76.666664	95.666664	111.0	108.0	113.0	132.0	145.33333	149.33333	150.33333	157.66667	162.33333	169.0	170.66667	164.66667	157.66667	152.33333	145.66667	136.66667	133.0	137.66667	144.33333	147.66667	135.66667	112.333336	96.666664	101.0	88.666664	46.333332	25.0	25.333334	23.666666	
162.33333	144.33333	87.666664	124.666664	103.333336	85.0	78.0	91.333336	105.0	104.666664	117.666664	136.33333	151.33333	153.33333	155.0	162.0	172.66667	173.33333	175.33333	175.0	167.66667	156.0	151.0	151.0	150.66667	153.33333	143.33333	129.33333	106.333336	98.333336	93.0	69.0	32.666668	25.333334	26.666666	24.0	
150.66667	86.666664	90.666664	170.66667	113.666664	101.666664	81.333336	72.666664	80.333336	93.666664	103.666664	119.0	132.66667	148.66667	148.33333	153.33333	155.33333	155.33333	165.33333	173.66667	159.0	143.66667	142.66667	147.0	143.0	143.33333	129.0	111.666664	94.666664	84.666664	77.0	70.0	29.333334	26.666666	26.666666	25.0	
107.333336	42.666668	125.666664	208.33333	125.0	110.666664	94.333336	79.0	72.0	79.666664	87.0	95.0	109.333336	127.666664	135.66667	140.66667	137.0	122.666664	126.666664	138.0	134.0	128.66667	126.666664	125.666664	124.333336	118.666664	102.666664	83.0	70.333336	72.333336	92.0	115.0	41.666668	21.0	26.0	24.666666	
45.666668	31.666666	150.66667	231.33333	156.66667	113.666664	108.333336	92.666664	80.0	74.333336	77.0	81.0	84.333336	96.0	107.333336	114.666664	112.666664	101.666664	103.0	104.333336	100.333336	100.666664	99.0	97.0	98.0	89.666664	75.333336	66.0	70.0	93.0	120.666664	171.0	61.333332	18.666666	23.666666	25.666666	
30.666666	30.333334	148.0	238.0	213.0	133.66667	114.0	114.333336	101.333336	89.0	79.666664	78.0	77.0	78.666664	82.666664	88.666664	91.333336	91.333336	90.333336	88.666664	87.333336	87.0	82.333336	80.0	77.333336	67.333336	64.666664	74.666664	97.333336	112.666664	167.33333	202.66667	81.0	15.666667	17.666666	20.0	
