58.0	61.333332	71.666664	96.0	124.333336	139.66667	156.0	172.66667	175.33333	179.33333	188.66667	194.0	196.0	195.0	195.0	199.0	200.66667	202.0	204.33333	210.0	216.66667	223.0	230.66667	229.66667	224.33333	218.0	210.0	202.33333	196.66667	188.66667	186.66667	191.0	191.0	169.66667	152.33333	161.66667	
61.0	70.333336	85.333336	111.0	141.33333	157.0	168.66667	179.0	180.33333	183.33333	190.0	198.0	200.66667	195.66667	192.66667	197.0	200.33333	201.33333	201.66667	206.0	213.66667	220.33333	224.0	222.66667	217.33333	214.0	211.33333	207.33333	202.0	193.66667	188.66667	189.33333	188.0	171.33333	158.33333	159.66667	
67.0	74.333336	86.333336	108.333336	135.66667	153.66667	166.66667	175.33333	176.66667	179.33333	185.66667	198.0	203.66667	195.0	190.0	195.0	197.66667	197.0	197.66667	203.66667	211.66667	217.0	218.0	215.33333	212.0	212.33333	212.33333	207.33333	198.33333	191.66667	189.33333	187.66667	187.0	178.66667	163.33333	158.0	
67.666664	71.0	78.333336	99.666664	124.666664	144.0	163.33333	174.0	172.0	170.33333	176.33333	191.66667	200.0	191.0	187.0	192.33333	192.66667	190.0	196.0	204.0	209.0	214.33333	215.66667	212.66667	208.66667	208.33333	210.66667	207.0	191.0	185.33333	187.33333	187.66667	188.0	181.66667	165.0	156.66667	
68.0	70.0	78.666664	100.666664	123.333336	136.66667	156.33333	172.33333	173.66667	169.66667	174.33333	189.0	195.33333	182.66667	182.33333	191.0	190.0	188.33333	195.0	203.66667	204.33333	207.66667	213.0	212.33333	208.0	206.0	207.66667	203.66667	189.66667	183.66667	185.0	185.66667	187.33333	180.33333	165.66667	152.66667	
65.333336	69.666664	81.666664	107.0	133.0	143.66667	154.66667	172.66667	180.0	171.0	173.33333	191.0	193.33333	177.33333	180.33333	193.66667	196.0	195.33333	197.33333	200.66667	202.66667	204.33333	209.0	208.0	204.33333	201.33333	201.33333	198.0	190.66667	186.33333	185.66667	185.33333	183.66667	176.0	164.66667	148.0	
65.333336	68.666664	76.0	100.666664	132.66667	144.66667	149.0	169.0	186.0	179.66667	174.66667	191.0	197.0	184.33333	183.0	190.0	195.33333	198.0	200.33333	203.0	208.33333	211.66667	213.33333	211.0	207.33333	202.0	199.33333	198.33333	194.0	190.0	189.33333	186.0	180.33333	173.66667	165.0	148.66667	
67.0	69.0	73.666664	96.666664	132.66667	151.66667	153.66667	167.33333	187.0	185.33333	179.0	182.0	188.0	187.66667	183.0	185.33333	192.0	197.66667	201.0	204.33333	210.33333	212.33333	208.66667	208.0	208.33333	202.66667	201.66667	202.33333	198.0	193.66667	192.0	188.33333	182.66667	176.0	167.33333	152.66667	
70.333336	69.0	69.666664	88.666664	124.666664	153.0	162.0	171.0	187.33333	190.33333	187.33333	181.0	180.33333	185.0	181.33333	182.33333	190.0	197.0	199.66667	204.66667	207.66667	211.33333	209.33333	208.66667	212.0	209.66667	208.0	207.33333	203.33333	198.66667	196.0	191.33333	186.66667	179.0	167.66667	158.66667	
73.333336	72.0	70.333336	82.666664	113.333336	145.0	161.33333	168.33333	184.33333	190.66667	193.0	186.33333	181.33333	182.66667	181.66667	182.33333	190.66667	197.33333	199.33333	200.66667	203.66667	210.33333	215.0	215.66667	219.66667	220.33333	216.33333	212.0	206.66667	202.33333	198.0	194.0	188.66667	181.0	169.33333	161.33333	
81.333336	82.666664	78.0	76.666664	94.0	123.666664	149.0	161.0	180.0	193.33333	194.33333	187.0	174.0	170.33333	180.66667	182.0	191.66667	195.33333	199.0	203.33333	208.33333	213.33333	217.33333	218.66667	216.33333	213.33333	210.33333	204.66667	200.66667	197.66667	193.0	192.0	187.66667	181.33333	173.66667	165.66667	
104.0	114.333336	102.666664	83.666664	81.0	93.0	111.0	126.333336	154.0	180.0	192.33333	190.0	180.33333	167.33333	172.33333	177.33333	189.33333	189.66667	197.33333	203.33333	206.66667	207.0	200.33333	187.0	177.66667	176.0	183.0	187.66667	190.33333	191.33333	191.0	192.33333	187.33333	182.0	176.33333	169.66667	
96.0	112.333336	114.0	107.666664	108.0	97.333336	87.0	88.333336	108.333336	139.66667	169.33333	175.33333	167.66667	157.0	156.33333	164.0	164.66667	161.0	158.66667	150.33333	143.0	138.66667	124.666664	106.666664	104.0	119.0	145.33333	170.33333	186.0	187.0	189.33333	189.66667	186.33333	183.0	176.66667	168.66667	
61.666668	68.666664	71.333336	68.0	72.333336	69.333336	64.666664	68.666664	73.333336	82.666664	120.0	148.33333	126.666664	124.666664	142.66667	133.33333	104.333336	98.333336	100.0	85.0	63.666668	54.666668	59.333332	73.0	93.666664	119.666664	142.66667	156.66667	175.33333	180.33333	182.66667	181.0	180.33333	181.0	176.0	167.0	
41.333332	35.666668	28.333334	24.666666	28.666666	34.666668	37.333332	43.0	48.666668	51.0	67.666664	97.666664	89.333336	86.0	121.666664	121.333336	78.333336	71.333336	78.333336	74.666664	66.666664	65.333336	82.0	109.0	134.33333	147.0	151.33333	148.33333	158.0	170.33333	185.0	185.0	180.33333	180.0	176.33333	169.0	
38.0	33.0	33.666668	37.333332	41.666668	45.333332	42.333332	39.333332	40.666668	46.333332	49.333332	65.333336	72.333336	75.333336	114.666664	126.0	93.333336	81.333336	68.666664	59.0	56.666668	61.0	74.666664	102.0	139.0	154.66667	148.66667	138.0	141.33333	158.0	178.0	183.0	182.33333	180.33333	176.33333	171.0	
37.0	38.666668	48.666668	55.333332	59.333332	54.0	35.0	23.333334	21.333334	27.666666	33.0	48.333332	75.666664	105.333336	147.33333	150.33333	101.0	64.666664	49.666668	47.333332	43.666668	48.0	51.333332	46.0	56.666668	90.333336	136.0	151.0	133.66667	142.0	171.66667	181.66667	184.0	181.33333	176.33333	171.33333	
44.333332	47.333332	44.666668	37.666668	36.666668	39.666668	27.666666	13.666667	10.333333	13.666667	18.0	37.0	94.666664	154.33333	191.0	187.33333	120.333336	56.0	45.333332	54.333332	61.333332	69.333336	73.333336	59.0	40.0	47.333332	78.333336	131.0	149.66667	151.66667	173.0	182.66667	185.0	182.33333	177.33333	173.0	
48.666668	48.0	30.666666	22.0	29.666666	40.333332	38.0	26.333334	21.666666	20.333334	17.666666	33.0	102.666664	174.33333	202.66667	210.0	161.33333	95.0	65.333336	70.666664	89.333336	106.0	116.666664	119.666664	119.666664	131.0	124.666664	126.0	157.0	170.0	182.0	190.33333	188.66667	182.33333	180.33333	176.66667	
46.0	45.333332	33.0	38.333332	49.666668	52.0	51.666668	52.0	47.666668	38.0	30.666666	43.666668	113.666664	180.0	203.0	215.33333	196.66667	163.0	126.666664	114.333336	127.0	137.0	145.0	158.66667	168.33333	179.66667	184.66667	175.66667	175.33333	184.33333	193.33333	197.66667	191.66667	182.0	180.0	176.33333	
54.333332	52.333332	50.666668	57.0	65.333336	70.333336	71.0	71.0	65.0	56.0	43.0	59.0	124.333336	181.66667	209.0	218.0	205.0	196.66667	173.33333	137.66667	131.66667	138.0	153.33333	169.66667	177.33333	187.66667	200.0	200.0	199.0	199.33333	201.33333	199.33333	190.33333	180.66667	177.66667	175.66667	
62.0	60.333332	65.666664	78.666664	99.0	116.333336	113.333336	92.0	69.0	62.333332	52.0	68.333336	128.33333	177.66667	203.33333	219.0	205.0	199.66667	201.33333	174.0	144.66667	139.33333	159.0	179.33333	193.66667	203.33333	207.66667	203.33333	208.0	209.66667	206.0	199.66667	189.0	178.33333	174.66667	173.33333	
67.666664	69.333336	77.666664	94.0	114.0	134.33333	136.33333	104.333336	68.333336	65.333336	61.0	73.666664	124.0	170.66667	196.66667	216.0	206.33333	197.33333	207.66667	205.66667	180.33333	149.66667	150.66667	172.0	187.66667	199.66667	207.33333	207.33333	207.0	207.66667	205.0	197.0	186.66667	178.0	175.66667	173.33333	
70.666664	77.666664	98.0	121.333336	135.0	144.66667	146.0	109.666664	76.666664	69.0	63.666668	72.333336	115.333336	168.0	196.33333	212.0	205.66667	195.66667	202.0	208.0	205.33333	186.0	169.66667	173.33333	187.33333	195.0	199.33333	202.0	202.0	200.66667	197.66667	189.0	181.66667	175.33333	172.66667	169.33333	
66.333336	70.666664	89.333336	122.666664	149.66667	164.66667	166.0	117.333336	86.666664	69.0	60.666668	67.0	105.333336	161.0	196.0	207.0	196.66667	192.0	199.33333	206.0	209.33333	210.33333	201.0	191.0	192.33333	196.66667	196.0	193.33333	193.66667	192.66667	188.33333	181.0	177.33333	174.66667	170.33333	164.33333	
62.666668	62.333332	65.0	84.0	111.666664	140.66667	150.66667	106.0	85.0	68.333336	60.333332	68.0	102.666664	156.66667	200.66667	211.33333	195.66667	193.66667	199.0	207.66667	208.33333	211.33333	212.66667	205.66667	199.0	198.0	195.0	189.0	185.66667	185.33333	181.0	178.66667	178.66667	175.33333	168.66667	162.33333	
63.666668	58.333332	56.333332	63.0	86.0	121.0	126.333336	88.666664	78.666664	64.666664	60.333332	76.0	111.0	159.66667	206.66667	218.66667	202.0	198.33333	196.33333	193.33333	199.33333	211.0	209.66667	205.33333	205.0	205.0	200.66667	196.0	189.33333	181.66667	176.33333	179.0	180.33333	172.66667	166.33333	161.33333	
63.666668	55.666668	56.666668	63.0	89.333336	118.333336	106.666664	80.333336	73.333336	57.666668	62.333332	91.333336	127.333336	165.33333	208.33333	220.66667	204.33333	196.66667	197.33333	175.33333	171.33333	200.66667	209.66667	207.33333	211.66667	216.66667	212.33333	200.66667	190.0	183.66667	178.66667	181.0	180.0	170.66667	166.33333	162.33333	
62.666668	56.333332	56.0	61.666668	87.666664	109.333336	95.0	81.0	68.333336	55.666668	69.666664	103.0	134.0	172.0	210.0	214.0	202.0	200.66667	195.66667	179.66667	142.66667	165.33333	199.0	210.33333	216.0	218.33333	213.0	203.33333	193.0	188.0	182.0	182.0	178.66667	170.66667	167.33333	163.33333	
60.666668	57.0	59.0	65.0	83.0	96.0	86.666664	78.0	61.333332	61.666668	81.333336	110.0	138.66667	177.0	212.66667	211.33333	206.33333	214.0	199.33333	187.33333	135.66667	116.666664	164.66667	202.33333	216.33333	220.0	215.0	205.66667	196.33333	192.33333	185.66667	184.0	178.33333	171.0	168.33333	162.66667	
58.666668	56.0	62.666668	68.333336	76.333336	82.333336	80.0	67.666664	49.0	61.333332	76.666664	99.666664	128.33333	161.33333	203.0	214.33333	206.33333	209.33333	193.33333	174.33333	147.0	102.333336	116.333336	168.66667	204.33333	212.33333	212.0	205.66667	198.66667	196.0	190.66667	187.66667	180.66667	172.66667	168.33333	161.66667	
62.0	57.666668	60.333332	64.0	70.333336	75.333336	73.0	57.0	44.333332	53.333332	61.333332	76.333336	105.666664	135.0	170.66667	188.66667	181.33333	165.33333	140.66667	145.66667	172.33333	145.66667	93.333336	117.666664	175.0	202.33333	204.66667	199.0	195.66667	194.0	192.0	188.66667	180.66667	173.66667	168.33333	161.66667	
72.0	57.333332	62.666668	62.666668	68.0	68.333336	62.333332	50.333332	47.333332	45.666668	46.666668	55.666668	77.333336	99.666664	123.333336	135.0	127.333336	95.333336	85.666664	140.33333	191.0	188.33333	139.33333	99.666664	128.66667	182.0	201.0	195.66667	191.0	191.66667	192.33333	188.0	179.66667	174.66667	170.33333	161.0	
92.333336	58.333332	62.666668	64.666664	65.0	63.0	56.0	47.333332	48.666668	41.0	36.333332	40.0	49.666668	58.333332	69.666664	78.666664	85.0	98.666664	136.0	178.33333	193.33333	194.0	182.0	129.33333	98.333336	144.0	183.33333	190.0	186.33333	189.66667	192.33333	186.33333	180.0	175.66667	170.0	160.33333	
124.0	71.0	63.333332	65.0	62.0	60.666668	54.0	47.666668	48.333332	42.666668	39.333332	36.666668	38.0	36.0	39.666668	67.666664	119.333336	161.66667	182.66667	184.66667	184.33333	184.33333	181.0	165.0	118.666664	116.333336	162.0	181.66667	184.0	187.66667	189.33333	185.0	179.66667	173.33333	167.0	158.66667	
151.0	87.333336	64.666664	62.333332	59.0	56.0	51.666668	46.666668	46.333332	44.333332	43.0	39.666668	35.333332	44.666668	59.666668	88.0	131.0	158.66667	170.0	168.33333	169.0	172.66667	169.33333	161.66667	146.0	119.0	151.33333	174.0	181.33333	186.0	188.0	184.0	179.33333	170.33333	165.0	159.33333	
172.33333	111.666664	63.333332	59.666668	57.0	52.666668	47.333332	43.666668	43.0	41.666668	39.333332	38.666668	38.0	60.666668	80.0	80.333336	107.0	139.33333	151.0	148.0	144.0	147.0	146.33333	131.66667	139.0	120.333336	142.0	168.66667	175.0	182.33333	185.66667	181.0	176.66667	171.0	165.33333	157.0	
185.66667	136.66667	67.0	59.333332	53.666668	52.0	44.0	38.0	33.0	30.666666	33.666668	35.666668	37.666668	58.666668	77.0	70.666664	84.666664	112.0	118.666664	112.666664	107.0	101.333336	91.333336	79.333336	102.333336	110.666664	130.0	161.33333	169.0	176.66667	180.0	177.0	174.0	171.0	161.33333	150.33333	
184.33333	161.66667	89.666664	54.666668	52.0	52.0	47.666668	37.0	25.333334	23.333334	27.333334	29.666666	30.333334	42.666668	56.666668	56.666668	70.333336	94.0	101.666664	100.333336	106.666664	110.666664	94.333336	53.0	50.333332	75.666664	110.666664	153.33333	165.33333	170.66667	172.0	172.0	170.33333	166.66667	154.0	145.33333	
182.0	182.0	123.0	62.0	49.666668	55.0	53.0	40.666668	31.666666	33.333332	35.666668	38.0	42.666668	63.0	88.0	104.666664	129.0	154.66667	163.33333	164.66667	172.66667	171.66667	163.0	119.0	58.333332	55.333332	100.0	147.0	165.0	167.0	166.66667	169.33333	166.33333	158.66667	146.0	145.0	
186.33333	190.0	161.0	81.666664	52.0	55.0	53.666668	44.333332	38.666668	39.666668	41.333332	44.333332	52.666668	71.666664	99.0	125.0	145.0	157.0	161.66667	161.0	165.0	174.33333	181.0	176.66667	114.666664	63.0	83.333336	135.66667	163.66667	166.0	168.33333	167.66667	165.0	153.0	143.33333	150.0	
189.66667	193.66667	186.0	118.0	58.333332	54.0	54.333332	49.0	45.666668	45.333332	46.333332	45.666668	47.0	50.666668	54.0	70.666664	91.0	103.0	122.666664	142.0	153.0	169.66667	180.66667	186.33333	157.66667	90.0	69.0	116.0	155.0	163.33333	165.66667	165.0	161.0	145.33333	143.66667	154.66667	
192.33333	191.66667	194.33333	161.0	83.0	54.0	53.333332	54.0	50.666668	49.666668	47.0	47.666668	49.0	48.666668	52.333332	69.0	97.333336	110.666664	123.0	142.0	152.0	161.33333	170.0	178.66667	182.0	146.66667	101.333336	107.0	145.33333	162.0	162.0	161.66667	154.0	138.33333	147.33333	157.33333	
196.66667	194.0	193.33333	188.66667	130.66667	63.0	54.333332	53.0	51.0	51.0	48.666668	51.333332	51.666668	53.333332	64.0	87.333336	115.666664	134.0	139.0	145.0	152.33333	161.33333	170.66667	180.66667	185.33333	180.0	154.33333	134.33333	149.33333	159.0	160.66667	159.33333	145.66667	136.66667	149.0	156.33333	
193.33333	194.33333	193.0	193.33333	174.66667	96.333336	52.666668	53.666668	54.0	50.666668	53.333332	54.0	58.666668	77.666664	103.333336	125.333336	147.66667	166.66667	173.33333	167.33333	165.33333	176.33333	185.33333	187.66667	184.66667	179.66667	170.33333	158.33333	155.33333	159.66667	164.33333	151.33333	137.0	140.66667	147.33333	158.33333	
192.66667	196.66667	197.66667	197.66667	193.33333	142.66667	67.0	53.333332	54.0	55.0	58.666668	67.333336	77.666664	101.333336	129.66667	146.33333	163.66667	180.33333	192.66667	195.66667	189.0	190.66667	193.66667	190.66667	186.66667	183.0	170.33333	161.33333	157.0	156.33333	153.0	136.66667	134.0	142.0	146.66667	164.0	
198.0	199.33333	199.66667	198.33333	195.66667	185.0	120.0	62.0	54.333332	54.333332	60.0	72.333336	84.666664	98.666664	117.0	138.33333	159.33333	176.0	188.33333	198.0	198.0	196.0	195.33333	194.0	190.0	185.0	173.33333	161.66667	153.0	142.33333	133.66667	130.33333	132.66667	143.66667	156.33333	165.66667	
203.33333	203.0	203.33333	201.66667	200.66667	200.66667	176.66667	101.0	64.0	60.0	59.0	59.333332	69.666664	94.666664	115.333336	130.0	150.66667	165.33333	174.0	184.66667	188.33333	187.66667	189.0	191.0	187.0	180.0	167.66667	152.66667	137.33333	124.0	122.0	129.0	134.0	152.66667	165.0	165.0	
205.0	206.0	206.0	205.33333	205.0	204.0	187.0	109.0	59.333332	63.333332	62.333332	54.666668	55.333332	71.0	94.666664	116.0	134.33333	142.33333	152.66667	168.0	173.33333	177.33333	182.33333	183.33333	180.0	172.33333	153.0	132.0	117.333336	116.666664	123.666664	132.0	143.0	159.66667	164.33333	162.66667	
