111.0	126.666664	149.33333	161.33333	162.0	162.33333	164.33333	162.33333	154.66667	146.66667	142.66667	140.66667	139.66667	138.0	138.66667	139.33333	139.33333	137.0	137.66667	140.0	139.66667	138.33333	135.33333	133.0	131.0	126.666664	119.0	113.666664	106.666664	98.666664	96.333336	86.333336	59.666668	35.333332	29.333334	29.0	
120.333336	134.33333	149.66667	159.33333	161.33333	160.66667	161.33333	157.33333	150.0	142.33333	138.66667	135.66667	135.66667	136.33333	138.66667	141.0	141.66667	139.66667	140.0	142.33333	142.33333	139.0	135.0	134.0	133.66667	130.0	123.333336	118.666664	110.333336	102.333336	95.666664	88.666664	71.666664	45.0	32.0	32.333332	
125.333336	138.0	148.33333	157.66667	160.33333	159.33333	156.66667	154.0	147.33333	139.66667	136.0	133.66667	135.33333	138.0	141.66667	143.33333	144.66667	143.66667	141.66667	141.66667	140.66667	137.0	133.66667	133.0	133.66667	130.33333	128.33333	123.0	114.333336	104.333336	99.0	93.0	78.333336	55.0	37.666668	34.666668	
124.666664	136.66667	140.66667	145.66667	149.66667	153.0	152.0	151.0	145.0	137.66667	134.33333	132.0	131.66667	134.0	138.33333	141.66667	144.0	144.33333	141.33333	141.33333	138.33333	135.0	133.0	132.66667	134.0	131.33333	127.666664	123.0	114.333336	105.0	100.666664	94.666664	81.0	67.0	47.666668	39.0	
128.33333	135.33333	135.66667	134.33333	141.0	147.33333	144.0	141.0	137.33333	132.0	129.66667	129.0	128.33333	129.33333	133.0	137.66667	142.33333	143.66667	140.33333	141.33333	139.66667	135.0	133.0	133.33333	135.33333	134.33333	127.333336	122.0	114.333336	107.333336	101.666664	94.0	85.0	78.666664	59.0	44.333332	
133.0	132.66667	131.66667	126.666664	132.66667	143.33333	142.66667	138.66667	134.0	131.66667	130.0	127.666664	127.333336	127.666664	130.33333	134.33333	139.33333	141.33333	138.66667	139.33333	138.0	132.66667	128.33333	127.333336	128.33333	127.333336	122.666664	119.333336	113.333336	108.333336	103.333336	95.333336	86.666664	84.333336	68.666664	50.0	
130.0	128.0	127.666664	124.333336	125.333336	134.66667	140.66667	139.66667	135.33333	133.0	130.66667	125.666664	124.333336	124.333336	125.666664	129.0	132.0	133.0	131.0	131.0	128.66667	126.0	123.333336	119.666664	119.666664	120.0	118.666664	117.0	114.0	108.666664	105.333336	97.333336	86.333336	80.666664	72.333336	58.666668	
124.0	123.333336	125.666664	121.333336	117.333336	123.0	133.33333	133.33333	129.33333	127.0	123.333336	117.333336	114.333336	113.666664	116.333336	120.0	124.0	127.666664	127.0	125.333336	123.0	123.333336	122.666664	118.0	117.333336	120.0	118.0	115.333336	112.666664	107.666664	105.666664	99.666664	87.666664	79.333336	76.333336	64.666664	
118.0	119.0	122.666664	119.0	115.333336	118.666664	131.66667	129.66667	123.0	122.333336	117.666664	112.0	108.333336	108.333336	110.666664	114.0	119.333336	123.0	123.666664	122.333336	123.333336	123.666664	119.333336	113.666664	112.0	114.333336	113.666664	109.0	107.333336	104.333336	104.333336	101.0	89.666664	82.0	79.666664	66.333336	
111.0	114.333336	119.0	117.333336	111.0	111.0	122.333336	123.0	120.333336	120.333336	114.0	108.333336	106.666664	105.666664	105.0	106.666664	112.0	115.333336	115.666664	116.0	115.0	115.0	117.0	114.0	113.0	113.333336	111.666664	107.0	104.0	104.0	104.0	101.0	91.0	84.0	78.0	63.0	
107.666664	108.333336	114.0	114.666664	109.333336	106.333336	114.333336	117.0	118.666664	116.666664	112.333336	107.333336	105.333336	107.0	107.666664	112.333336	120.333336	124.666664	122.333336	118.666664	114.333336	115.666664	122.0	121.0	118.666664	115.666664	112.0	108.666664	103.666664	103.666664	102.333336	98.666664	92.333336	84.666664	75.666664	56.666668	
103.0	107.333336	109.333336	109.666664	108.0	104.666664	109.666664	114.0	116.333336	114.0	112.0	109.666664	111.333336	114.333336	115.666664	118.0	123.333336	127.0	125.666664	120.333336	116.666664	121.0	124.333336	122.666664	120.333336	118.666664	115.666664	115.0	108.333336	106.666664	104.333336	97.333336	91.666664	83.0	73.0	52.0	
94.333336	101.666664	103.666664	104.666664	108.333336	105.666664	109.333336	114.666664	118.0	117.666664	112.666664	112.333336	117.333336	121.666664	123.0	122.333336	122.666664	123.666664	124.333336	119.666664	113.0	111.666664	114.666664	114.0	114.0	117.0	112.0	110.0	106.333336	101.333336	98.666664	96.0	90.333336	82.666664	72.0	51.333332	
89.666664	91.0	95.333336	100.333336	106.333336	105.0	108.666664	118.0	122.666664	121.0	115.666664	115.333336	120.0	123.333336	124.0	126.666664	124.666664	119.0	116.0	116.666664	112.0	105.0	98.0	86.333336	74.333336	65.0	57.0	58.0	62.0	60.666668	62.0	76.666664	82.0	81.0	73.666664	57.333332	
90.0	90.666664	95.0	96.666664	99.333336	103.0	113.0	127.333336	129.0	117.333336	104.0	93.666664	86.666664	82.0	80.333336	83.0	84.666664	88.666664	99.333336	111.666664	113.333336	106.333336	90.333336	70.0	48.666668	32.333332	23.333334	21.0	23.0	23.666666	25.666666	38.0	58.0	74.666664	70.666664	65.0	
88.333336	93.333336	98.333336	97.666664	99.0	103.0	114.333336	124.0	113.666664	82.666664	55.333332	41.333332	35.666668	32.333332	31.333334	31.333334	42.0	61.666668	86.333336	101.333336	106.0	103.666664	91.666664	78.0	64.666664	49.333332	35.333332	26.666666	24.0	25.0	27.0	33.666668	34.666668	49.333332	66.666664	73.333336	
86.0	97.0	103.666664	100.0	101.333336	104.333336	101.333336	85.666664	59.0	34.666668	22.333334	22.333334	24.0	23.0	26.666666	33.333332	50.333332	68.333336	83.666664	92.666664	99.666664	99.666664	92.0	83.666664	72.333336	56.666668	40.666668	32.0	29.666666	34.333332	41.333332	49.333332	43.333332	46.0	59.333332	74.0	
90.666664	101.333336	106.666664	104.0	104.666664	97.333336	74.0	47.666668	36.333332	37.333332	34.0	29.0	27.666666	26.0	28.333334	37.333332	51.333332	61.333332	70.666664	80.333336	95.333336	96.333336	80.0	64.333336	49.333332	35.666668	28.666666	30.666666	30.666666	33.333332	36.0	44.0	55.333332	61.0	64.333336	75.0	
101.0	107.666664	111.666664	109.666664	103.0	82.333336	59.333332	49.333332	45.0	40.333332	32.666668	30.333334	32.0	32.666668	27.333334	22.666666	32.333332	39.333332	52.0	69.0	99.0	103.0	72.333336	47.333332	31.333334	30.0	42.0	44.333332	39.333332	44.0	41.666668	35.333332	52.666668	71.333336	76.333336	82.666664	
109.0	112.333336	115.666664	111.666664	102.0	83.333336	68.0	52.0	36.333332	35.333332	42.333332	36.333332	38.666668	49.666668	52.333332	33.666668	33.333332	44.0	62.333332	75.0	107.666664	120.333336	86.333336	53.666668	39.666668	45.666668	64.666664	44.333332	29.333334	54.0	69.0	58.0	68.666664	87.0	88.0	88.666664	
106.666664	113.333336	116.333336	115.666664	108.0	88.0	68.0	51.333332	46.666668	57.0	70.666664	37.666668	25.0	47.333332	67.0	59.666668	63.0	67.333336	76.666664	84.666664	110.0	125.333336	102.333336	80.333336	70.666664	70.333336	76.666664	57.333332	42.0	66.0	90.333336	91.0	98.666664	106.333336	97.0	87.666664	
103.333336	108.666664	113.666664	116.666664	116.0	101.666664	87.666664	91.0	100.0	98.0	92.333336	63.333332	51.333332	59.333332	69.666664	77.666664	86.333336	85.333336	86.666664	101.333336	116.666664	119.333336	113.333336	106.0	99.666664	87.333336	75.333336	72.666664	69.333336	74.333336	89.0	107.0	117.333336	115.333336	101.0	87.666664	
109.333336	106.0	113.0	119.0	126.0	122.0	118.666664	123.666664	124.333336	110.666664	90.666664	81.0	75.0	70.333336	71.666664	83.333336	93.0	98.333336	103.333336	125.0	127.0	125.333336	117.0	113.666664	113.333336	97.333336	77.0	75.0	78.666664	88.0	105.0	123.333336	126.333336	113.333336	100.0	89.333336	
112.666664	106.333336	112.333336	119.666664	126.0	127.0	129.0	127.333336	119.666664	112.0	100.333336	87.666664	78.666664	78.666664	88.333336	101.0	115.666664	125.666664	123.333336	139.33333	129.33333	130.0	117.666664	107.0	116.0	120.0	109.666664	106.0	107.333336	116.333336	129.66667	135.0	125.666664	108.0	92.333336	83.0	
101.333336	101.333336	108.333336	115.0	118.333336	121.666664	127.666664	131.0	126.666664	127.0	127.333336	121.666664	112.0	113.0	119.666664	120.0	129.66667	141.0	137.33333	151.0	138.33333	138.66667	121.666664	106.0	112.0	123.333336	132.33333	131.66667	129.33333	132.0	139.66667	133.66667	118.333336	104.666664	93.0	85.0	
92.0	97.333336	108.666664	111.666664	110.333336	113.333336	122.666664	133.0	130.33333	127.333336	132.33333	138.33333	138.33333	145.66667	141.0	130.0	136.33333	142.0	135.0	151.33333	141.66667	142.0	119.666664	102.333336	110.333336	118.333336	132.0	139.0	139.66667	137.33333	142.0	134.66667	119.0	105.0	94.333336	88.666664	
91.666664	93.0	102.333336	105.666664	105.666664	108.666664	119.666664	134.66667	135.66667	127.333336	130.33333	142.66667	151.33333	155.66667	143.66667	124.666664	127.333336	136.66667	133.66667	148.33333	138.66667	143.0	120.333336	101.333336	106.333336	112.0	126.0	136.0	141.33333	137.0	136.33333	130.33333	116.333336	100.333336	88.0	86.666664	
94.333336	92.0	93.666664	99.0	105.0	108.666664	119.666664	135.33333	137.66667	127.666664	126.666664	136.66667	144.66667	141.0	125.666664	110.333336	116.333336	134.0	135.0	145.66667	141.33333	147.66667	124.0	101.666664	104.333336	108.666664	116.333336	124.0	131.0	129.0	124.333336	119.333336	109.333336	96.0	84.0	85.666664	
93.333336	94.333336	94.666664	98.0	101.333336	105.333336	114.0	124.0	124.666664	118.666664	117.666664	120.666664	125.666664	117.666664	100.666664	93.666664	108.333336	134.0	137.66667	141.0	136.33333	142.66667	121.333336	108.0	108.333336	108.0	108.333336	111.0	116.333336	119.333336	119.0	115.666664	108.666664	94.0	79.333336	79.333336	
94.333336	96.333336	95.333336	97.333336	99.333336	103.0	109.0	113.333336	110.0	108.333336	107.666664	107.666664	104.333336	95.0	88.333336	90.0	107.0	128.66667	126.0	121.666664	111.666664	114.333336	110.333336	108.333336	104.666664	107.333336	107.333336	98.0	98.666664	108.333336	115.666664	112.333336	107.333336	91.333336	75.666664	77.0	
94.0	94.333336	94.0	97.666664	100.0	101.666664	107.333336	108.0	103.333336	101.333336	97.666664	99.666664	90.0	79.333336	83.333336	88.666664	92.0	96.0	87.0	92.666664	93.666664	93.666664	92.333336	81.0	77.333336	100.333336	120.333336	100.0	83.333336	90.666664	101.666664	100.666664	97.0	85.333336	73.666664	84.666664	
91.333336	92.333336	93.333336	98.0	100.333336	100.0	103.333336	104.333336	102.333336	96.0	90.666664	85.666664	77.666664	81.0	88.0	84.0	69.0	57.666668	39.0	47.666668	69.333336	73.333336	57.0	43.333332	57.333332	94.0	122.666664	109.333336	85.333336	78.666664	89.333336	95.333336	87.666664	82.0	74.0	97.333336	
95.333336	93.666664	92.666664	97.666664	100.333336	99.333336	100.0	100.333336	100.0	93.666664	85.333336	74.666664	71.666664	79.333336	78.666664	88.333336	94.0	83.333336	52.666668	31.666666	37.666668	44.666668	39.666668	56.0	86.666664	103.333336	110.333336	107.666664	95.666664	76.666664	75.666664	87.666664	89.333336	80.333336	74.333336	108.333336	
96.666664	92.0	91.666664	96.666664	98.0	98.0	98.0	99.0	97.333336	91.0	81.333336	70.333336	68.666664	70.666664	73.666664	94.666664	105.666664	98.0	77.0	45.666668	28.333334	30.333334	46.333332	75.0	96.666664	99.333336	97.333336	94.333336	89.666664	79.666664	77.666664	85.333336	85.0	74.333336	77.333336	122.0	
91.0	88.333336	91.0	95.0	94.666664	95.333336	97.0	96.0	93.333336	87.666664	77.666664	67.333336	67.0	69.333336	76.333336	96.333336	96.333336	87.666664	81.333336	65.666664	49.0	45.666668	61.666668	80.0	90.0	96.333336	94.666664	84.666664	76.0	72.666664	78.666664	82.333336	79.333336	72.333336	86.666664	138.66667	
88.333336	87.333336	90.0	93.333336	92.333336	92.0	94.666664	93.333336	90.0	86.0	76.333336	67.0	67.333336	68.0	72.333336	85.666664	85.0	81.666664	80.666664	80.333336	80.0	75.666664	80.666664	86.333336	87.333336	86.666664	82.666664	76.666664	70.0	71.333336	78.666664	79.666664	76.666664	72.0	95.0	150.66667	
94.333336	90.666664	90.666664	93.666664	94.0	91.0	91.0	89.333336	88.0	87.333336	81.0	73.666664	68.333336	59.666668	54.0	58.333332	59.666668	59.0	58.0	61.0	65.0	62.0	59.666668	58.666668	58.333332	59.666668	69.0	75.333336	71.666664	73.0	79.0	77.0	75.333336	75.0	109.333336	161.33333	
100.0	94.333336	94.0	95.333336	94.0	92.333336	92.0	90.666664	90.0	89.333336	82.0	75.333336	69.666664	64.333336	61.0	68.666664	72.0	70.333336	61.0	52.0	53.0	53.666668	57.333332	62.0	71.0	80.666664	90.0	89.0	76.666664	75.333336	79.0	75.0	75.0	83.666664	140.33333	185.33333	
97.666664	95.0	97.0	98.0	95.666664	94.666664	95.333336	94.0	93.666664	92.666664	87.0	79.333336	74.666664	76.333336	87.0	102.0	111.666664	113.666664	104.333336	95.0	94.0	96.333336	105.333336	109.666664	106.333336	100.333336	99.333336	96.0	86.666664	81.333336	76.666664	71.666664	74.333336	99.0	184.33333	225.66667	
96.333336	96.333336	98.666664	100.0	99.666664	98.666664	98.333336	97.666664	96.666664	95.666664	90.333336	81.0	80.333336	93.0	109.666664	117.0	117.333336	114.0	101.333336	89.666664	90.666664	94.0	98.333336	101.0	104.0	101.333336	102.0	98.0	89.0	80.666664	73.333336	69.0	78.333336	129.33333	206.66667	235.66667	
97.666664	98.0	99.666664	101.333336	104.666664	105.0	103.666664	100.0	96.333336	94.666664	90.0	77.666664	76.666664	91.333336	107.666664	112.333336	109.333336	100.333336	82.333336	70.333336	68.333336	70.333336	81.0	90.666664	97.0	96.0	96.0	89.666664	83.333336	78.666664	75.666664	74.333336	101.666664	173.66667	219.0	233.33333	
100.0	99.666664	94.666664	95.0	101.666664	109.333336	108.333336	103.0	95.0	90.666664	90.0	81.333336	77.0	86.666664	100.666664	105.0	103.0	97.0	83.666664	72.0	68.666664	72.0	84.0	91.666664	94.0	95.0	93.333336	84.666664	78.666664	77.666664	79.0	91.0	138.66667	197.33333	214.33333	223.66667	
103.333336	104.0	93.666664	88.333336	90.666664	98.666664	108.666664	108.666664	98.666664	90.666664	90.666664	89.333336	85.333336	90.666664	99.333336	100.666664	101.666664	101.333336	97.0	98.333336	102.0	104.0	103.0	100.666664	101.333336	101.0	95.333336	83.666664	78.0	82.333336	86.0	109.333336	160.0	193.33333	207.33333	225.0	
103.333336	108.0	99.666664	91.333336	84.666664	81.0	96.0	109.333336	107.333336	98.333336	94.333336	95.0	92.333336	94.666664	99.333336	100.0	102.666664	105.0	101.666664	100.0	101.333336	100.666664	97.0	95.666664	98.333336	99.0	94.0	84.666664	80.666664	80.333336	86.333336	114.0	144.33333	173.33333	195.0	223.33333	
110.333336	112.333336	109.333336	96.0	88.333336	79.666664	78.0	92.666664	102.333336	103.0	101.333336	101.333336	98.0	95.666664	97.0	100.0	103.333336	102.0	93.666664	88.333336	84.333336	85.0	89.0	93.0	94.333336	93.666664	85.666664	80.0	78.333336	74.0	82.0	120.666664	133.33333	150.66667	177.0	213.33333	
139.33333	117.666664	112.333336	97.333336	87.666664	88.333336	73.666664	77.0	85.666664	100.0	106.333336	107.333336	107.0	102.666664	99.0	97.0	96.333336	92.333336	85.333336	81.333336	79.666664	84.666664	89.333336	91.0	88.666664	86.0	82.0	76.666664	71.666664	68.0	86.666664	137.66667	147.0	143.66667	165.0	200.66667	
189.0	141.66667	119.666664	105.666664	86.666664	89.0	83.0	74.333336	66.0	82.666664	94.666664	98.666664	105.666664	109.666664	106.666664	102.333336	94.0	90.0	92.0	88.333336	82.666664	83.666664	89.333336	89.666664	85.666664	83.0	82.0	74.666664	65.666664	65.666664	95.333336	148.33333	164.33333	156.0	169.0	199.33333	
223.0	190.0	145.66667	114.333336	93.0	83.333336	84.333336	79.0	68.0	69.666664	66.666664	65.666664	76.0	96.0	106.0	107.666664	98.0	95.0	98.0	93.666664	87.0	85.333336	90.0	89.0	85.333336	85.666664	83.666664	73.333336	65.0	68.666664	97.333336	148.66667	173.66667	180.66667	189.33333	207.66667	
238.66667	233.0	186.33333	129.0	106.0	87.0	80.0	73.666664	67.0	61.333332	57.0	52.0	49.666668	58.0	68.333336	87.0	93.333336	91.0	94.666664	93.666664	93.333336	91.666664	90.0	86.0	82.666664	88.666664	86.666664	71.333336	61.0	69.333336	102.333336	142.66667	172.33333	198.33333	210.66667	223.0	
