42.333332	48.666668	67.666664	81.666664	78.333336	76.666664	74.333336	75.666664	79.333336	80.333336	83.333336	81.666664	81.666664	79.333336	78.0	80.0	78.333336	75.0	74.0	71.0	64.666664	65.666664	65.666664	65.333336	66.666664	66.0	64.333336	62.666668	61.333332	59.0	55.333332	54.666668	52.333332	47.666668	44.0	38.333332	
47.666668	58.666668	75.333336	80.0	78.333336	77.666664	77.666664	80.0	82.333336	83.333336	85.666664	92.0	93.666664	92.333336	88.333336	88.333336	87.0	82.0	78.666664	74.333336	68.666664	67.333336	66.0	65.666664	67.333336	65.666664	63.666668	64.0	63.0	60.666668	56.333332	54.666668	52.0	50.666668	52.666668	53.0	
52.0	60.333332	76.333336	78.0	76.333336	76.666664	79.666664	84.0	85.333336	92.0	96.0	102.333336	103.333336	96.0	87.666664	84.0	84.666664	80.333336	75.333336	72.0	71.333336	68.333336	65.666664	66.333336	68.666664	66.666664	64.333336	64.666664	62.333332	61.666668	58.666668	52.666668	49.666668	48.333332	52.666668	55.333332	
60.333332	67.333336	75.666664	76.333336	76.333336	77.0	81.333336	89.333336	93.0	101.0	108.333336	113.333336	111.0	100.666664	92.0	88.333336	87.333336	86.333336	81.0	80.333336	76.0	71.333336	69.666664	69.666664	69.0	65.666664	63.0	63.666668	62.666668	60.666668	56.333332	54.666668	49.666668	46.666668	49.666668	53.0	
63.666668	73.333336	76.666664	78.666664	79.0	79.666664	87.0	95.0	99.333336	106.333336	112.333336	117.0	122.333336	123.333336	113.666664	101.666664	94.333336	91.666664	87.666664	85.0	76.333336	73.666664	76.333336	76.0	71.0	67.333336	63.666668	64.0	63.333332	61.0	56.0	55.666668	48.333332	45.666668	46.0	48.333332	
67.333336	76.333336	76.666664	76.666664	81.0	87.0	93.0	98.666664	102.666664	108.333336	120.666664	130.33333	138.0	139.33333	139.33333	125.666664	105.333336	90.333336	89.666664	86.0	78.333336	77.0	81.333336	79.0	74.0	70.666664	65.0	65.333336	64.666664	62.333332	55.666668	53.0	47.666668	45.0	44.333332	43.0	
76.0	76.666664	74.666664	78.333336	91.0	96.333336	95.333336	97.333336	109.333336	114.333336	122.0	128.0	131.0	136.0	141.33333	138.66667	117.0	89.666664	85.0	82.0	78.0	75.0	76.666664	77.333336	72.666664	68.0	65.333336	68.0	69.0	64.0	59.666668	54.333332	47.333332	43.666668	43.0	41.666668	
80.0	78.0	80.333336	88.666664	100.333336	101.333336	101.666664	102.0	108.0	111.0	112.0	116.0	121.0	121.333336	127.666664	132.0	118.333336	94.666664	82.666664	81.333336	80.666664	75.666664	74.0	72.333336	67.666664	63.333332	63.333332	66.333336	66.666664	65.333336	63.0	53.0	46.666668	44.0	42.333332	41.0	
80.666664	83.0	87.666664	93.666664	100.666664	99.666664	95.333336	94.0	103.333336	107.333336	107.0	108.333336	108.666664	103.0	99.333336	111.0	110.333336	97.333336	87.666664	80.333336	79.333336	76.0	74.333336	72.333336	67.0	63.333332	62.666668	63.333332	63.333332	62.0	57.666668	51.0	45.666668	44.333332	42.0	42.0	
82.333336	86.333336	88.666664	85.333336	84.0	81.0	78.333336	77.666664	84.333336	91.0	94.666664	95.666664	92.666664	89.666664	86.0	90.333336	92.0	89.0	84.0	79.333336	78.666664	75.666664	72.333336	71.0	68.0	63.333332	62.666668	63.0	61.333332	60.333332	54.333332	50.666668	46.333332	46.666668	45.666668	46.0	
84.333336	82.0	77.666664	70.666664	68.666664	68.333336	73.0	78.0	78.0	83.666664	88.666664	90.0	90.333336	86.333336	86.333336	88.333336	88.0	85.333336	81.0	78.666664	81.0	78.333336	72.0	71.333336	71.333336	66.333336	62.666668	61.0	60.333332	62.666668	58.333332	51.333332	47.666668	48.0	48.666668	48.333332	
77.0	76.666664	77.666664	76.666664	67.0	60.333332	66.333336	74.333336	75.333336	82.333336	95.0	107.666664	118.0	114.333336	102.333336	96.0	93.0	87.0	82.0	80.333336	83.666664	80.666664	76.333336	74.666664	76.333336	73.0	69.333336	68.0	67.333336	67.333336	63.666668	56.666668	51.333332	49.0	50.666668	50.333332	
73.666664	74.666664	76.666664	72.0	66.666664	64.333336	63.333332	61.333332	65.0	61.333332	66.0	93.333336	116.333336	121.0	116.0	110.0	109.333336	98.0	91.333336	92.0	89.666664	84.666664	78.333336	82.333336	85.333336	82.0	79.0	77.0	73.333336	70.666664	69.333336	65.666664	59.333332	52.333332	50.666668	52.333332	
70.0	65.333336	61.333332	60.333332	64.666664	77.333336	92.333336	98.0	87.666664	66.0	49.666668	56.666668	72.666664	83.0	93.666664	105.666664	111.666664	96.333336	93.333336	103.333336	99.333336	90.333336	87.666664	90.666664	89.666664	87.0	79.666664	73.333336	69.666664	67.0	67.333336	68.666664	66.666664	59.666668	54.666668	52.333332	
67.0	62.0	59.0	65.666664	79.666664	102.0	121.666664	122.0	106.333336	80.0	61.333332	59.666668	62.333332	64.666664	70.333336	81.333336	90.0	86.333336	89.333336	102.333336	104.333336	94.0	86.666664	82.666664	81.333336	78.666664	62.666668	52.333332	48.666668	42.666668	45.333332	53.333332	56.333332	55.333332	55.0	51.0	
64.0	63.0	69.666664	80.0	96.666664	116.666664	125.333336	116.666664	101.666664	82.0	66.333336	62.666668	59.333332	60.0	62.666668	71.666664	78.666664	79.666664	85.0	89.0	88.0	81.666664	74.333336	67.666664	65.0	60.0	45.333332	40.333332	40.0	32.0	24.333334	29.333334	34.666668	39.0	45.333332	48.333332	
72.0	68.666664	72.666664	81.0	89.333336	93.333336	92.333336	85.666664	80.333336	72.0	65.0	58.0	52.333332	52.666668	54.333332	59.0	66.333336	76.333336	79.666664	73.333336	70.0	66.333336	59.0	56.666668	55.333332	51.666668	44.333332	43.666668	48.0	50.0	46.333332	41.333332	34.666668	33.666668	35.333332	42.333332	
78.0	70.333336	68.666664	65.0	52.666668	48.0	40.333332	34.666668	33.666668	30.666666	40.333332	46.333332	47.333332	45.333332	46.666668	55.333332	70.333336	88.333336	89.333336	71.0	58.666668	50.333332	46.0	44.333332	43.333332	46.0	47.666668	54.333332	66.0	76.0	79.0	69.0	49.666668	36.0	31.666666	35.0	
78.666664	66.0	54.333332	37.333332	27.333334	28.0	30.666666	37.333332	43.0	20.0	18.666666	25.666666	36.666668	41.666668	43.0	56.333332	83.0	104.0	103.666664	80.333336	61.0	43.666668	33.0	31.666666	37.0	48.666668	63.0	76.0	84.666664	85.0	81.666664	74.666664	61.0	43.666668	30.666666	27.666666	
85.333336	74.0	59.0	48.666668	45.0	48.666668	59.666668	55.0	47.0	36.333332	35.333332	33.333332	33.333332	40.333332	50.333332	68.0	87.0	103.0	102.333336	79.0	58.333332	38.666668	23.0	28.666666	49.666668	60.0	61.0	61.666668	61.333332	64.0	65.666664	64.666664	57.666668	45.666668	32.666668	27.666666	
86.333336	85.666664	83.333336	80.666664	86.333336	92.333336	98.666664	89.0	67.666664	52.666668	52.0	50.333332	43.0	57.666668	84.0	90.0	87.0	94.0	86.333336	71.333336	53.333332	31.333334	20.333334	34.666668	51.333332	52.0	44.0	43.333332	36.0	24.0	29.0	33.0	39.333332	40.333332	32.666668	29.0	
84.333336	92.333336	100.333336	99.0	97.333336	104.666664	108.0	96.333336	74.666664	59.333332	56.0	58.0	65.333336	72.333336	82.333336	85.666664	96.0	101.666664	84.0	70.0	55.666668	34.0	27.0	40.333332	53.333332	55.666668	76.333336	75.333336	55.0	27.0	13.0	12.0	14.666667	26.0	32.0	29.666666	
92.333336	102.333336	113.333336	112.666664	102.666664	101.666664	98.0	86.333336	76.0	71.333336	69.666664	73.333336	74.333336	76.333336	78.0	91.0	104.666664	99.666664	81.0	70.666664	58.666668	40.333332	34.666668	57.333332	67.333336	78.333336	106.0	92.0	61.333332	46.666668	34.0	22.333334	13.333333	15.333333	23.333334	26.0	
100.0	106.666664	122.0	121.0	101.0	90.666664	87.333336	84.0	82.666664	84.333336	85.666664	87.666664	80.666664	79.0	85.666664	93.0	96.0	92.333336	80.333336	65.333336	50.666668	42.0	37.666668	69.333336	101.666664	103.0	102.333336	101.0	85.666664	74.666664	64.333336	50.333332	34.333332	23.333334	20.666666	20.666666	
103.0	115.0	128.66667	118.666664	98.666664	88.333336	84.333336	85.666664	86.666664	91.0	98.333336	99.333336	89.333336	88.666664	88.333336	85.333336	81.333336	78.0	73.0	61.666668	48.666668	45.0	42.0	53.666668	91.333336	113.0	103.0	92.333336	84.0	79.333336	72.333336	60.666668	56.333332	49.333332	39.333332	36.666668	
110.0	130.0	141.33333	119.666664	96.333336	86.666664	85.666664	84.333336	80.666664	88.666664	104.333336	96.0	86.666664	84.333336	82.0	76.666664	68.333336	60.0	63.333332	67.666664	58.333332	45.666668	42.333332	49.0	78.0	112.333336	117.666664	105.0	96.333336	86.333336	83.0	79.666664	78.666664	71.666664	59.666668	52.0	
115.666664	139.33333	145.66667	112.666664	92.666664	87.666664	87.666664	83.333336	75.333336	85.333336	100.333336	87.0	82.333336	87.666664	87.666664	81.666664	72.666664	62.333332	62.666668	65.0	63.333332	52.0	42.666668	42.666668	65.666664	101.666664	114.666664	111.666664	108.0	106.333336	107.0	105.666664	98.333336	84.0	65.666664	54.0	
111.666664	130.66667	131.66667	106.666664	90.666664	85.666664	81.333336	77.333336	76.666664	85.333336	90.333336	82.333336	88.666664	114.333336	112.333336	103.0	87.333336	74.666664	62.666668	61.0	67.0	57.666668	42.666668	37.333332	52.666668	90.0	109.333336	112.666664	114.333336	112.666664	115.333336	114.666664	105.666664	87.666664	67.0	53.0	
103.0	114.666664	113.666664	98.0	80.666664	70.0	67.666664	74.333336	84.666664	96.666664	111.0	113.333336	116.666664	125.666664	127.333336	143.33333	127.666664	90.333336	67.666664	59.666668	64.0	57.0	47.333332	45.0	50.333332	79.0	107.333336	118.333336	120.333336	119.0	119.333336	117.333336	108.333336	90.333336	70.0	52.333332	
91.0	94.333336	88.666664	77.333336	63.333332	60.0	77.0	94.333336	92.0	95.0	97.333336	91.333336	93.0	90.333336	100.666664	132.66667	146.33333	107.333336	80.666664	67.666664	66.666664	67.0	63.666668	67.0	62.0	64.666664	105.666664	128.33333	128.33333	124.666664	118.666664	115.0	110.0	96.0	74.0	53.666668	
77.666664	76.333336	65.666664	55.666668	53.0	70.333336	98.333336	108.0	91.0	68.666664	44.0	28.666666	44.666668	74.0	87.0	98.333336	102.333336	88.666664	81.0	68.333336	63.666668	68.0	80.333336	83.333336	68.333336	50.666668	77.666664	121.666664	131.33333	124.666664	114.333336	110.333336	106.333336	92.666664	72.0	51.666668	
65.0	59.0	47.333332	43.333332	56.333332	80.333336	101.333336	105.666664	102.333336	76.666664	44.0	34.0	48.0	65.333336	74.333336	79.666664	81.0	73.0	63.333332	51.0	49.0	49.0	56.333332	65.333336	62.0	44.333332	43.666668	80.666664	108.333336	111.333336	107.333336	101.666664	93.333336	80.0	64.0	51.333332	
56.666668	44.333332	43.0	49.666668	62.666668	80.666664	92.666664	95.333336	94.0	92.0	82.0	76.333336	90.0	87.0	63.666668	55.333332	52.333332	48.333332	41.666668	35.0	29.333334	20.333334	17.333334	29.0	46.666668	42.333332	40.666668	50.666668	77.333336	95.0	98.0	92.333336	80.333336	68.0	55.666668	48.333332	
49.333332	48.666668	57.0	59.0	71.666664	83.333336	80.333336	79.0	77.666664	74.666664	77.666664	85.333336	86.666664	80.333336	64.0	46.0	39.0	25.666666	18.0	17.333334	16.0	13.333333	12.666667	19.0	33.0	40.0	44.0	45.333332	55.666668	76.0	85.0	84.0	72.0	58.666668	48.666668	44.333332	
51.666668	56.0	59.0	61.333332	74.0	75.333336	69.0	62.333332	62.333332	60.333332	64.333336	74.333336	74.0	59.333332	43.333332	39.333332	56.666668	48.0	33.0	29.666666	28.333334	26.0	26.666666	28.333334	33.333332	39.0	40.666668	39.0	41.666668	53.333332	70.666664	73.0	59.666668	50.333332	45.666668	44.666668	
56.666668	56.666668	45.666668	40.0	51.0	59.333332	61.333332	58.0	66.333336	71.666664	79.333336	91.666664	97.333336	90.333336	75.666664	65.0	61.333332	59.333332	51.666668	40.666668	33.333332	28.0	31.666666	35.0	38.666668	42.666668	41.333332	39.0	40.0	39.666668	51.333332	62.333332	51.666668	42.0	43.333332	45.333332	
62.666668	54.0	34.333332	30.666666	39.666668	55.0	64.666664	64.333336	69.0	76.0	79.0	91.0	97.666664	94.0	89.333336	81.0	74.333336	68.666664	65.666664	57.333332	45.666668	39.666668	33.666668	26.0	27.333334	34.666668	38.333332	40.0	38.0	35.666668	36.333332	53.0	48.333332	38.333332	37.666668	40.666668	
66.333336	53.666668	36.666668	39.0	34.0	35.333332	41.0	45.333332	50.333332	54.0	59.666668	65.333336	70.0	72.0	70.666664	68.0	66.333336	65.0	61.333332	59.666668	53.666668	48.666668	43.666668	34.333332	26.333334	23.333334	28.666666	36.333332	36.666668	37.333332	33.0	42.666668	47.333332	37.333332	28.333334	31.0	
67.0	59.666668	50.666668	59.0	49.333332	32.666668	21.666666	48.0	76.666664	89.333336	81.666664	83.0	69.666664	71.0	69.0	63.666668	62.333332	57.0	53.333332	52.0	47.333332	44.666668	42.0	40.333332	34.333332	28.0	27.0	24.333334	27.0	34.333332	31.0	36.333332	45.666668	33.666668	23.333334	28.666666	
63.333332	59.666668	60.333332	75.333336	75.666664	57.666668	45.666668	104.666664	154.66667	174.0	170.66667	177.66667	139.66667	150.33333	133.0	87.333336	67.0	78.666664	66.666664	46.333332	41.0	36.333332	37.333332	38.666668	34.666668	29.666666	29.333334	25.666666	20.666666	23.333334	24.333334	34.666668	46.0	31.333334	24.333334	31.333334	
63.333332	59.666668	68.666664	85.333336	89.333336	71.666664	66.666664	103.666664	143.33333	168.33333	187.66667	210.0	201.33333	215.33333	193.66667	148.33333	140.33333	176.66667	150.66667	100.333336	95.666664	63.333332	61.0	45.333332	27.333334	14.333333	14.666667	17.666666	28.0	33.333332	25.333334	34.333332	44.666668	29.666666	29.0	41.666668	
61.666668	59.666668	72.0	87.666664	94.333336	80.0	70.666664	79.0	93.0	105.0	134.66667	160.33333	173.0	195.0	181.66667	157.0	172.0	192.0	174.33333	143.66667	140.33333	97.666664	92.666664	70.0	42.0	19.666666	24.333334	36.666668	46.333332	48.333332	38.666668	42.666668	39.333332	27.333334	36.0	51.0	
64.0	62.333332	75.333336	86.666664	92.666664	88.0	76.333336	75.333336	83.666664	91.666664	101.666664	105.666664	118.666664	134.0	131.33333	120.666664	137.0	146.0	134.0	110.0	110.333336	75.333336	69.666664	64.0	58.333332	49.333332	49.0	52.0	50.0	52.333332	53.666668	55.666668	36.0	27.333334	45.666668	53.0	
70.666664	65.666664	78.666664	89.333336	94.0	90.0	84.0	75.0	82.0	102.666664	114.0	116.333336	104.666664	98.333336	96.666664	114.333336	117.333336	98.333336	76.666664	61.666668	65.333336	51.0	54.666668	61.0	58.0	51.333332	48.666668	49.0	51.666668	55.0	60.333332	50.0	31.333334	32.0	53.333332	50.333332	
73.333336	69.0	76.0	87.333336	95.666664	92.666664	87.0	83.0	80.0	91.0	120.666664	135.33333	114.666664	95.666664	87.0	89.0	99.0	93.0	86.666664	83.333336	79.0	69.333336	60.666668	49.666668	42.0	42.0	46.666668	48.0	57.666668	57.333332	54.333332	41.666668	25.333334	37.0	53.333332	44.333332	
77.333336	78.333336	76.666664	82.0	89.0	91.333336	86.333336	82.0	80.0	83.0	90.666664	104.333336	103.333336	88.666664	82.333336	89.666664	97.333336	93.333336	89.666664	79.666664	69.0	55.333332	44.0	38.0	39.666668	42.0	45.0	48.666668	57.333332	55.333332	48.666668	32.333332	25.0	41.666668	45.666668	39.666668	
77.0	84.0	79.666664	78.0	84.0	86.666664	86.333336	79.0	73.333336	65.333336	67.666664	71.666664	70.666664	69.333336	66.666664	76.666664	79.0	75.333336	71.0	59.666668	50.0	43.0	38.666668	39.0	40.0	40.666668	43.0	46.333332	51.333332	54.0	41.0	27.666666	32.0	43.666668	39.666668	35.0	
74.333336	82.666664	79.666664	74.0	77.666664	82.333336	86.0	82.666664	76.0	60.0	40.666668	42.0	50.333332	53.666668	54.666668	56.333332	56.0	54.666668	51.666668	48.0	43.0	42.0	40.333332	38.0	37.666668	40.333332	42.0	42.333332	49.666668	49.666668	32.333332	28.0	36.333332	39.666668	36.666668	29.333334	
71.333336	76.666664	77.666664	74.333336	74.0	79.0	84.333336	85.0	83.666664	77.333336	53.666668	34.333332	34.333332	37.0	38.666668	34.0	32.333332	36.333332	39.666668	42.0	40.0	39.0	39.666668	38.333332	40.666668	42.0	40.666668	39.666668	46.666668	41.666668	27.666666	27.666666	35.666668	38.0	33.666668	30.666666	
