95.333336	94.333336	98.0	118.0	94.333336	86.333336	87.666664	110.0	148.0	174.33333	184.33333	192.66667	200.33333	202.66667	205.33333	205.66667	205.33333	207.0	205.33333	201.33333	198.33333	199.0	198.33333	196.66667	194.66667	193.66667	188.0	181.0	170.66667	149.0	123.333336	92.333336	56.0	35.0	38.0	44.0	
88.666664	85.666664	100.0	113.0	86.0	81.666664	92.333336	129.66667	163.66667	184.66667	192.66667	198.0	202.33333	205.33333	210.33333	211.0	209.33333	210.0	209.33333	204.66667	201.66667	202.0	200.33333	198.33333	196.33333	194.33333	188.33333	181.66667	173.33333	157.33333	136.0	108.333336	72.666664	43.666668	35.666668	45.333332	
80.666664	82.0	102.0	105.333336	87.333336	82.333336	107.666664	149.0	173.33333	189.0	197.0	201.66667	204.33333	207.66667	214.33333	216.33333	212.66667	210.66667	210.66667	206.66667	205.0	204.0	202.0	199.66667	196.33333	194.33333	189.33333	182.33333	175.66667	165.66667	149.66667	124.0	93.666664	65.0	49.333332	51.0	
75.0	79.0	102.333336	102.666664	89.666664	95.333336	128.66667	161.0	180.33333	192.66667	198.33333	205.0	207.33333	209.66667	215.33333	216.66667	213.33333	211.0	209.66667	206.0	205.0	204.66667	203.0	200.33333	196.33333	194.0	190.0	184.33333	179.0	168.66667	153.66667	135.0	111.333336	84.333336	64.0	57.333332	
71.333336	78.0	102.333336	100.333336	88.333336	109.666664	143.66667	166.66667	184.33333	192.0	196.0	202.0	205.66667	208.33333	213.33333	214.33333	210.66667	209.66667	208.33333	205.66667	206.0	206.33333	204.66667	200.33333	195.66667	194.33333	190.33333	185.0	179.66667	170.33333	157.66667	143.33333	125.333336	95.0	67.333336	57.333332	
62.0	76.333336	99.333336	99.333336	94.0	122.333336	153.33333	171.66667	186.33333	193.0	196.33333	199.66667	205.33333	208.66667	213.0	213.66667	209.33333	208.0	209.33333	207.66667	207.0	208.0	205.33333	200.0	195.66667	194.33333	190.33333	185.66667	181.33333	173.66667	162.33333	148.33333	133.0	99.333336	62.0	47.666668	
52.0	76.0	97.666664	97.666664	108.0	137.0	160.33333	178.66667	189.66667	196.0	198.33333	202.0	206.66667	208.33333	213.33333	214.0	211.33333	209.33333	208.0	207.33333	207.0	208.33333	207.66667	203.33333	198.0	196.33333	194.33333	191.66667	184.33333	175.33333	164.33333	149.0	133.33333	100.333336	58.666668	36.0	
45.666668	74.666664	93.0	97.333336	120.0	150.66667	167.66667	183.0	193.0	199.33333	200.66667	203.33333	208.0	210.0	213.66667	214.0	212.33333	211.0	209.66667	209.0	209.0	210.33333	210.66667	205.0	198.66667	198.33333	197.33333	196.0	190.33333	180.33333	169.33333	156.66667	145.66667	110.0	59.666668	29.0	
44.0	71.0	87.333336	101.0	133.0	165.0	178.33333	187.66667	196.33333	202.33333	204.0	205.66667	209.33333	212.33333	214.66667	214.0	213.33333	213.33333	212.66667	211.0	210.33333	211.0	210.33333	205.66667	201.0	200.33333	200.33333	199.0	195.33333	188.33333	178.33333	169.33333	159.0	120.333336	61.666668	24.333334	
44.666668	68.666664	86.333336	110.333336	146.66667	173.66667	184.33333	193.0	198.33333	205.0	206.0	207.0	210.0	213.0	214.66667	214.0	213.33333	213.33333	212.0	210.33333	208.66667	207.33333	207.66667	204.33333	202.0	201.33333	198.66667	194.66667	192.66667	189.0	180.66667	172.66667	164.33333	127.333336	67.0	21.666666	
43.333332	69.666664	89.666664	124.0	160.33333	181.66667	189.33333	196.66667	199.66667	202.0	201.0	202.66667	206.33333	209.66667	211.66667	211.33333	211.66667	212.33333	210.0	208.66667	206.0	203.0	204.0	203.66667	202.66667	198.33333	187.33333	178.33333	173.33333	170.33333	166.66667	165.66667	165.66667	136.66667	75.666664	24.0	
54.666668	75.0	100.0	139.33333	169.0	186.33333	188.0	189.66667	189.66667	184.33333	176.33333	175.66667	179.0	184.33333	194.0	196.33333	201.0	206.33333	203.66667	202.66667	203.0	200.0	200.33333	203.0	200.0	185.33333	163.33333	146.0	130.0	122.0	125.333336	134.0	143.33333	137.0	85.0	25.666666	
66.0	76.0	112.666664	151.66667	170.33333	174.33333	170.66667	168.66667	164.66667	157.66667	143.0	128.66667	124.0	133.33333	151.66667	166.0	182.33333	197.33333	196.66667	196.0	201.0	198.66667	195.66667	199.0	191.66667	165.33333	134.0	116.0	106.0	107.666664	118.666664	129.33333	132.66667	130.33333	92.0	32.333332	
67.333336	89.666664	126.333336	151.33333	160.33333	165.33333	168.0	171.33333	173.0	169.0	156.66667	138.33333	122.0	115.333336	125.333336	141.0	164.0	185.0	192.33333	195.33333	201.66667	197.33333	190.0	187.0	173.33333	144.0	116.666664	108.0	115.333336	129.66667	141.33333	146.66667	149.0	139.33333	105.0	42.666668	
77.666664	111.333336	137.66667	146.0	159.33333	168.0	170.66667	170.66667	169.0	164.66667	161.33333	152.0	144.0	137.33333	133.0	136.0	150.33333	173.0	188.0	196.33333	200.33333	195.33333	184.0	170.0	145.33333	124.0	115.0	117.333336	128.0	134.66667	138.33333	139.66667	141.33333	138.0	118.666664	53.0	
107.333336	133.66667	149.0	152.66667	159.0	158.33333	151.33333	143.66667	135.66667	124.333336	121.0	114.666664	117.0	132.66667	141.0	143.33333	144.33333	160.33333	185.66667	201.33333	205.33333	198.0	182.66667	152.66667	122.0	113.0	108.0	106.0	107.666664	103.666664	105.666664	113.666664	122.333336	126.666664	124.666664	69.666664	
140.66667	149.66667	156.66667	156.66667	152.66667	141.66667	116.0	89.0	70.333336	56.0	58.666668	56.666668	70.666664	100.333336	123.666664	147.0	149.33333	156.66667	182.0	203.0	209.33333	202.0	182.0	139.66667	111.0	101.0	80.333336	70.333336	66.333336	55.666668	60.0	70.0	90.0	118.0	128.0	84.333336	
154.33333	153.66667	158.66667	157.33333	143.0	116.666664	75.333336	48.333332	47.333332	39.333332	41.0	48.333332	80.333336	99.333336	99.0	121.333336	144.66667	159.66667	180.66667	202.0	211.66667	205.33333	183.33333	145.66667	113.666664	106.666664	86.0	68.0	64.333336	70.666664	80.666664	64.333336	72.0	108.666664	133.33333	99.333336	
149.66667	152.66667	157.66667	154.0	140.66667	120.333336	96.0	89.0	103.0	100.666664	95.0	95.666664	125.333336	134.0	122.0	130.66667	153.33333	170.66667	183.33333	198.0	210.33333	207.33333	192.0	160.0	135.0	132.66667	132.0	129.0	121.666664	122.0	126.333336	108.666664	109.0	131.0	150.33333	120.333336	
150.0	156.0	165.0	167.66667	163.66667	156.66667	149.0	144.33333	142.0	141.66667	148.0	142.66667	143.0	146.66667	152.0	162.66667	173.66667	180.66667	186.66667	195.0	207.0	208.0	198.0	170.66667	157.66667	162.0	159.0	154.33333	149.33333	142.66667	136.0	137.66667	145.66667	160.33333	167.33333	143.0	
149.66667	157.0	169.33333	176.0	181.33333	181.0	174.0	169.66667	161.33333	152.0	153.0	149.33333	152.33333	162.0	174.66667	183.33333	187.0	186.33333	189.33333	193.66667	205.0	207.0	201.33333	176.33333	164.33333	173.0	170.66667	164.0	157.66667	151.66667	150.66667	160.33333	171.0	178.66667	174.66667	155.66667	
149.0	154.33333	166.33333	174.33333	184.33333	190.33333	187.33333	186.66667	182.0	171.66667	171.0	168.0	175.0	186.33333	194.33333	194.33333	193.33333	192.33333	193.33333	195.66667	203.0	205.0	201.33333	181.0	168.0	172.66667	180.0	183.0	182.66667	182.33333	186.0	190.0	189.66667	185.0	173.66667	159.0	
147.33333	149.66667	162.66667	170.66667	178.66667	188.66667	193.66667	193.66667	194.33333	192.33333	193.66667	192.0	196.0	200.66667	201.66667	196.0	195.66667	196.66667	197.66667	199.66667	202.33333	205.66667	204.33333	189.0	171.66667	172.66667	180.33333	184.0	190.0	197.0	199.0	197.33333	193.0	189.33333	176.0	160.0	
147.0	149.66667	162.0	168.33333	175.33333	185.66667	194.66667	197.66667	200.33333	201.0	200.66667	197.33333	199.0	201.33333	199.66667	196.0	195.0	196.0	200.0	204.33333	204.66667	208.66667	210.0	198.66667	179.33333	173.66667	178.0	183.66667	190.66667	195.66667	198.0	198.0	193.0	190.0	181.66667	165.0	
146.33333	154.66667	159.0	165.66667	173.66667	181.66667	191.33333	201.0	205.66667	206.33333	203.66667	201.33333	202.33333	204.33333	202.33333	196.33333	190.66667	191.66667	199.33333	207.33333	206.33333	212.66667	215.0	204.33333	185.33333	172.33333	171.66667	174.0	174.66667	184.0	190.66667	194.66667	193.0	187.0	179.66667	168.33333	
143.66667	158.33333	156.33333	162.0	170.33333	178.33333	189.33333	199.0	202.66667	204.33333	203.66667	203.0	205.0	206.33333	198.0	187.0	185.0	189.0	194.33333	205.66667	208.66667	214.33333	218.0	209.33333	192.66667	180.33333	173.0	160.66667	150.33333	162.0	176.0	184.33333	187.0	184.33333	176.66667	165.33333	
138.0	157.33333	159.0	163.0	169.0	174.66667	183.33333	192.33333	195.66667	198.66667	201.0	202.0	197.66667	186.66667	175.66667	168.33333	180.66667	192.33333	191.0	201.33333	212.33333	215.66667	217.0	210.0	196.33333	185.66667	170.33333	156.33333	145.33333	143.66667	151.66667	169.66667	176.0	176.66667	174.33333	161.33333	
135.66667	152.33333	158.66667	160.66667	165.33333	171.33333	178.0	185.66667	188.66667	190.66667	190.66667	184.66667	172.33333	160.33333	160.66667	162.0	176.0	193.0	190.66667	192.33333	206.33333	214.33333	214.0	205.66667	194.33333	171.0	142.33333	140.0	150.33333	153.66667	143.66667	146.66667	161.0	169.66667	166.33333	152.33333	
139.0	148.0	155.33333	156.66667	160.66667	166.66667	172.0	177.66667	178.33333	178.66667	171.66667	158.33333	148.66667	156.0	171.33333	171.0	163.66667	162.0	159.66667	159.33333	176.0	199.0	200.33333	197.0	176.66667	131.33333	104.666664	126.333336	153.0	159.66667	150.33333	138.33333	141.66667	153.0	152.0	139.0	
133.66667	139.33333	155.66667	155.66667	155.0	158.0	163.0	167.66667	169.0	162.33333	149.33333	139.33333	148.0	165.33333	179.0	179.66667	165.0	140.66667	128.0	119.666664	127.333336	154.33333	168.33333	166.0	140.66667	108.666664	116.333336	147.33333	156.66667	152.66667	152.33333	142.33333	128.33333	131.33333	139.0	130.33333	
130.33333	140.66667	155.33333	155.33333	153.33333	153.33333	154.33333	154.66667	152.33333	139.33333	130.0	136.33333	156.66667	172.0	178.66667	184.66667	184.0	171.0	163.0	147.33333	124.0	110.666664	115.333336	112.0	104.0	124.666664	152.33333	159.66667	153.66667	145.0	142.0	134.33333	128.66667	128.66667	131.33333	131.33333	
130.0	140.66667	153.33333	157.66667	158.0	154.0	151.0	148.0	139.33333	126.0	131.33333	152.0	161.0	171.0	175.66667	180.33333	183.66667	181.0	183.0	184.0	168.66667	142.33333	121.0	111.0	121.333336	150.33333	159.66667	145.66667	135.0	125.333336	118.666664	128.66667	139.66667	142.66667	138.0	134.0	
124.333336	131.33333	148.66667	159.33333	163.0	159.66667	157.0	151.0	135.33333	127.666664	137.66667	148.0	150.33333	158.0	164.66667	169.0	171.66667	171.0	173.0	178.0	178.66667	179.33333	170.0	158.33333	152.33333	146.0	137.33333	119.333336	94.0	89.666664	106.333336	136.33333	153.33333	159.0	149.0	137.33333	
124.333336	129.0	145.0	158.33333	164.33333	164.66667	164.0	158.66667	144.33333	134.33333	129.0	115.666664	112.333336	123.333336	135.33333	140.33333	145.33333	149.33333	149.66667	148.33333	150.66667	157.33333	153.0	147.0	142.33333	143.0	154.0	137.66667	89.0	94.333336	132.66667	162.33333	168.33333	165.0	151.0	135.33333	
122.333336	127.0	137.66667	153.0	164.66667	168.66667	170.0	168.33333	157.66667	148.0	133.66667	113.333336	106.666664	124.0	155.0	171.0	182.0	191.33333	188.0	186.0	187.33333	189.33333	185.33333	190.0	196.66667	199.0	201.33333	153.0	95.666664	122.0	155.33333	172.66667	172.66667	167.33333	153.66667	132.66667	
117.333336	123.0	127.666664	146.66667	161.66667	167.33333	170.66667	170.66667	165.0	164.0	159.0	148.66667	127.0	127.333336	160.66667	185.66667	193.66667	213.33333	225.0	227.0	232.33333	232.33333	227.66667	226.66667	221.0	193.0	175.66667	132.0	99.666664	129.66667	155.66667	171.33333	173.66667	164.33333	148.0	109.0	
112.666664	118.0	121.0	138.33333	156.66667	163.66667	165.33333	169.0	170.66667	170.0	171.66667	168.33333	153.0	153.66667	170.33333	176.66667	174.33333	182.66667	189.66667	194.33333	210.0	210.0	198.66667	198.33333	188.0	168.33333	173.66667	156.0	132.33333	136.66667	157.33333	176.0	171.66667	155.33333	132.33333	81.666664	
103.0	117.0	115.666664	122.666664	143.66667	160.0	165.33333	170.0	174.0	174.66667	176.66667	177.66667	168.66667	168.33333	184.33333	204.66667	213.0	209.66667	203.66667	204.0	207.0	206.33333	203.0	207.0	203.33333	200.33333	193.33333	163.0	139.0	141.33333	160.0	175.33333	165.0	142.66667	105.666664	57.333332	
79.333336	110.0	113.0	110.666664	123.666664	145.33333	158.33333	163.66667	171.0	177.0	179.66667	183.33333	181.66667	168.33333	163.66667	178.0	193.0	207.33333	213.66667	215.0	217.66667	214.0	211.33333	202.66667	193.33333	179.33333	162.33333	147.33333	140.33333	147.0	164.66667	170.0	154.66667	123.0	77.666664	46.0	
55.666668	90.0	108.0	111.666664	110.666664	122.0	146.33333	156.66667	164.0	173.33333	181.33333	185.0	188.0	179.66667	167.0	164.33333	169.66667	177.0	184.0	188.66667	198.33333	201.0	190.66667	176.0	164.66667	154.66667	146.0	144.0	146.33333	149.33333	161.66667	164.33333	137.0	93.333336	57.333332	45.666668	
45.0	62.666668	91.666664	108.666664	104.333336	106.333336	126.333336	146.33333	155.66667	164.66667	178.66667	186.66667	186.0	185.0	176.66667	172.33333	171.0	167.33333	170.33333	177.0	182.0	181.33333	172.0	160.0	153.0	150.66667	153.0	154.0	154.33333	157.66667	162.66667	156.66667	110.333336	66.333336	48.666668	46.333332	
45.333332	45.666668	66.333336	96.0	104.666664	100.666664	108.333336	127.333336	146.33333	156.0	171.0	184.66667	185.33333	186.0	181.33333	175.66667	177.33333	177.33333	179.66667	181.0	181.0	177.33333	174.33333	172.33333	170.0	168.66667	170.33333	165.33333	161.33333	159.66667	160.66667	136.66667	82.0	52.333332	46.666668	46.333332	
48.666668	49.333332	42.666668	62.666668	96.333336	98.0	94.666664	105.333336	127.0	142.33333	157.66667	174.33333	186.66667	183.66667	183.0	181.66667	178.66667	181.0	184.66667	188.33333	191.66667	193.0	192.33333	190.33333	187.33333	185.66667	181.66667	172.66667	167.33333	162.0	155.0	111.333336	58.333332	46.0	45.333332	46.333332	
50.333332	50.666668	40.666668	39.666668	65.666664	87.333336	89.0	88.666664	102.333336	123.333336	138.0	154.0	177.0	183.0	184.66667	187.0	185.0	188.0	190.66667	196.0	203.66667	205.66667	203.33333	199.66667	196.66667	194.0	187.66667	178.33333	171.33333	165.66667	140.0	83.333336	46.666668	45.333332	45.666668	46.0	
48.0	50.0	43.666668	34.666668	37.0	68.333336	90.333336	85.666664	83.0	100.666664	118.333336	130.33333	154.66667	176.66667	181.0	185.0	189.0	191.66667	193.33333	197.0	204.0	209.33333	208.0	204.0	198.33333	192.0	186.33333	177.0	167.66667	160.0	112.0	59.333332	44.666668	44.333332	47.333332	46.0	
44.0	50.333332	44.666668	38.333332	29.666666	42.0	82.666664	99.333336	83.333336	77.0	91.0	106.333336	124.333336	147.66667	170.33333	179.66667	186.33333	192.33333	194.66667	195.33333	198.66667	205.66667	206.0	201.66667	194.66667	188.66667	179.66667	169.33333	159.0	135.66667	77.0	47.333332	46.333332	46.333332	48.0	46.666668	
40.0	45.666668	46.0	42.333332	33.333332	29.666666	56.666668	102.666664	106.0	84.666664	74.666664	81.666664	93.666664	107.666664	134.33333	159.0	173.0	182.33333	187.66667	190.33333	193.33333	196.0	192.66667	186.33333	180.0	176.66667	169.0	157.33333	133.33333	78.333336	36.333332	36.333332	44.0	45.666668	45.333332	45.333332	
38.333332	44.333332	47.0	47.666668	40.666668	32.333332	33.0	69.0	116.333336	115.0	90.0	73.333336	70.333336	80.0	89.0	114.0	140.66667	157.0	168.0	173.0	176.66667	177.0	171.66667	165.66667	156.66667	152.0	140.33333	116.0	77.0	30.0	15.0	25.333334	33.666668	38.666668	41.0	44.666668	
38.0	41.0	48.0	49.666668	45.333332	38.0	33.666668	41.0	86.666664	129.0	125.666664	100.333336	74.666664	69.666664	66.0	69.0	83.333336	104.666664	125.0	133.66667	138.0	135.33333	129.66667	123.333336	113.0	103.333336	89.666664	51.666668	20.666666	9.0	10.333333	18.666666	22.333334	30.666666	38.666668	44.666668	
