53.333332	53.666668	55.333332	61.333332	94.666664	133.66667	163.0	190.66667	208.33333	218.33333	224.33333	226.66667	231.66667	236.66667	238.33333	239.33333	241.33333	240.66667	239.66667	237.0	236.0	233.0	228.66667	220.0	204.66667	191.33333	184.33333	176.66667	172.66667	165.0	160.33333	166.66667	158.0	133.0	121.333336	109.666664	
50.333332	51.666668	55.333332	68.333336	99.333336	132.66667	182.33333	212.33333	222.0	225.66667	228.66667	230.33333	233.66667	237.33333	238.0	239.66667	241.66667	241.33333	239.0	236.66667	235.0	230.66667	224.0	217.66667	207.66667	194.0	184.0	176.33333	171.66667	163.0	157.33333	167.66667	165.66667	140.33333	130.33333	123.666664	
51.333332	52.666668	57.333332	80.333336	113.0	161.66667	206.66667	221.66667	225.0	226.33333	229.33333	232.33333	235.33333	236.33333	239.66667	241.66667	242.0	240.0	237.0	236.33333	235.66667	229.33333	224.66667	219.33333	207.0	193.33333	184.0	178.33333	170.33333	158.33333	157.66667	166.66667	164.0	143.66667	131.66667	131.33333	
53.666668	54.0	67.0	100.333336	142.33333	189.33333	211.66667	221.66667	223.33333	223.33333	228.66667	232.66667	236.33333	238.66667	241.66667	244.66667	244.0	240.66667	238.66667	238.0	237.0	233.33333	232.66667	228.33333	214.33333	200.66667	188.33333	179.33333	170.66667	161.0	162.66667	171.33333	170.33333	152.0	136.33333	129.66667	
54.666668	59.0	86.0	121.666664	165.33333	194.33333	210.66667	221.66667	222.33333	221.33333	228.33333	232.66667	235.66667	239.33333	243.0	246.0	244.66667	243.33333	242.66667	240.0	237.33333	234.66667	232.33333	230.0	223.66667	213.0	197.66667	181.66667	171.66667	164.66667	167.66667	176.33333	175.66667	157.66667	135.66667	125.333336	
57.333332	67.333336	104.333336	138.66667	171.0	191.0	206.66667	217.33333	222.33333	223.66667	231.0	235.33333	237.66667	242.33333	246.33333	244.66667	243.33333	241.66667	239.66667	237.66667	235.33333	232.33333	228.0	228.33333	223.66667	215.0	200.33333	182.66667	172.66667	168.33333	172.33333	176.66667	176.0	162.33333	138.66667	121.666664	
59.666668	75.666664	111.333336	143.66667	171.0	187.66667	201.33333	212.33333	223.33333	226.0	232.0	236.0	239.0	244.0	246.33333	244.33333	244.0	240.33333	236.33333	235.33333	235.66667	232.0	228.0	226.66667	220.33333	211.66667	204.66667	193.0	183.0	178.66667	179.66667	179.33333	178.33333	166.0	144.0	128.66667	
59.333332	78.333336	121.0	150.0	172.33333	188.66667	197.33333	209.33333	223.33333	228.0	232.33333	235.66667	239.33333	243.66667	246.0	245.33333	243.33333	240.0	236.66667	234.33333	232.66667	230.66667	228.0	224.66667	215.0	208.0	206.33333	202.33333	196.0	189.33333	185.0	179.66667	174.66667	166.33333	148.66667	135.0	
60.666668	83.0	129.33333	151.66667	173.0	191.66667	200.0	211.33333	223.33333	227.66667	231.33333	236.0	240.33333	243.0	244.66667	244.33333	242.33333	238.66667	237.0	234.0	229.0	228.0	225.66667	222.66667	216.66667	213.33333	213.0	209.66667	204.66667	196.66667	190.66667	183.33333	176.33333	169.0	152.33333	137.0	
55.666668	87.333336	136.33333	155.66667	180.0	196.66667	201.66667	211.33333	220.33333	225.66667	228.33333	233.33333	238.33333	241.66667	242.0	240.66667	239.0	237.0	235.0	233.66667	229.66667	227.66667	224.0	221.66667	222.0	221.66667	218.0	212.66667	205.0	196.66667	191.66667	184.0	176.0	169.33333	153.33333	134.66667	
59.333332	94.333336	138.33333	161.33333	182.0	189.33333	199.33333	214.33333	220.0	225.66667	229.0	232.33333	236.33333	239.0	238.66667	236.33333	234.0	233.33333	233.66667	233.33333	232.0	231.0	227.0	226.33333	226.0	224.33333	220.0	212.33333	201.33333	195.33333	192.0	183.66667	177.0	171.66667	149.66667	123.333336	
67.333336	94.666664	133.33333	165.66667	184.0	192.0	203.0	215.0	219.66667	224.33333	228.33333	230.33333	231.66667	232.0	233.0	233.33333	231.66667	231.66667	232.33333	231.66667	231.66667	231.0	231.0	231.0	227.66667	226.0	221.33333	211.0	196.33333	194.33333	193.33333	188.33333	185.66667	180.0	152.66667	121.333336	
68.0	94.333336	133.33333	165.33333	184.33333	196.33333	207.0	212.0	215.33333	222.0	226.66667	231.0	230.66667	228.33333	226.33333	225.33333	225.0	225.0	225.66667	228.66667	228.33333	229.0	229.0	229.33333	228.33333	223.0	215.66667	206.0	194.0	192.66667	192.0	190.0	189.66667	184.0	166.33333	138.66667	
67.333336	90.0	133.33333	170.0	189.0	201.66667	212.66667	216.33333	217.0	218.66667	223.0	227.33333	224.66667	216.66667	208.66667	203.33333	205.33333	208.33333	211.0	215.33333	213.66667	210.33333	208.66667	209.33333	214.66667	213.33333	206.0	199.66667	195.33333	194.0	191.33333	192.33333	193.33333	189.33333	179.33333	158.33333	
66.333336	81.666664	129.0	176.0	194.33333	205.33333	211.33333	211.33333	214.0	208.66667	205.66667	205.66667	204.33333	201.66667	193.0	182.33333	179.33333	182.33333	183.66667	176.66667	163.33333	167.33333	187.33333	193.66667	195.66667	193.0	185.33333	188.66667	194.0	195.33333	194.0	195.66667	195.33333	190.66667	181.33333	166.66667	
68.333336	75.333336	123.333336	177.33333	195.0	200.66667	197.33333	186.0	186.0	184.33333	181.33333	179.33333	183.0	193.33333	189.66667	173.66667	160.66667	153.66667	150.0	134.66667	122.666664	139.33333	163.0	171.33333	176.66667	172.33333	164.0	169.33333	181.0	188.0	189.0	192.33333	195.0	191.66667	183.66667	174.66667	
72.666664	73.0	118.0	173.0	191.66667	187.33333	165.33333	143.66667	139.0	145.33333	149.66667	156.0	167.33333	186.0	189.66667	173.0	146.66667	125.0	122.0	109.666664	91.0	89.333336	103.333336	106.666664	119.0	137.66667	153.66667	160.66667	166.66667	177.0	185.66667	191.0	198.33333	197.33333	187.33333	181.66667	
77.666664	76.0	115.666664	166.33333	183.0	168.0	133.66667	101.333336	92.333336	98.333336	106.333336	117.666664	145.33333	177.33333	186.0	174.0	148.0	112.666664	102.666664	91.666664	72.333336	77.333336	103.666664	112.0	111.333336	93.0	117.0	157.33333	167.66667	175.0	186.33333	193.33333	200.33333	199.33333	189.66667	184.66667	
78.666664	83.666664	120.0	145.0	146.66667	124.333336	92.333336	64.333336	59.333332	64.0	69.333336	82.333336	125.666664	169.66667	185.66667	174.33333	154.33333	124.0	112.0	116.666664	148.33333	159.66667	151.33333	172.66667	183.66667	147.0	127.0	150.0	172.33333	182.33333	188.66667	195.0	201.33333	198.0	188.66667	183.0	
81.666664	84.333336	117.0	127.0	117.666664	79.333336	67.666664	92.0	110.666664	131.0	121.666664	99.333336	126.0	175.33333	204.0	189.0	165.0	149.66667	165.66667	190.66667	208.33333	214.33333	201.66667	201.33333	204.66667	188.66667	178.0	177.66667	190.66667	199.33333	203.0	207.33333	208.0	200.0	187.33333	178.33333	
83.666664	86.333336	121.0	122.333336	102.0	78.0	122.666664	152.0	162.0	198.0	196.66667	181.0	171.33333	183.33333	208.66667	195.66667	172.33333	175.0	201.0	213.0	203.66667	204.0	205.0	201.33333	198.33333	200.33333	209.66667	207.0	211.0	214.33333	215.33333	212.66667	203.33333	192.66667	178.66667	166.33333	
85.666664	88.0	122.333336	124.333336	107.666664	101.333336	153.0	185.0	198.66667	211.66667	206.33333	198.66667	187.0	196.0	214.0	199.66667	179.0	184.66667	204.0	209.0	195.0	187.0	193.66667	202.33333	209.0	218.66667	220.66667	216.66667	223.0	227.33333	222.0	207.0	193.33333	184.66667	170.0	160.0	
85.666664	93.333336	134.0	145.66667	130.33333	136.0	163.66667	180.0	186.0	183.33333	182.66667	182.0	181.0	198.0	212.66667	198.33333	177.0	186.0	207.0	214.33333	209.33333	199.0	199.0	210.66667	216.33333	220.0	218.0	219.0	227.33333	229.0	220.0	202.66667	190.0	178.66667	161.66667	154.33333	
85.0	96.333336	143.0	165.66667	158.66667	161.66667	167.66667	168.66667	168.66667	169.33333	175.33333	177.33333	179.33333	201.33333	213.33333	197.66667	182.33333	191.0	204.66667	218.0	223.66667	217.0	208.33333	210.0	209.33333	213.0	219.0	226.0	227.66667	223.0	212.0	194.0	179.66667	169.33333	155.0	148.0	
83.666664	98.0	147.33333	172.0	179.0	177.66667	179.0	180.66667	179.33333	176.0	180.66667	180.66667	180.33333	203.33333	214.66667	201.33333	189.66667	191.66667	200.66667	213.66667	226.33333	229.0	225.33333	223.66667	218.0	219.33333	224.66667	225.0	219.33333	210.0	199.0	183.0	167.0	159.66667	149.0	144.33333	
83.333336	93.333336	136.33333	178.33333	193.33333	185.33333	183.0	187.0	186.66667	184.0	194.33333	191.0	187.33333	208.66667	217.66667	208.33333	196.0	191.33333	194.66667	204.66667	224.0	233.33333	231.66667	231.33333	227.66667	223.66667	218.66667	211.0	200.0	192.66667	188.33333	176.33333	161.66667	154.33333	147.66667	145.33333	
83.333336	87.333336	122.333336	175.33333	201.33333	200.66667	192.0	190.0	197.66667	206.0	205.66667	193.0	196.33333	219.0	224.0	215.66667	199.0	183.33333	181.0	193.0	218.0	231.0	232.0	233.0	230.66667	224.33333	216.33333	205.0	191.0	187.0	183.33333	170.33333	158.0	150.33333	146.66667	145.33333	
84.0	85.666664	112.333336	156.66667	186.66667	195.0	198.66667	199.0	208.66667	214.66667	208.66667	195.66667	203.0	223.66667	228.66667	222.0	204.33333	180.0	176.33333	184.66667	206.66667	225.0	231.0	232.0	229.0	221.33333	212.33333	202.33333	188.33333	184.33333	180.66667	169.66667	158.66667	151.0	144.0	140.66667	
84.666664	86.0	104.0	134.0	158.33333	171.66667	184.0	193.33333	205.0	210.66667	206.33333	194.66667	204.66667	223.33333	229.0	222.66667	203.33333	187.33333	195.33333	194.0	190.0	210.33333	226.66667	229.0	228.33333	222.66667	214.0	201.66667	186.0	179.33333	178.33333	170.0	157.66667	148.0	140.66667	135.66667	
83.666664	85.0	107.0	128.0	133.66667	152.0	171.0	188.66667	201.66667	209.66667	204.0	183.66667	192.66667	212.66667	214.33333	205.0	174.33333	157.0	174.33333	185.66667	174.66667	187.33333	213.0	223.66667	225.66667	222.0	213.66667	202.0	185.33333	175.66667	175.66667	168.0	153.33333	141.66667	135.66667	135.0	
81.0	80.666664	104.333336	132.33333	123.0	137.33333	158.33333	182.0	199.66667	209.33333	201.0	162.66667	163.33333	188.0	185.33333	174.66667	124.333336	73.333336	86.0	137.0	159.66667	172.33333	194.33333	210.33333	219.66667	219.33333	208.33333	193.66667	178.0	169.33333	170.33333	164.33333	149.0	135.66667	130.0	132.66667	
76.333336	75.0	87.666664	124.0	124.333336	133.66667	151.0	177.33333	197.33333	205.33333	195.0	145.33333	111.333336	128.66667	135.66667	122.666664	78.333336	50.0	57.666668	95.666664	148.33333	191.0	198.0	200.66667	213.0	215.0	203.0	187.33333	172.66667	164.33333	164.0	158.33333	141.66667	127.0	124.0	130.0	
73.0	71.666664	79.0	114.0	126.0	134.0	147.66667	175.66667	194.33333	200.66667	194.33333	165.33333	99.333336	76.666664	78.666664	85.0	98.333336	131.0	143.66667	148.33333	185.66667	213.33333	207.33333	201.33333	207.0	207.33333	197.66667	185.66667	170.66667	160.0	157.33333	150.66667	133.66667	120.666664	121.666664	129.66667	
71.666664	70.0	72.666664	105.666664	122.666664	130.33333	144.66667	174.0	192.66667	195.33333	195.66667	195.0	151.33333	115.666664	92.333336	86.666664	128.66667	183.66667	199.0	200.66667	213.0	218.0	215.33333	206.66667	200.0	199.33333	193.0	180.66667	165.33333	152.33333	149.66667	144.66667	129.33333	117.666664	119.666664	131.66667	
69.0	66.333336	67.0	97.333336	124.333336	120.666664	140.66667	167.66667	190.33333	197.0	200.33333	203.0	185.0	158.66667	152.33333	155.0	164.33333	191.0	201.33333	204.0	208.0	212.0	213.33333	205.66667	197.33333	192.0	187.0	173.66667	162.0	147.0	141.0	134.33333	123.666664	112.0	112.0	126.0	
67.333336	65.666664	65.666664	84.666664	125.0	116.0	137.33333	165.0	186.66667	195.0	198.0	196.66667	188.66667	177.0	183.66667	198.66667	188.33333	195.66667	199.66667	194.33333	196.0	198.66667	202.33333	201.0	194.33333	181.33333	175.33333	166.33333	155.0	141.66667	134.33333	127.0	117.0	108.333336	108.333336	120.666664	
67.0	65.333336	64.333336	72.0	116.666664	120.666664	130.33333	160.66667	178.66667	185.33333	190.0	189.33333	183.0	177.66667	177.0	190.33333	187.33333	188.0	189.0	185.66667	185.66667	181.0	178.0	183.66667	188.0	176.33333	167.66667	160.33333	146.66667	134.33333	129.66667	123.333336	113.666664	106.0	104.0	109.666664	
65.666664	64.0	61.333332	64.0	90.0	121.666664	128.66667	153.0	170.33333	176.0	178.33333	179.33333	174.66667	168.66667	162.33333	172.0	177.66667	175.0	176.0	175.0	167.66667	152.0	139.0	146.66667	164.33333	165.0	160.66667	156.33333	142.33333	128.33333	123.0	119.0	109.666664	101.0	98.666664	97.666664	
64.333336	62.0	60.666668	60.333332	71.0	99.0	122.333336	143.0	160.66667	168.33333	166.0	163.0	155.33333	151.33333	153.66667	164.66667	178.33333	174.33333	161.0	139.66667	122.0	110.333336	102.0	101.666664	118.333336	132.33333	148.66667	154.0	141.66667	123.666664	116.666664	111.666664	106.333336	98.666664	93.666664	88.333336	
62.333332	61.666668	61.666668	62.333332	68.333336	80.0	105.333336	130.0	149.33333	162.33333	152.33333	139.66667	122.0	110.333336	113.666664	115.333336	122.666664	123.333336	107.0	99.0	116.666664	140.0	145.33333	130.33333	111.666664	112.666664	143.0	152.66667	142.33333	123.0	113.0	107.333336	104.333336	99.666664	89.333336	83.333336	
61.333332	62.666668	62.666668	65.333336	68.0	74.666664	90.0	115.333336	134.33333	150.66667	140.66667	122.666664	91.666664	75.0	83.0	91.0	106.333336	124.0	145.66667	170.33333	181.33333	177.66667	173.33333	169.0	158.33333	141.33333	146.0	148.33333	139.33333	118.0	110.666664	108.333336	107.333336	100.666664	87.333336	80.0	
63.666668	64.0	64.333336	67.666664	70.0	74.0	81.666664	98.333336	113.666664	132.33333	136.66667	120.666664	109.666664	124.0	131.66667	139.33333	160.33333	168.33333	174.66667	172.66667	166.0	162.0	165.0	167.66667	169.0	161.66667	150.0	140.66667	131.33333	116.0	114.666664	115.666664	112.0	100.0	86.333336	83.333336	
65.666664	65.666664	65.0	68.0	73.0	75.333336	79.0	84.0	98.333336	118.333336	137.0	131.66667	133.33333	154.0	149.0	128.33333	125.666664	127.666664	136.33333	141.0	142.0	148.0	158.0	159.66667	164.0	166.66667	155.0	137.0	124.0	116.666664	120.666664	128.33333	122.0	100.666664	87.0	88.333336	
66.0	67.666664	67.666664	70.0	75.333336	77.333336	81.0	79.0	83.333336	101.0	126.333336	132.66667	135.33333	147.66667	153.33333	136.66667	121.666664	114.666664	115.333336	120.666664	125.666664	133.0	147.33333	154.33333	165.66667	169.0	162.0	143.33333	122.0	118.333336	135.66667	143.0	131.0	101.666664	88.333336	94.333336	
65.333336	69.666664	69.666664	73.333336	77.0	77.333336	79.333336	78.333336	76.333336	85.333336	106.0	117.333336	125.0	131.66667	140.66667	140.66667	130.0	115.0	107.333336	109.333336	117.666664	133.33333	151.33333	159.33333	162.33333	159.66667	155.0	146.33333	125.333336	122.0	143.66667	142.0	125.666664	102.333336	94.333336	101.666664	
63.333332	70.666664	75.0	79.666664	80.666664	80.0	78.333336	78.666664	78.333336	84.0	93.333336	109.0	121.666664	126.333336	134.66667	148.33333	150.33333	147.66667	149.33333	148.33333	154.66667	172.0	174.66667	168.33333	161.33333	152.33333	141.66667	133.66667	125.0	129.0	143.0	135.0	113.666664	95.333336	100.0	107.0	
64.333336	72.666664	85.333336	86.666664	85.0	83.0	80.333336	78.666664	79.666664	87.333336	95.333336	108.666664	127.0	132.0	142.33333	165.0	182.33333	191.33333	194.66667	189.33333	189.33333	185.66667	180.0	172.66667	162.33333	151.66667	136.0	114.666664	114.0	127.666664	129.33333	120.333336	102.666664	92.0	102.333336	109.333336	
57.666668	61.666668	86.333336	90.0	88.333336	85.666664	82.666664	79.666664	79.0	88.0	100.666664	102.333336	113.666664	124.666664	140.66667	160.33333	173.66667	179.66667	184.66667	181.66667	180.66667	173.0	169.0	163.0	151.33333	139.33333	120.666664	99.333336	106.333336	116.666664	109.666664	102.666664	90.0	91.333336	102.333336	106.0	
46.333332	40.666668	78.333336	91.333336	90.666664	89.666664	85.666664	82.333336	81.666664	83.333336	90.333336	97.0	91.0	99.0	125.666664	145.33333	154.33333	153.33333	156.33333	159.33333	161.0	157.0	150.33333	138.0	124.333336	114.666664	101.333336	102.666664	101.666664	95.333336	90.0	86.666664	81.666664	87.0	97.666664	100.0	
