19.333334	17.333334	27.666666	71.666664	112.666664	125.0	129.0	138.66667	141.33333	144.0	150.0	154.0	160.33333	159.66667	158.0	163.0	162.0	162.0	165.0	167.0	165.0	162.66667	161.0	153.33333	148.0	145.0	140.33333	133.0	120.666664	102.333336	85.333336	57.0	57.333332	60.666668	59.666668	60.666668	
17.666666	46.0	93.333336	116.666664	123.666664	126.666664	132.33333	137.66667	145.0	148.33333	154.33333	158.0	164.0	168.0	172.33333	172.66667	175.0	173.66667	173.66667	173.0	171.0	168.66667	168.0	160.66667	154.66667	150.0	145.0	140.0	127.666664	111.0	95.666664	71.0	51.333332	55.666668	59.333332	60.0	
60.666668	109.0	123.666664	122.333336	130.0	133.33333	136.33333	141.33333	146.33333	150.0	156.0	164.0	168.0	172.33333	178.66667	179.66667	180.66667	178.0	175.66667	174.33333	172.33333	170.66667	166.0	160.66667	160.0	156.0	151.66667	147.66667	134.66667	123.0	109.666664	88.333336	54.333332	52.0	58.0	61.666668	
110.0	122.0	124.0	123.333336	130.66667	135.33333	139.0	141.66667	151.33333	154.33333	160.66667	169.66667	175.33333	182.0	186.0	184.66667	184.66667	186.66667	184.33333	179.0	179.0	174.33333	169.66667	162.66667	161.0	160.33333	159.33333	156.0	144.66667	131.0	119.333336	104.666664	70.666664	47.666668	56.666668	57.666668	
117.666664	123.333336	127.666664	127.333336	133.0	138.33333	142.66667	147.33333	157.66667	162.0	168.0	170.33333	176.66667	181.66667	179.66667	182.33333	189.33333	191.0	190.0	186.0	184.66667	175.0	173.66667	173.0	167.0	162.33333	160.0	158.0	151.0	143.66667	132.33333	120.0	91.666664	53.666668	54.0	60.0	
116.333336	128.33333	134.0	135.33333	138.33333	142.0	148.66667	154.66667	159.0	164.0	170.0	169.66667	167.33333	172.66667	170.0	175.33333	177.33333	179.66667	181.33333	184.33333	185.66667	178.0	177.0	177.0	171.0	165.0	161.66667	160.33333	156.33333	152.0	147.66667	138.33333	116.333336	75.666664	44.666668	56.0	
124.666664	137.0	141.0	142.66667	145.66667	146.66667	151.66667	158.66667	159.0	163.66667	167.33333	170.66667	171.33333	173.33333	174.0	176.66667	179.0	179.66667	180.66667	184.33333	184.66667	183.66667	184.33333	181.33333	178.0	173.33333	169.66667	167.66667	163.0	161.33333	160.0	156.33333	148.33333	125.0	55.333332	42.0	
134.0	146.33333	152.33333	154.0	154.0	153.66667	155.0	162.66667	161.0	164.66667	167.0	171.33333	173.66667	179.0	178.66667	181.66667	183.33333	182.33333	182.33333	185.33333	188.33333	185.66667	183.66667	183.66667	183.66667	179.0	171.33333	173.0	173.0	168.66667	168.0	166.33333	164.66667	159.66667	96.666664	40.0	
143.33333	155.66667	160.0	160.33333	161.0	160.66667	158.33333	161.66667	164.66667	167.66667	168.33333	171.33333	173.66667	179.33333	181.66667	186.66667	189.33333	189.66667	189.0	186.33333	190.66667	188.66667	185.66667	189.66667	188.66667	184.66667	182.0	179.0	177.66667	173.33333	173.0	171.66667	170.0	168.33333	125.0	41.333332	
149.33333	159.33333	162.66667	164.66667	162.66667	159.0	158.0	158.66667	161.33333	159.66667	163.66667	171.33333	179.33333	185.0	188.66667	193.0	199.0	199.33333	198.33333	195.66667	194.66667	191.66667	193.0	194.0	193.66667	190.66667	188.0	186.33333	186.33333	182.0	175.66667	168.33333	168.33333	169.66667	145.0	58.666668	
154.66667	161.33333	162.0	162.66667	161.66667	159.33333	157.66667	152.33333	147.66667	142.66667	150.0	156.33333	159.66667	160.33333	179.33333	187.33333	196.66667	202.0	203.66667	199.66667	197.66667	196.66667	197.0	196.66667	195.33333	191.33333	189.33333	185.0	178.33333	177.66667	168.33333	157.66667	161.33333	170.66667	159.66667	78.666664	
160.0	159.33333	158.0	162.33333	162.66667	156.0	148.33333	131.33333	126.666664	129.0	113.333336	104.333336	108.333336	116.0	131.0	152.66667	163.66667	182.0	195.33333	194.66667	192.66667	196.0	194.0	190.66667	188.66667	186.0	177.0	161.33333	147.33333	124.333336	110.666664	111.333336	123.333336	153.33333	167.33333	103.666664	
160.66667	157.66667	160.0	162.66667	161.33333	146.66667	137.66667	137.0	144.0	149.66667	157.66667	157.66667	148.66667	150.33333	150.0	151.66667	158.66667	170.33333	185.33333	187.33333	190.33333	193.33333	190.33333	185.0	184.66667	177.66667	165.66667	152.33333	139.0	120.333336	103.666664	98.0	94.666664	125.0	164.33333	120.333336	
158.33333	161.33333	161.0	161.66667	152.33333	139.66667	154.66667	166.33333	176.33333	178.66667	185.33333	184.33333	183.0	175.33333	168.0	162.33333	160.33333	164.66667	175.0	183.66667	189.0	191.66667	189.33333	184.66667	176.33333	163.33333	153.66667	153.0	155.66667	160.33333	167.33333	170.66667	152.66667	135.0	151.66667	132.66667	
159.0	162.66667	158.33333	156.66667	151.66667	157.66667	165.0	168.66667	172.66667	167.33333	154.66667	135.66667	129.33333	138.33333	148.33333	155.0	147.0	146.33333	157.33333	171.0	183.66667	191.0	191.0	180.33333	155.0	141.66667	149.0	158.33333	165.33333	170.33333	179.0	184.0	181.0	164.66667	156.0	142.0	
158.66667	160.66667	158.66667	156.66667	165.0	166.0	167.33333	163.33333	130.0	93.666664	56.666668	62.333332	54.333332	77.333336	110.0	131.66667	141.66667	142.33333	141.0	158.0	174.66667	181.66667	184.66667	169.33333	133.66667	138.0	142.0	123.666664	101.0	89.0	112.333336	150.66667	172.33333	170.0	163.33333	149.33333	
158.66667	159.33333	160.33333	159.33333	165.0	164.66667	163.33333	120.0	83.666664	106.0	108.666664	127.0	120.666664	122.666664	127.333336	138.0	153.0	165.0	147.66667	151.66667	161.66667	170.33333	173.66667	163.0	148.66667	137.33333	130.0	98.666664	82.333336	62.333332	77.0	78.666664	128.66667	164.33333	163.33333	162.0	
157.33333	159.66667	163.66667	167.0	161.66667	153.33333	145.0	138.0	152.33333	163.33333	168.0	167.33333	168.66667	159.33333	152.0	146.0	150.0	152.0	148.0	148.0	153.0	161.33333	163.0	160.66667	156.66667	154.0	152.33333	152.0	155.33333	142.0	136.33333	113.666664	104.333336	152.66667	167.33333	165.66667	
158.33333	161.0	163.0	166.0	157.66667	145.66667	152.66667	162.33333	164.33333	164.0	163.33333	160.66667	161.0	154.0	142.66667	145.0	147.66667	149.0	148.0	150.33333	152.33333	158.33333	165.66667	163.66667	152.66667	149.33333	155.0	158.0	161.0	169.0	170.66667	171.66667	150.66667	149.33333	170.33333	169.0	
154.66667	157.0	160.66667	162.66667	162.0	166.66667	170.66667	171.0	174.33333	174.33333	169.66667	170.0	168.33333	164.33333	160.33333	164.33333	160.0	153.33333	151.66667	152.66667	152.66667	164.33333	173.66667	172.33333	163.0	153.33333	158.33333	164.66667	161.33333	165.33333	165.0	165.66667	163.0	157.66667	170.33333	173.66667	
154.66667	155.33333	156.33333	159.0	162.66667	172.0	178.33333	174.66667	176.66667	173.66667	170.33333	175.66667	168.33333	163.66667	167.0	168.0	163.0	161.33333	160.33333	154.66667	155.0	167.66667	181.66667	177.0	166.66667	162.66667	164.66667	169.66667	171.33333	171.0	172.66667	172.0	171.66667	168.0	169.66667	171.66667	
149.33333	153.0	157.33333	163.66667	169.0	181.0	187.66667	182.33333	179.33333	174.66667	167.33333	164.66667	163.33333	170.0	174.66667	176.33333	176.33333	172.0	156.33333	148.33333	156.66667	173.0	186.66667	182.33333	166.0	171.33333	170.0	171.33333	175.33333	168.66667	172.33333	177.33333	180.66667	178.33333	173.33333	167.66667	
144.0	150.0	160.66667	166.66667	175.33333	184.33333	189.33333	188.0	181.66667	177.0	173.66667	170.33333	174.33333	182.66667	187.33333	192.0	185.33333	157.66667	141.33333	146.33333	164.0	182.66667	194.66667	190.33333	172.33333	163.66667	178.33333	179.0	178.66667	176.66667	169.0	173.66667	187.0	189.0	180.0	167.33333	
143.33333	151.33333	160.66667	166.0	176.66667	184.33333	185.33333	188.66667	184.0	181.66667	181.66667	181.66667	185.66667	191.33333	195.33333	187.33333	162.33333	149.66667	153.33333	158.66667	168.66667	187.33333	200.66667	199.0	189.66667	164.0	169.33333	185.66667	187.66667	186.33333	182.33333	178.0	182.0	189.0	185.33333	168.0	
148.66667	152.66667	159.33333	167.0	178.0	179.33333	179.66667	187.33333	188.33333	189.33333	188.33333	188.0	193.33333	191.0	185.33333	176.0	152.66667	163.33333	170.33333	166.33333	165.33333	186.33333	207.0	199.33333	191.33333	168.66667	172.33333	184.0	194.66667	190.0	191.0	187.66667	186.0	189.66667	184.66667	175.33333	
154.0	158.0	159.0	166.0	173.66667	174.66667	178.0	184.33333	196.33333	199.0	199.0	195.0	191.33333	180.0	176.66667	174.66667	148.33333	158.0	140.33333	106.0	128.33333	164.66667	179.33333	184.66667	163.0	148.66667	167.33333	178.33333	195.0	193.0	193.66667	192.66667	194.66667	193.0	185.0	177.0	
153.0	157.0	159.0	165.0	169.0	168.33333	173.33333	183.0	195.0	202.66667	203.0	196.0	184.66667	171.66667	180.66667	186.33333	158.33333	141.0	152.66667	141.33333	126.0	144.33333	160.0	160.0	128.0	135.0	152.66667	176.0	192.0	197.33333	195.66667	193.33333	191.66667	191.66667	185.66667	175.33333	
150.33333	153.33333	160.66667	167.33333	167.66667	166.33333	172.0	182.33333	190.0	198.0	200.0	190.66667	178.0	174.66667	185.33333	181.33333	172.66667	160.66667	159.0	161.0	154.33333	144.33333	145.33333	149.0	158.33333	159.0	168.0	183.33333	185.66667	194.33333	194.0	190.66667	191.0	190.0	182.33333	172.66667	
151.0	154.66667	162.66667	165.66667	167.0	165.66667	168.33333	178.0	180.0	194.33333	197.0	187.66667	177.33333	181.0	179.33333	169.33333	165.33333	163.0	161.66667	162.66667	161.66667	162.66667	161.33333	167.33333	169.33333	173.33333	176.0	180.33333	187.0	190.66667	193.0	187.66667	187.66667	189.33333	179.66667	167.66667	
150.0	154.66667	160.0	164.66667	165.33333	167.33333	168.0	169.0	175.66667	186.66667	192.0	187.66667	174.33333	176.33333	168.66667	161.66667	155.66667	160.33333	168.33333	173.33333	176.66667	175.33333	179.33333	178.66667	173.66667	172.0	167.66667	172.66667	181.66667	184.33333	187.33333	188.0	184.66667	181.0	174.33333	164.33333	
151.66667	154.0	158.0	168.0	165.33333	166.33333	169.66667	171.0	179.0	185.66667	189.66667	180.33333	168.33333	166.66667	161.0	160.0	161.33333	172.33333	178.66667	186.0	187.0	184.0	186.33333	185.33333	181.33333	175.33333	171.33333	168.66667	168.66667	168.66667	177.0	183.33333	184.33333	178.66667	169.0	164.33333	
150.66667	156.0	161.0	169.0	169.0	168.66667	170.33333	175.66667	178.66667	184.66667	185.33333	176.66667	172.66667	170.33333	168.66667	171.0	177.66667	180.33333	185.66667	190.33333	191.0	189.66667	188.66667	187.33333	186.66667	180.66667	179.66667	169.33333	163.0	164.66667	165.33333	177.0	181.0	177.33333	171.66667	165.66667	
149.0	157.33333	163.33333	169.0	168.66667	171.66667	172.0	177.33333	181.33333	183.0	185.66667	169.66667	168.33333	175.66667	181.33333	182.0	178.0	170.66667	167.66667	163.33333	162.0	168.0	169.66667	166.33333	167.33333	174.0	178.0	174.66667	166.33333	168.0	165.0	176.33333	179.66667	176.33333	175.33333	165.33333	
150.33333	154.66667	161.66667	163.66667	167.33333	172.33333	174.66667	178.0	180.0	183.0	184.33333	171.33333	170.66667	178.33333	173.33333	154.66667	137.33333	137.33333	139.33333	143.66667	142.0	141.0	145.0	146.33333	146.66667	148.66667	146.66667	157.0	170.66667	166.66667	169.66667	177.0	180.66667	178.0	172.0	167.0	
152.0	152.33333	159.0	165.66667	167.66667	169.66667	175.33333	177.66667	180.66667	180.66667	182.33333	177.33333	168.33333	152.33333	130.33333	119.333336	133.66667	142.0	145.33333	143.66667	134.66667	130.66667	132.0	136.66667	147.0	149.66667	131.0	123.666664	147.0	169.33333	175.66667	181.66667	183.0	177.0	168.33333	166.66667	
150.0	151.66667	157.66667	163.66667	167.66667	168.66667	172.33333	175.33333	176.66667	179.33333	183.0	178.33333	174.0	164.66667	161.33333	158.66667	163.66667	165.33333	169.66667	172.66667	168.66667	168.66667	168.33333	169.66667	170.33333	177.0	169.33333	163.0	168.33333	174.33333	178.66667	182.66667	180.66667	172.33333	167.33333	160.33333	
147.0	151.0	154.66667	157.66667	162.66667	166.66667	169.0	173.66667	177.0	180.66667	185.0	182.66667	182.33333	180.33333	175.66667	173.33333	176.66667	175.0	182.33333	184.66667	181.0	177.0	180.66667	182.66667	181.0	178.66667	178.33333	175.66667	180.33333	181.66667	180.66667	183.66667	177.33333	171.66667	166.66667	152.66667	
144.0	148.33333	149.0	152.66667	159.33333	161.0	166.66667	171.33333	174.66667	174.66667	177.0	173.33333	178.33333	181.0	176.66667	177.66667	178.0	172.33333	176.0	180.66667	173.0	169.66667	177.0	180.66667	180.66667	177.66667	177.0	178.33333	180.33333	180.66667	176.0	178.33333	173.0	168.0	164.66667	131.66667	
140.0	146.33333	145.66667	149.66667	155.33333	159.66667	167.33333	170.0	172.0	170.66667	172.33333	173.66667	177.0	176.33333	178.0	173.33333	177.0	173.33333	173.33333	181.33333	177.66667	176.66667	177.0	179.0	178.33333	171.0	171.33333	176.66667	177.33333	176.33333	174.33333	174.66667	171.0	163.33333	163.0	104.0	
130.0	139.0	144.66667	147.0	152.33333	159.0	163.0	166.66667	168.0	165.66667	169.33333	173.33333	175.66667	179.0	181.33333	174.66667	180.33333	179.33333	180.33333	184.0	183.33333	171.33333	171.66667	179.0	182.33333	184.0	179.33333	178.66667	179.66667	177.33333	172.0	171.0	168.33333	159.66667	153.33333	67.666664	
124.333336	132.66667	141.66667	145.0	152.33333	154.66667	160.0	161.33333	165.66667	161.66667	159.0	168.33333	170.33333	180.0	179.33333	177.0	184.66667	182.66667	184.66667	186.33333	181.66667	174.33333	179.33333	186.33333	187.33333	189.66667	185.0	177.33333	179.0	173.66667	165.33333	164.33333	164.0	158.0	121.666664	30.666666	
123.333336	125.333336	136.33333	142.66667	147.33333	153.33333	156.66667	158.33333	159.66667	157.33333	157.66667	164.0	168.66667	176.33333	178.33333	179.33333	180.33333	185.0	187.0	186.66667	187.66667	184.66667	184.66667	188.33333	190.66667	191.0	184.0	183.66667	179.66667	170.0	158.33333	163.33333	160.33333	145.66667	64.333336	13.333333	
130.0	124.666664	132.33333	137.66667	141.0	147.0	152.66667	157.66667	159.33333	155.33333	154.66667	158.66667	164.0	174.0	174.66667	173.0	179.66667	178.33333	183.33333	185.66667	186.33333	183.66667	183.66667	184.0	187.0	189.0	183.66667	183.66667	182.0	165.0	154.0	161.33333	150.0	127.333336	61.0	17.666666	
136.0	131.0	133.33333	136.33333	138.33333	143.66667	147.66667	153.66667	156.0	153.66667	151.0	155.66667	161.66667	167.0	165.66667	168.33333	176.0	176.33333	180.66667	182.66667	185.33333	184.0	184.66667	184.0	183.33333	183.66667	181.33333	178.33333	174.66667	157.33333	149.33333	149.66667	132.33333	137.33333	116.333336	51.666668	
139.66667	138.0	136.0	135.66667	137.33333	139.66667	137.0	144.33333	149.66667	149.0	143.33333	148.0	155.0	157.0	159.0	164.33333	172.0	177.33333	178.66667	181.66667	186.33333	188.33333	188.66667	185.0	178.66667	174.0	170.66667	170.66667	161.0	149.33333	139.66667	128.0	128.33333	148.66667	151.66667	106.333336	
142.33333	139.66667	138.0	138.33333	141.33333	142.33333	135.33333	133.66667	139.33333	141.0	138.66667	133.0	144.0	148.0	149.66667	155.66667	164.33333	174.66667	175.0	179.0	184.33333	188.0	188.66667	183.0	173.0	163.0	161.0	158.0	151.0	133.66667	123.0	126.333336	144.33333	151.66667	158.33333	138.33333	
142.0	143.33333	141.66667	140.0	143.0	145.66667	138.66667	134.0	138.0	138.66667	135.66667	131.66667	133.66667	141.33333	148.33333	149.33333	153.33333	165.66667	165.0	172.66667	173.0	173.0	172.66667	168.66667	159.0	153.33333	152.0	146.33333	130.33333	116.0	127.333336	137.33333	150.0	152.33333	156.0	146.66667	
142.66667	147.0	143.0	141.0	140.66667	143.66667	143.0	141.0	138.0	135.66667	136.66667	132.0	127.666664	134.0	139.66667	145.66667	146.0	152.33333	154.33333	153.66667	152.66667	156.0	161.33333	158.33333	150.66667	144.0	140.66667	127.0	111.0	126.333336	116.0	131.66667	147.66667	148.33333	153.66667	147.0	
143.66667	147.0	147.0	141.66667	141.33333	142.0	140.0	140.33333	137.33333	134.33333	137.0	135.0	131.0	121.666664	122.0	131.0	133.0	134.33333	134.0	132.66667	132.66667	131.33333	139.66667	133.33333	123.666664	125.666664	118.333336	106.0	117.666664	131.0	87.666664	137.33333	145.33333	147.66667	152.33333	147.0	
