21.666666	22.333334	34.0	50.666668	61.333332	69.333336	63.666668	73.333336	103.666664	117.333336	122.666664	127.666664	131.66667	132.66667	129.33333	135.0	144.0	153.66667	165.33333	172.33333	176.33333	178.66667	179.0	180.0	177.66667	179.33333	180.66667	175.66667	147.66667	130.33333	123.666664	78.0	38.333332	18.333334	13.333333	14.666667	
20.666666	24.333334	40.0	55.0	63.0	64.0	67.666664	98.0	113.0	119.666664	123.333336	128.33333	133.0	132.33333	129.33333	132.0	141.33333	152.66667	162.66667	171.33333	176.66667	179.0	179.66667	180.33333	179.33333	181.66667	185.0	187.33333	179.33333	145.33333	133.0	125.0	89.666664	52.666668	17.666666	15.0	
21.666666	32.333332	49.333332	65.0	69.666664	62.666668	92.333336	112.0	117.333336	122.666664	123.666664	129.0	135.33333	133.33333	129.66667	131.33333	139.33333	152.33333	162.0	169.33333	172.66667	174.66667	177.66667	180.66667	182.66667	184.66667	189.66667	191.33333	193.33333	177.0	141.33333	141.0	153.66667	123.0	47.666668	15.0	
33.0	51.0	74.0	84.333336	80.0	86.666664	106.333336	114.0	118.666664	123.333336	122.666664	125.666664	131.66667	134.66667	132.33333	132.33333	138.33333	153.33333	161.66667	166.66667	166.0	168.33333	174.66667	177.66667	182.66667	187.33333	194.33333	194.66667	196.33333	194.0	168.66667	146.33333	158.0	162.33333	88.333336	19.666666	
51.666668	71.666664	84.666664	87.666664	89.333336	99.333336	105.0	110.333336	116.333336	118.333336	120.0	123.666664	132.33333	135.0	130.66667	130.33333	137.33333	151.33333	159.33333	163.0	162.0	166.0	173.66667	177.66667	183.66667	190.0	196.0	199.33333	199.33333	202.66667	191.0	162.33333	162.0	181.33333	151.66667	55.666668	
75.0	88.0	96.0	95.0	95.666664	98.666664	102.0	104.666664	109.333336	111.666664	112.333336	117.333336	127.333336	131.33333	127.0	130.0	136.33333	145.33333	153.0	157.33333	162.33333	167.66667	173.66667	181.0	187.66667	194.66667	198.66667	200.66667	201.0	205.66667	203.0	182.33333	172.33333	187.33333	201.0	153.66667	
90.666664	93.333336	94.333336	97.0	96.666664	96.333336	99.333336	98.666664	100.0	102.666664	103.333336	110.666664	120.666664	129.0	126.0	128.33333	137.66667	143.66667	151.0	155.0	158.66667	163.0	172.33333	180.66667	187.33333	198.33333	203.33333	202.66667	204.0	208.0	210.66667	200.33333	184.0	190.0	211.33333	208.66667	
90.666664	90.0	92.0	96.0	93.333336	92.666664	95.0	93.666664	94.0	97.666664	100.333336	108.333336	119.0	126.666664	126.333336	129.0	139.33333	141.33333	148.0	152.66667	158.66667	161.0	172.33333	181.33333	189.0	197.33333	203.33333	206.33333	206.66667	212.0	217.66667	217.33333	201.66667	197.66667	210.66667	219.66667	
82.666664	93.0	99.666664	97.666664	90.333336	88.333336	89.666664	89.333336	91.333336	95.333336	100.333336	107.333336	118.666664	126.333336	126.333336	129.0	142.0	139.66667	142.66667	146.66667	155.0	166.0	173.33333	181.0	188.0	193.66667	199.66667	204.33333	208.33333	213.66667	220.66667	223.66667	215.66667	209.33333	216.0	223.0	
85.666664	101.333336	107.0	97.0	88.333336	85.333336	87.0	88.666664	92.333336	98.333336	104.333336	108.333336	119.0	130.0	130.66667	129.33333	143.33333	137.66667	134.33333	142.0	152.0	163.66667	172.66667	180.33333	187.33333	190.0	197.33333	202.33333	207.33333	213.33333	220.66667	226.0	225.33333	219.33333	222.66667	231.0	
93.333336	110.333336	110.666664	96.333336	85.666664	84.0	87.666664	93.0	99.0	103.0	108.333336	110.333336	119.0	130.33333	141.0	133.66667	139.33333	131.66667	128.0	137.0	148.0	157.66667	170.33333	182.0	188.0	192.66667	198.33333	206.0	210.0	217.0	225.66667	229.0	231.33333	227.0	232.0	234.66667	
91.0	109.666664	106.333336	90.0	80.666664	86.0	87.333336	90.666664	95.333336	97.333336	101.333336	104.333336	115.333336	125.666664	143.66667	139.66667	134.33333	127.333336	127.666664	131.0	146.33333	155.66667	171.33333	185.0	191.0	197.0	201.66667	209.0	211.66667	220.33333	227.66667	231.66667	237.33333	233.0	232.0	233.0	
96.333336	107.333336	99.333336	83.666664	80.0	90.333336	93.666664	91.0	91.333336	89.666664	92.0	95.0	105.666664	117.333336	140.33333	142.0	131.33333	128.33333	134.0	132.33333	146.0	161.33333	175.33333	182.66667	190.33333	194.33333	199.0	206.66667	212.33333	219.0	227.33333	232.33333	239.0	238.33333	228.33333	229.0	
97.333336	104.333336	96.333336	78.0	80.333336	92.333336	98.666664	93.333336	90.0	87.666664	89.333336	89.666664	95.666664	107.333336	132.0	138.0	127.333336	123.0	129.0	138.0	145.33333	166.0	172.0	175.33333	176.66667	180.33333	190.33333	201.66667	213.0	219.66667	225.0	232.66667	235.66667	235.33333	230.0	225.66667	
95.666664	100.333336	91.0	75.666664	81.0	89.333336	91.666664	87.333336	85.333336	87.0	88.333336	89.666664	92.666664	104.666664	123.0	131.66667	128.0	123.333336	122.333336	140.66667	148.33333	165.33333	172.66667	176.33333	172.66667	175.0	181.66667	192.33333	205.33333	217.33333	223.66667	231.0	234.33333	231.0	232.66667	222.33333	
88.666664	96.333336	88.0	74.666664	79.333336	82.333336	80.666664	71.666664	66.666664	65.0	65.0	69.0	82.666664	99.333336	118.666664	128.33333	125.333336	132.66667	115.333336	134.0	147.33333	156.0	164.66667	161.66667	159.33333	160.33333	167.0	179.0	198.66667	216.33333	223.0	231.0	231.0	225.33333	235.33333	224.0	
86.0	95.333336	86.0	73.666664	73.333336	70.333336	67.666664	66.0	68.0	65.666664	62.666668	60.0	72.0	90.0	115.333336	112.333336	123.333336	153.66667	132.33333	134.66667	147.66667	152.0	152.0	159.33333	152.66667	150.33333	159.0	172.33333	196.33333	213.0	219.66667	228.66667	229.66667	220.0	234.66667	221.33333	
84.333336	92.666664	91.333336	76.333336	66.666664	64.0	67.666664	72.666664	76.0	76.333336	73.333336	67.666664	71.666664	79.0	86.0	84.666664	115.0	167.33333	168.33333	164.33333	168.33333	168.0	163.66667	145.33333	122.333336	123.0	144.33333	165.33333	191.33333	205.33333	211.0	226.66667	227.33333	213.33333	228.33333	216.0	
72.333336	84.666664	98.666664	79.0	63.0	57.666668	55.0	52.0	55.0	64.0	81.666664	73.666664	61.333332	58.666668	55.0	62.333332	99.666664	170.33333	193.66667	185.66667	163.33333	141.0	124.333336	93.333336	96.0	107.666664	142.66667	169.33333	183.66667	204.0	215.0	227.33333	227.0	218.0	226.33333	203.0	
56.666668	76.0	103.333336	82.666664	69.333336	54.0	45.333332	47.333332	42.333332	41.333332	69.666664	75.333336	61.333332	55.0	50.0	58.333332	89.333336	164.0	194.0	187.33333	152.33333	124.0	101.0	92.0	76.333336	74.666664	144.0	175.66667	189.33333	206.66667	217.0	228.0	222.0	219.33333	225.66667	178.0	
50.0	77.333336	108.666664	85.0	75.0	63.666668	65.0	67.0	66.0	69.333336	82.333336	82.333336	66.0	61.0	55.333332	61.0	87.666664	149.33333	185.33333	187.0	160.33333	137.33333	107.333336	99.666664	97.666664	106.333336	160.0	194.66667	211.66667	217.0	220.66667	227.66667	222.0	218.0	228.66667	179.66667	
46.333332	79.0	105.0	86.0	84.666664	80.666664	80.0	78.666664	83.666664	93.333336	95.333336	82.0	66.666664	61.333332	60.666668	65.0	91.666664	141.33333	180.0	191.66667	173.33333	143.0	115.0	115.0	131.66667	158.0	190.0	216.0	223.33333	216.0	221.33333	228.33333	223.66667	220.0	226.33333	166.0	
37.666668	71.333336	96.333336	84.333336	89.333336	86.0	75.333336	71.0	74.666664	82.0	80.666664	68.333336	66.666664	69.333336	68.666664	71.666664	95.0	140.0	183.66667	198.0	183.66667	168.33333	141.33333	133.33333	147.0	168.33333	195.33333	210.33333	205.66667	208.0	219.66667	226.66667	227.0	220.66667	203.0	134.0	
33.333332	58.333332	85.333336	79.333336	85.0	89.0	87.666664	79.333336	73.0	72.333336	78.0	76.0	74.333336	73.0	73.666664	75.666664	94.0	141.0	190.66667	204.66667	194.66667	186.0	169.33333	164.0	160.66667	166.66667	183.66667	193.66667	190.0	197.66667	213.0	223.66667	227.0	213.33333	181.33333	113.666664	
32.666668	57.666668	78.333336	78.333336	82.0	86.0	93.666664	94.333336	90.0	86.666664	84.666664	81.0	71.0	70.333336	72.666664	76.333336	92.666664	140.66667	191.33333	208.0	205.0	197.66667	176.0	165.0	165.0	169.0	174.0	180.33333	187.33333	197.33333	212.0	223.33333	226.0	210.66667	179.66667	82.0	
31.666666	62.333332	78.666664	78.333336	83.333336	83.666664	88.333336	92.0	92.333336	91.666664	86.333336	79.333336	68.0	67.666664	71.0	78.666664	94.0	137.0	181.0	206.0	209.33333	202.33333	178.0	149.66667	156.66667	163.33333	171.66667	175.0	186.66667	200.33333	216.0	226.0	226.0	214.66667	178.66667	56.666668	
30.666666	48.666668	75.0	78.333336	83.333336	81.666664	83.666664	91.0	93.0	93.0	86.333336	76.333336	66.333336	64.666664	72.666664	86.666664	104.333336	133.0	168.66667	199.33333	197.0	196.33333	179.66667	143.66667	149.0	154.66667	167.33333	175.66667	188.33333	198.33333	217.33333	227.33333	225.0	221.0	158.66667	33.333332	
27.666666	44.333332	73.666664	78.0	80.333336	78.666664	80.666664	90.333336	95.333336	94.0	85.666664	71.666664	62.666668	74.0	77.666664	87.666664	112.666664	137.66667	169.33333	205.66667	204.0	191.66667	170.0	145.0	138.33333	144.33333	159.33333	175.0	191.33333	198.33333	214.33333	226.66667	223.66667	222.66667	142.0	25.0	
27.0	48.333332	77.333336	77.333336	77.666664	76.666664	78.666664	90.333336	94.666664	93.333336	81.333336	65.666664	60.333332	70.0	48.0	68.0	112.333336	135.66667	176.0	186.33333	172.0	192.66667	167.66667	142.66667	130.66667	138.0	151.33333	172.33333	192.33333	204.33333	219.0	225.0	223.66667	222.66667	135.33333	20.666666	
26.333334	52.666668	70.666664	75.333336	73.333336	72.0	77.0	89.333336	91.0	86.333336	71.333336	66.0	60.666668	55.333332	35.666668	49.333332	102.666664	130.33333	171.0	129.0	113.333336	164.66667	168.0	154.0	129.33333	131.66667	146.0	168.0	191.0	206.66667	221.66667	224.0	224.0	220.0	122.333336	18.666666	
27.0	47.666668	61.333332	71.0	70.0	68.333336	74.666664	85.666664	87.333336	75.0	67.333336	68.666664	68.666664	63.333332	62.0	66.666664	87.666664	116.333336	139.66667	144.33333	152.0	167.0	180.0	178.66667	141.33333	118.666664	145.66667	173.33333	188.66667	209.66667	221.33333	226.0	223.66667	187.33333	78.0	16.0	
28.0	46.0	69.0	70.666664	68.333336	67.333336	76.0	84.0	79.666664	67.333336	68.666664	70.0	74.333336	76.0	83.333336	96.333336	107.666664	115.0	139.66667	165.0	179.33333	185.66667	191.0	188.33333	165.33333	127.666664	146.0	175.0	192.33333	210.33333	220.0	226.33333	212.0	106.0	39.666668	15.333333	
29.0	44.666668	74.666664	72.666664	68.0	67.666664	76.666664	81.0	70.666664	67.666664	67.333336	69.333336	74.666664	78.0	83.666664	103.333336	120.666664	126.666664	153.33333	176.0	187.0	190.0	197.33333	198.66667	188.0	154.0	148.33333	171.33333	198.0	212.33333	220.0	225.0	193.0	67.333336	33.333332	14.333333	
28.666666	42.0	72.333336	69.666664	70.0	69.666664	77.666664	76.666664	68.333336	68.0	68.333336	67.666664	70.0	69.666664	74.333336	102.333336	115.333336	125.0	156.66667	173.33333	180.0	186.33333	202.0	208.0	199.0	176.66667	156.33333	176.33333	205.33333	213.0	222.0	225.0	165.0	49.333332	32.333332	14.333333	
25.666666	38.0	69.0	65.0	71.0	71.0	76.0	74.666664	70.0	69.666664	63.0	57.333332	56.666668	58.666668	64.0	82.666664	101.666664	126.666664	146.33333	159.0	171.0	183.0	200.33333	209.0	202.33333	187.33333	157.66667	181.33333	209.33333	212.33333	223.33333	222.33333	126.666664	40.0	30.0	14.0	
27.333334	36.0	56.666668	54.333332	70.0	68.666664	68.333336	76.666664	73.666664	66.0	44.333332	34.666668	38.666668	47.666668	60.333332	68.333336	99.0	127.333336	134.66667	147.0	161.33333	165.0	174.66667	188.66667	192.33333	184.66667	160.66667	189.0	212.66667	213.33333	224.0	207.33333	75.0	36.666668	28.0	12.666667	
27.333334	30.333334	33.333332	37.0	63.666668	66.333336	66.666664	75.333336	81.333336	67.333336	45.666668	47.333332	50.0	52.0	59.333332	76.0	97.0	118.666664	134.0	153.0	165.33333	163.0	157.33333	142.0	151.33333	172.33333	169.0	200.66667	213.33333	217.0	224.33333	174.0	41.666668	36.0	25.333334	11.666667	
29.0	29.666666	28.0	33.0	56.666668	66.666664	66.0	69.0	78.333336	71.666664	61.333332	61.0	64.0	64.666664	74.333336	92.0	105.666664	130.0	158.66667	176.66667	186.0	190.0	189.33333	170.0	147.66667	162.0	178.66667	209.0	210.33333	219.0	220.33333	142.66667	37.333332	37.333332	24.0	12.333333	
27.0	28.333334	29.0	35.666668	47.666668	63.333332	65.0	62.333332	68.0	70.333336	66.0	66.666664	66.333336	67.333336	77.666664	96.0	114.0	139.66667	161.33333	183.0	194.0	197.33333	195.0	189.33333	179.0	169.66667	186.33333	211.66667	210.66667	221.0	221.0	167.0	48.333332	41.666668	23.0	13.333333	
28.666666	29.666666	32.0	36.333332	44.0	61.0	66.0	60.666668	59.333332	67.0	69.0	68.666664	66.666664	67.333336	74.0	90.333336	111.666664	135.0	159.0	179.0	186.0	191.33333	190.33333	196.33333	196.0	184.33333	190.66667	210.0	215.33333	220.0	226.0	207.33333	64.0	44.333332	23.333334	13.666667	
55.666668	58.0	60.666668	62.333332	47.666668	43.0	66.666664	62.666668	62.333332	70.333336	74.0	73.333336	71.333336	73.0	77.666664	92.666664	108.333336	123.666664	149.0	167.33333	176.0	184.0	187.66667	198.33333	205.66667	195.0	193.33333	207.66667	216.0	213.66667	232.66667	223.33333	78.0	46.0	34.666668	18.333334	
35.0	38.333332	40.333332	38.333332	29.333334	25.0	62.666668	64.333336	64.0	69.0	75.0	78.0	79.666664	81.333336	87.666664	98.333336	108.0	121.333336	141.66667	157.0	169.0	181.0	186.0	200.66667	213.0	206.33333	201.0	203.33333	210.0	221.0	241.33333	227.0	81.666664	48.0	47.0	35.333332	
24.0	26.666666	27.0	26.666666	24.666666	30.0	90.333336	64.333336	56.333332	61.666668	70.333336	74.666664	81.333336	87.333336	90.666664	100.666664	109.333336	124.666664	145.33333	159.0	172.66667	184.0	188.66667	201.66667	215.0	211.0	204.33333	202.0	213.33333	237.66667	245.0	222.33333	78.0	49.666668	50.666668	45.333332	
26.666666	27.0	26.333334	27.666666	21.666666	34.0	124.666664	80.666664	53.333332	52.333332	65.333336	72.666664	78.333336	85.333336	91.666664	102.666664	116.333336	133.66667	148.66667	161.66667	176.66667	192.0	194.0	204.0	212.0	205.33333	203.0	203.0	228.0	244.0	245.0	213.0	67.666664	48.0	49.666668	46.666668	
29.333334	29.666666	27.0	26.0	20.0	33.333332	136.0	121.333336	60.333332	50.666668	58.333332	70.0	74.333336	82.0	91.333336	106.0	123.0	137.0	153.0	167.0	182.66667	194.33333	199.0	204.33333	200.0	192.0	194.66667	217.0	243.0	245.33333	245.0	198.33333	58.666668	50.0	50.333332	47.666668	
27.333334	28.0	26.666666	23.666666	19.0	29.0	131.0	146.0	95.0	56.666668	55.0	60.333332	70.333336	81.0	89.333336	102.333336	123.333336	142.33333	155.33333	169.33333	182.0	189.66667	199.33333	198.66667	188.66667	184.0	195.33333	236.66667	245.33333	246.33333	247.0	179.0	50.666668	49.666668	50.666668	47.333332	
28.0	27.333334	26.0	24.333334	18.666666	27.666666	123.333336	150.33333	132.0	88.333336	60.0	54.666668	62.333332	79.0	91.0	103.333336	126.0	143.0	151.33333	158.0	172.0	185.66667	192.66667	187.66667	183.33333	184.66667	227.33333	245.33333	245.0	246.0	245.33333	149.33333	46.333332	49.666668	51.666668	48.666668	
26.666666	25.333334	24.333334	24.666666	19.0	28.333334	112.666664	151.33333	143.66667	127.666664	95.0	61.0	52.666668	73.666664	93.666664	112.333336	126.333336	138.66667	143.66667	152.33333	171.0	187.33333	181.0	164.0	170.33333	222.66667	244.0	245.0	245.0	245.66667	235.66667	112.333336	42.666668	48.333332	50.666668	49.0	
26.0	25.0	24.666666	24.0	17.333334	31.0	103.666664	149.66667	148.33333	140.33333	128.33333	102.666664	71.666664	58.333332	80.666664	108.666664	122.666664	132.0	142.33333	160.0	183.0	177.33333	138.66667	139.66667	217.0	245.0	246.33333	245.33333	245.66667	245.33333	218.33333	79.666664	40.666668	47.0	49.0	48.0	
