134.0	125.0	128.0	135.0	143.0	154.0	158.0	167.0	176.0	182.0	189.0	191.0	190.0	188.0	187.0	189.0	196.0	206.0	209.0	211.0	195.0	187.0	192.0	193.0	184.0	178.0	173.0	164.0	158.0	159.0	155.0	161.0	165.0	170.0	173.0	175.0	
136.0	125.0	124.0	133.0	142.0	150.0	156.0	161.0	169.0	178.0	183.0	185.0	189.0	188.0	185.0	188.0	199.0	204.0	204.0	206.0	196.0	194.0	198.0	196.0	190.0	186.0	178.0	168.0	170.0	175.0	167.0	171.0	172.0	172.0	183.0	186.0	
135.0	128.0	125.0	133.0	141.0	141.0	143.0	146.0	153.0	166.0	174.0	178.0	183.0	183.0	182.0	188.0	192.0	200.0	207.0	199.0	201.0	206.0	201.0	200.0	203.0	200.0	188.0	180.0	194.0	189.0	176.0	182.0	182.0	182.0	196.0	199.0	
130.0	126.0	127.0	132.0	138.0	135.0	134.0	140.0	151.0	159.0	165.0	170.0	175.0	176.0	175.0	180.0	184.0	198.0	207.0	200.0	205.0	209.0	207.0	217.0	220.0	209.0	199.0	205.0	210.0	194.0	180.0	184.0	182.0	190.0	207.0	206.0	
127.0	127.0	123.0	122.0	127.0	130.0	131.0	138.0	150.0	156.0	154.0	153.0	159.0	165.0	166.0	172.0	180.0	188.0	196.0	199.0	200.0	199.0	207.0	211.0	211.0	213.0	214.0	224.0	207.0	192.0	181.0	180.0	182.0	197.0	211.0	209.0	
122.0	121.0	127.0	123.0	120.0	121.0	129.0	135.0	141.0	145.0	154.0	160.0	162.0	168.0	170.0	171.0	174.0	182.0	190.0	185.0	183.0	185.0	186.0	193.0	207.0	220.0	231.0	222.0	202.0	190.0	185.0	184.0	192.0	207.0	209.0	206.0	
109.0	101.0	115.0	125.0	129.0	124.0	127.0	137.0	147.0	160.0	169.0	170.0	167.0	167.0	166.0	166.0	169.0	173.0	174.0	173.0	175.0	174.0	182.0	205.0	217.0	219.0	219.0	209.0	195.0	187.0	184.0	192.0	205.0	212.0	208.0	201.0	
115.0	105.0	107.0	113.0	122.0	130.0	143.0	156.0	160.0	163.0	166.0	164.0	160.0	154.0	153.0	155.0	160.0	163.0	167.0	167.0	171.0	181.0	204.0	211.0	206.0	206.0	204.0	199.0	193.0	191.0	195.0	211.0	214.0	210.0	205.0	198.0	
125.0	119.0	127.0	140.0	155.0	161.0	168.0	166.0	164.0	166.0	168.0	163.0	166.0	168.0	171.0	173.0	173.0	168.0	170.0	177.0	192.0	212.0	225.0	225.0	224.0	220.0	215.0	208.0	207.0	214.0	219.0	221.0	213.0	205.0	201.0	199.0	
117.0	118.0	152.0	168.0	182.0	185.0	184.0	183.0	190.0	195.0	200.0	204.0	213.0	216.0	213.0	210.0	210.0	204.0	203.0	211.0	224.0	239.0	242.0	239.0	238.0	232.0	232.0	231.0	235.0	232.0	219.0	215.0	210.0	206.0	203.0	198.0	
110.0	111.0	149.0	167.0	191.0	197.0	200.0	205.0	212.0	216.0	220.0	226.0	231.0	230.0	225.0	220.0	223.0	223.0	226.0	231.0	239.0	243.0	246.0	246.0	243.0	237.0	239.0	239.0	238.0	229.0	218.0	213.0	209.0	205.0	201.0	193.0	
109.0	107.0	138.0	164.0	188.0	200.0	211.0	213.0	216.0	219.0	224.0	226.0	231.0	233.0	229.0	222.0	225.0	228.0	228.0	230.0	239.0	242.0	245.0	248.0	248.0	244.0	242.0	243.0	234.0	225.0	219.0	209.0	205.0	202.0	198.0	194.0	
108.0	106.0	133.0	148.0	149.0	158.0	179.0	198.0	209.0	216.0	221.0	222.0	229.0	233.0	233.0	225.0	228.0	229.0	229.0	231.0	238.0	241.0	246.0	247.0	246.0	237.0	231.0	230.0	226.0	221.0	216.0	208.0	207.0	206.0	197.0	195.0	
111.0	104.0	121.0	106.0	108.0	120.0	124.0	132.0	149.0	179.0	204.0	215.0	224.0	225.0	225.0	224.0	227.0	226.0	226.0	230.0	233.0	232.0	227.0	216.0	197.0	182.0	172.0	167.0	177.0	194.0	204.0	207.0	203.0	204.0	200.0	198.0	
113.0	106.0	111.0	114.0	163.0	182.0	176.0	151.0	129.0	125.0	147.0	184.0	209.0	216.0	218.0	216.0	223.0	220.0	220.0	219.0	197.0	171.0	151.0	141.0	139.0	153.0	164.0	164.0	160.0	154.0	150.0	164.0	186.0	197.0	198.0	197.0	
111.0	112.0	119.0	135.0	174.0	189.0	200.0	196.0	184.0	165.0	152.0	169.0	189.0	201.0	211.0	211.0	217.0	212.0	212.0	199.0	164.0	146.0	154.0	174.0	191.0	207.0	220.0	223.0	218.0	199.0	173.0	160.0	167.0	193.0	201.0	199.0	
105.0	122.0	136.0	143.0	162.0	165.0	171.0	181.0	183.0	187.0	188.0	189.0	189.0	187.0	199.0	210.0	215.0	210.0	205.0	196.0	180.0	177.0	180.0	189.0	203.0	209.0	217.0	221.0	221.0	212.0	204.0	200.0	201.0	205.0	204.0	204.0	
85.0	112.0	141.0	144.0	135.0	102.0	88.0	108.0	136.0	157.0	165.0	178.0	188.0	182.0	184.0	207.0	217.0	212.0	202.0	191.0	176.0	144.0	112.0	118.0	152.0	168.0	172.0	181.0	193.0	198.0	193.0	197.0	201.0	205.0	204.0	205.0	
60.0	92.0	145.0	135.0	87.0	52.0	36.0	45.0	137.0	171.0	158.0	148.0	165.0	178.0	167.0	198.0	219.0	213.0	197.0	181.0	146.0	80.0	38.0	55.0	159.0	171.0	137.0	104.0	109.0	147.0	168.0	182.0	196.0	204.0	205.0	204.0	
38.0	72.0	145.0	142.0	116.0	110.0	81.0	74.0	177.0	221.0	197.0	151.0	145.0	167.0	163.0	192.0	218.0	211.0	196.0	189.0	153.0	108.0	70.0	67.0	182.0	222.0	182.0	114.0	78.0	107.0	149.0	182.0	200.0	206.0	206.0	204.0	
26.0	61.0	138.0	165.0	168.0	156.0	141.0	140.0	168.0	194.0	196.0	173.0	172.0	185.0	173.0	194.0	221.0	211.0	199.0	202.0	183.0	150.0	127.0	139.0	191.0	217.0	198.0	170.0	154.0	169.0	183.0	198.0	208.0	210.0	208.0	203.0	
39.0	71.0	132.0	170.0	182.0	176.0	164.0	160.0	168.0	177.0	185.0	186.0	202.0	199.0	179.0	199.0	227.0	216.0	205.0	202.0	201.0	177.0	154.0	161.0	179.0	194.0	198.0	193.0	194.0	205.0	207.0	208.0	208.0	209.0	206.0	199.0	
47.0	66.0	126.0	171.0	193.0	205.0	191.0	179.0	179.0	184.0	192.0	206.0	215.0	195.0	180.0	210.0	228.0	217.0	209.0	210.0	216.0	214.0	193.0	181.0	181.0	186.0	194.0	197.0	204.0	211.0	211.0	209.0	207.0	206.0	206.0	196.0	
46.0	52.0	120.0	175.0	199.0	214.0	215.0	210.0	205.0	209.0	212.0	226.0	213.0	182.0	189.0	220.0	228.0	221.0	212.0	213.0	218.0	228.0	228.0	218.0	213.0	212.0	211.0	210.0	213.0	217.0	216.0	215.0	213.0	210.0	204.0	194.0	
50.0	60.0	122.0	185.0	206.0	215.0	218.0	222.0	223.0	225.0	224.0	225.0	208.0	182.0	197.0	226.0	230.0	222.0	218.0	222.0	226.0	227.0	230.0	237.0	237.0	233.0	229.0	226.0	228.0	231.0	227.0	221.0	214.0	212.0	203.0	193.0	
56.0	62.0	124.0	182.0	204.0	215.0	221.0	226.0	226.0	229.0	227.0	215.0	199.0	186.0	205.0	231.0	232.0	222.0	219.0	224.0	224.0	219.0	224.0	235.0	240.0	242.0	239.0	238.0	238.0	238.0	233.0	228.0	218.0	216.0	210.0	190.0	
54.0	66.0	135.0	178.0	198.0	213.0	220.0	225.0	225.0	225.0	219.0	201.0	187.0	191.0	215.0	233.0	232.0	222.0	212.0	210.0	212.0	206.0	205.0	215.0	230.0	244.0	247.0	246.0	247.0	242.0	231.0	224.0	218.0	217.0	208.0	188.0	
55.0	72.0	139.0	175.0	195.0	210.0	215.0	218.0	216.0	208.0	201.0	195.0	191.0	201.0	222.0	235.0	232.0	222.0	213.0	213.0	213.0	199.0	193.0	194.0	211.0	231.0	240.0	238.0	238.0	235.0	227.0	219.0	215.0	207.0	196.0	183.0	
63.0	76.0	137.0	168.0	188.0	203.0	206.0	204.0	194.0	180.0	181.0	178.0	182.0	206.0	228.0	244.0	240.0	224.0	216.0	218.0	211.0	193.0	202.0	192.0	183.0	204.0	217.0	224.0	224.0	225.0	221.0	213.0	207.0	200.0	193.0	184.0	
106.0	92.0	128.0	158.0	180.0	194.0	193.0	186.0	179.0	181.0	180.0	145.0	136.0	191.0	223.0	233.0	227.0	203.0	186.0	177.0	179.0	198.0	218.0	212.0	187.0	177.0	195.0	209.0	214.0	216.0	217.0	210.0	205.0	198.0	191.0	187.0	
147.0	133.0	129.0	140.0	161.0	176.0	178.0	176.0	178.0	191.0	190.0	157.0	101.0	128.0	185.0	199.0	183.0	160.0	156.0	171.0	194.0	216.0	226.0	228.0	215.0	177.0	171.0	188.0	200.0	202.0	206.0	201.0	196.0	194.0	189.0	191.0	
155.0	149.0	143.0	136.0	145.0	165.0	168.0	172.0	186.0	197.0	199.0	195.0	151.0	97.0	101.0	126.0	141.0	172.0	201.0	220.0	227.0	232.0	232.0	229.0	224.0	208.0	171.0	162.0	178.0	188.0	192.0	189.0	187.0	188.0	187.0	193.0	
159.0	152.0	148.0	150.0	145.0	162.0	175.0	181.0	180.0	183.0	194.0	198.0	201.0	174.0	148.0	154.0	184.0	211.0	220.0	231.0	237.0	236.0	235.0	226.0	224.0	219.0	203.0	174.0	161.0	173.0	184.0	186.0	185.0	185.0	184.0	190.0	
151.0	154.0	151.0	164.0	160.0	169.0	200.0	201.0	179.0	141.0	136.0	150.0	171.0	184.0	201.0	213.0	217.0	222.0	222.0	220.0	212.0	208.0	211.0	205.0	199.0	184.0	168.0	177.0	180.0	177.0	186.0	187.0	185.0	182.0	184.0	185.0	
145.0	150.0	151.0	165.0	179.0	171.0	202.0	219.0	213.0	171.0	98.0	67.0	89.0	116.0	139.0	160.0	171.0	175.0	168.0	158.0	156.0	154.0	153.0	147.0	150.0	144.0	141.0	170.0	193.0	192.0	191.0	187.0	186.0	187.0	187.0	176.0	
141.0	148.0	144.0	149.0	184.0	176.0	186.0	220.0	219.0	210.0	171.0	98.0	89.0	139.0	148.0	154.0	160.0	169.0	175.0	170.0	181.0	195.0	193.0	182.0	176.0	170.0	194.0	206.0	196.0	195.0	191.0	189.0	192.0	194.0	183.0	162.0	
135.0	137.0	134.0	137.0	167.0	185.0	176.0	205.0	215.0	206.0	185.0	140.0	115.0	171.0	201.0	210.0	219.0	221.0	235.0	222.0	222.0	219.0	206.0	186.0	179.0	197.0	221.0	216.0	203.0	201.0	192.0	190.0	193.0	191.0	171.0	147.0	
127.0	126.0	132.0	134.0	142.0	176.0	179.0	183.0	207.0	201.0	190.0	151.0	132.0	152.0	173.0	198.0	223.0	222.0	228.0	214.0	198.0	188.0	177.0	170.0	193.0	216.0	224.0	216.0	203.0	196.0	189.0	188.0	186.0	175.0	157.0	136.0	
123.0	124.0	131.0	125.0	117.0	135.0	178.0	178.0	193.0	196.0	188.0	158.0	136.0	142.0	149.0	157.0	171.0	173.0	174.0	173.0	177.0	177.0	173.0	187.0	210.0	221.0	220.0	212.0	200.0	190.0	188.0	187.0	180.0	160.0	138.0	116.0	
122.0	128.0	131.0	116.0	83.0	65.0	122.0	184.0	181.0	193.0	187.0	165.0	137.0	139.0	149.0	158.0	166.0	168.0	167.0	176.0	184.0	185.0	196.0	209.0	216.0	218.0	211.0	204.0	201.0	193.0	189.0	182.0	169.0	143.0	121.0	118.0	
123.0	128.0	119.0	86.0	40.0	23.0	45.0	143.0	177.0	182.0	186.0	174.0	152.0	148.0	150.0	149.0	149.0	152.0	158.0	169.0	183.0	193.0	206.0	214.0	220.0	218.0	211.0	204.0	200.0	195.0	191.0	174.0	153.0	125.0	124.0	128.0	
117.0	118.0	99.0	71.0	47.0	26.0	17.0	63.0	155.0	170.0	183.0	182.0	170.0	165.0	167.0	171.0	170.0	175.0	180.0	188.0	197.0	198.0	204.0	214.0	219.0	219.0	213.0	206.0	196.0	190.0	184.0	163.0	131.0	123.0	142.0	122.0	
108.0	91.0	78.0	71.0	63.0	46.0	25.0	21.0	80.0	150.0	167.0	186.0	187.0	180.0	177.0	183.0	183.0	188.0	192.0	197.0	204.0	207.0	212.0	217.0	219.0	218.0	213.0	205.0	190.0	183.0	165.0	138.0	129.0	139.0	152.0	114.0	
95.0	76.0	71.0	69.0	69.0	67.0	53.0	27.0	25.0	92.0	140.0	177.0	198.0	198.0	195.0	199.0	201.0	206.0	212.0	215.0	220.0	223.0	223.0	225.0	226.0	218.0	208.0	192.0	176.0	164.0	141.0	131.0	140.0	149.0	153.0	110.0	
76.0	74.0	68.0	68.0	70.0	67.0	69.0	57.0	27.0	29.0	75.0	138.0	188.0	207.0	209.0	212.0	218.0	224.0	226.0	230.0	237.0	240.0	233.0	230.0	227.0	213.0	195.0	172.0	151.0	137.0	130.0	140.0	148.0	154.0	151.0	103.0	
70.0	69.0	66.0	66.0	70.0	73.0	71.0	66.0	53.0	25.0	19.0	71.0	155.0	200.0	209.0	214.0	221.0	225.0	226.0	232.0	238.0	242.0	234.0	228.0	219.0	199.0	165.0	133.0	120.0	124.0	138.0	147.0	153.0	160.0	147.0	86.0	
75.0	69.0	68.0	70.0	69.0	67.0	72.0	68.0	68.0	50.0	21.0	17.0	80.0	157.0	195.0	208.0	212.0	211.0	212.0	221.0	225.0	227.0	223.0	215.0	193.0	148.0	109.0	110.0	127.0	144.0	153.0	158.0	166.0	170.0	137.0	66.0	
75.0	73.0	70.0	70.0	71.0	68.0	72.0	70.0	69.0	63.0	47.0	17.0	16.0	60.0	120.0	163.0	178.0	182.0	181.0	185.0	192.0	196.0	185.0	163.0	113.0	82.0	109.0	152.0	162.0	166.0	164.0	174.0	182.0	176.0	134.0	60.0	
69.0	73.0	70.0	68.0	72.0	71.0	72.0	69.0	69.0	67.0	66.0	44.0	14.0	10.0	27.0	48.0	68.0	80.0	80.0	81.0	92.0	91.0	80.0	61.0	77.0	134.0	170.0	173.0	170.0	170.0	175.0	186.0	191.0	179.0	142.0	79.0	
