154.66667	155.33333	152.33333	153.66667	155.66667	156.33333	159.0	164.0	166.66667	165.0	165.66667	168.33333	170.0	170.33333	169.0	171.0	173.66667	172.66667	173.66667	175.0	171.66667	174.66667	176.66667	176.33333	178.0	177.0	176.0	173.0	156.33333	138.0	148.33333	170.66667	180.0	163.0	89.333336	33.0	
162.33333	152.66667	149.0	152.33333	155.66667	162.0	164.33333	164.0	166.0	167.0	165.33333	167.66667	170.66667	173.33333	171.33333	173.66667	176.66667	174.66667	176.66667	177.66667	175.33333	177.0	179.0	180.33333	183.33333	187.66667	185.0	176.33333	170.0	155.0	155.33333	174.33333	182.33333	176.0	117.666664	43.0	
155.33333	147.0	151.66667	158.66667	162.33333	168.0	168.0	164.66667	164.33333	168.0	168.33333	170.0	173.33333	175.66667	175.0	175.33333	179.33333	180.33333	181.66667	181.0	177.66667	180.66667	182.0	181.66667	185.33333	190.66667	190.33333	180.66667	174.66667	166.33333	163.33333	171.66667	175.33333	185.33333	142.66667	51.666668	
147.0	146.33333	155.33333	162.33333	164.66667	169.33333	174.0	172.0	170.0	172.33333	175.0	174.66667	175.33333	175.0	174.33333	174.0	176.0	179.33333	182.0	179.0	177.0	182.33333	183.33333	182.0	184.33333	187.33333	187.33333	185.0	178.0	168.66667	165.66667	171.0	172.66667	180.66667	152.0	56.0	
150.0	154.0	163.0	165.66667	168.33333	175.33333	179.66667	177.33333	173.66667	173.33333	177.33333	175.66667	174.33333	173.66667	173.0	172.33333	174.66667	179.0	182.66667	179.66667	177.33333	178.0	176.0	175.0	178.0	182.33333	182.33333	184.0	181.0	171.66667	168.66667	174.33333	172.33333	168.33333	141.33333	59.0	
159.33333	163.0	168.33333	169.0	170.0	174.66667	178.0	175.33333	174.0	173.66667	175.33333	174.33333	174.66667	172.66667	171.66667	171.0	175.0	177.0	177.66667	173.0	170.33333	171.33333	170.66667	172.66667	178.0	182.0	180.0	181.33333	181.0	176.33333	172.0	177.66667	180.0	170.33333	138.0	58.333332	
162.66667	162.0	166.0	169.66667	170.66667	171.33333	173.0	173.66667	173.66667	176.0	171.66667	170.0	170.33333	167.33333	165.66667	166.66667	169.66667	170.0	168.33333	165.66667	167.66667	170.33333	170.33333	172.33333	176.0	178.33333	179.33333	179.33333	181.0	179.66667	175.0	179.0	184.66667	176.66667	145.0	59.666668	
160.33333	160.66667	165.0	169.0	171.0	171.66667	171.0	170.33333	170.33333	171.33333	166.66667	164.0	162.66667	160.66667	161.66667	164.33333	167.33333	166.66667	166.33333	165.66667	165.66667	167.33333	169.0	169.33333	170.33333	171.66667	174.0	174.33333	177.33333	179.33333	178.33333	179.0	180.0	181.0	152.66667	63.333332	
159.33333	162.0	168.66667	170.66667	170.66667	169.66667	167.66667	167.66667	170.0	169.66667	165.66667	164.66667	164.33333	162.33333	162.66667	165.66667	166.66667	165.0	165.66667	165.33333	164.66667	166.0	168.33333	169.0	169.0	170.0	171.66667	171.33333	172.0	174.0	176.66667	176.33333	175.0	182.66667	167.0	78.333336	
162.0	166.0	172.33333	173.33333	171.33333	170.0	168.66667	169.0	168.33333	166.33333	164.0	162.66667	163.33333	164.0	165.0	166.33333	163.66667	163.66667	165.0	164.66667	165.66667	168.66667	172.0	171.33333	171.66667	174.33333	173.0	170.0	166.66667	168.33333	172.33333	175.33333	176.66667	181.33333	176.33333	98.666664	
165.33333	169.66667	174.33333	173.33333	171.66667	169.66667	166.33333	165.66667	164.33333	163.0	163.33333	164.66667	164.66667	165.66667	164.66667	166.66667	165.66667	165.66667	166.0	166.0	166.66667	169.0	170.0	162.66667	160.33333	165.66667	166.33333	166.66667	163.66667	163.0	169.0	175.0	174.66667	179.0	181.66667	121.333336	
166.0	169.33333	173.33333	171.0	168.66667	163.0	158.66667	161.0	165.33333	166.0	165.33333	163.0	159.33333	159.66667	157.33333	159.33333	159.33333	158.66667	161.33333	165.0	162.33333	161.33333	160.33333	153.0	155.0	162.33333	163.66667	167.66667	170.66667	167.66667	167.33333	171.0	172.0	175.66667	186.33333	143.0	
168.66667	173.33333	173.66667	165.0	159.0	153.66667	153.33333	156.66667	161.0	159.33333	152.33333	146.0	144.0	147.66667	147.33333	150.66667	152.0	152.66667	157.0	161.0	157.33333	154.33333	153.33333	154.66667	160.66667	170.33333	172.0	174.0	177.0	172.33333	168.0	170.0	170.0	172.0	186.33333	144.0	
168.0	171.66667	172.33333	161.66667	156.66667	155.0	154.0	154.33333	155.33333	153.66667	149.33333	148.66667	149.0	147.33333	144.66667	147.33333	155.33333	157.33333	158.0	160.33333	157.0	149.33333	147.0	154.0	162.0	168.66667	169.33333	174.33333	176.33333	171.0	168.0	170.33333	168.0	168.33333	180.66667	138.33333	
165.0	168.66667	170.66667	162.33333	160.33333	161.66667	158.66667	157.66667	159.0	158.0	158.0	157.33333	157.66667	150.66667	140.0	139.66667	153.66667	164.0	163.66667	168.66667	154.66667	133.0	136.0	143.66667	145.66667	147.66667	151.33333	157.33333	160.66667	164.0	165.66667	168.66667	167.0	162.33333	170.33333	135.66667	
163.33333	165.33333	167.0	165.66667	162.33333	161.33333	160.0	162.33333	161.33333	160.0	159.66667	157.33333	153.0	147.66667	139.0	134.66667	149.66667	166.0	167.33333	172.33333	144.33333	110.666664	113.0	111.333336	106.0	99.666664	105.0	117.333336	118.666664	129.66667	149.0	164.0	165.0	156.0	151.66667	125.666664	
162.33333	162.0	165.33333	167.33333	161.66667	159.0	157.33333	156.66667	149.66667	136.33333	125.0	122.0	121.333336	125.333336	128.0	124.333336	140.0	161.66667	166.0	166.33333	146.33333	119.0	111.0	105.333336	115.333336	126.333336	135.66667	144.66667	145.33333	139.66667	141.33333	156.0	163.0	155.66667	142.66667	115.666664	
160.66667	158.33333	162.66667	164.66667	158.0	154.33333	142.33333	124.333336	104.666664	95.666664	97.0	107.666664	114.333336	112.666664	117.666664	127.666664	140.66667	157.66667	162.0	159.33333	154.66667	139.33333	124.666664	116.666664	125.666664	141.0	155.66667	165.66667	166.33333	161.0	159.33333	162.33333	164.33333	160.0	148.0	111.333336	
158.66667	157.33333	159.33333	159.33333	153.0	139.33333	119.0	116.0	126.666664	137.33333	139.0	138.0	130.66667	120.333336	125.0	135.66667	144.33333	154.0	155.66667	154.33333	153.66667	147.66667	137.33333	128.66667	127.0	133.66667	140.66667	151.33333	157.0	159.0	167.0	169.66667	167.0	157.66667	149.33333	105.666664	
159.33333	159.0	156.0	153.33333	147.0	133.66667	132.0	145.66667	153.33333	155.0	149.66667	136.66667	126.0	123.333336	134.0	144.0	151.0	155.33333	154.33333	151.66667	152.66667	153.0	155.0	153.66667	147.33333	143.66667	143.0	144.66667	151.33333	161.33333	170.33333	171.33333	166.33333	156.66667	151.66667	111.333336	
161.66667	163.33333	159.33333	156.0	150.33333	144.33333	144.0	145.0	147.33333	143.33333	138.33333	136.0	134.0	139.66667	149.33333	153.33333	157.33333	154.0	152.33333	151.0	152.33333	151.33333	157.66667	162.66667	158.66667	157.0	158.0	158.66667	162.66667	170.33333	176.0	174.66667	169.0	158.33333	155.0	120.666664	
161.0	163.33333	161.0	160.0	157.33333	152.33333	150.0	148.33333	147.66667	144.0	145.33333	145.0	146.66667	152.66667	154.66667	155.0	157.33333	149.0	146.0	146.66667	150.0	146.33333	152.66667	162.33333	163.0	159.33333	159.33333	160.0	164.33333	169.33333	175.33333	174.66667	169.33333	160.33333	154.33333	130.33333	
159.66667	162.0	161.66667	162.33333	163.0	159.33333	159.0	160.33333	161.33333	156.66667	152.66667	147.33333	148.0	154.66667	156.66667	156.66667	156.66667	144.33333	139.0	142.0	146.33333	145.33333	150.0	161.33333	162.66667	160.0	162.66667	166.0	167.66667	171.66667	177.33333	174.66667	166.0	159.66667	152.66667	145.0	
159.66667	161.33333	161.66667	165.66667	167.66667	167.66667	166.33333	165.66667	163.66667	159.66667	156.0	153.66667	154.0	154.33333	155.66667	158.66667	155.33333	144.0	142.0	145.0	146.66667	150.0	151.0	154.0	153.66667	154.0	161.0	167.33333	171.33333	177.0	179.33333	173.0	162.33333	154.33333	150.66667	153.0	
160.0	162.33333	163.33333	167.66667	172.0	172.66667	166.66667	164.66667	162.0	159.0	159.0	159.66667	158.66667	151.66667	147.0	149.0	145.66667	145.0	152.33333	155.33333	155.33333	159.33333	161.33333	152.66667	146.33333	145.66667	149.33333	158.33333	167.33333	172.66667	172.33333	167.66667	158.33333	150.66667	149.0	154.66667	
157.0	161.66667	166.33333	170.33333	174.0	174.66667	170.33333	168.66667	167.66667	166.66667	167.0	163.66667	154.33333	143.66667	139.66667	141.0	143.33333	152.33333	163.66667	163.66667	157.66667	158.66667	161.33333	152.33333	148.66667	145.33333	138.66667	144.66667	159.0	165.0	165.0	165.0	155.0	148.0	146.33333	139.0	
154.0	159.33333	168.33333	173.66667	177.0	179.0	178.66667	179.0	177.0	173.0	168.66667	156.33333	138.0	134.0	137.0	144.0	150.66667	148.0	149.66667	150.0	145.66667	146.0	149.0	144.33333	146.66667	149.33333	140.0	137.0	148.0	156.66667	158.0	161.33333	155.0	148.0	137.0	92.666664	
149.33333	157.0	167.33333	172.33333	174.33333	177.0	177.66667	180.33333	176.33333	169.0	158.66667	140.66667	127.0	136.0	142.0	142.0	143.66667	129.0	125.333336	134.66667	139.33333	136.66667	140.66667	140.0	145.33333	152.33333	148.0	137.33333	139.33333	152.0	155.0	156.33333	156.0	146.66667	131.66667	68.0	
147.66667	152.66667	161.33333	167.66667	169.66667	174.0	175.0	177.0	172.0	164.66667	150.0	130.0	131.33333	145.66667	149.33333	145.66667	141.33333	133.0	122.0	123.0	127.666664	129.66667	140.0	146.66667	150.66667	152.66667	148.33333	140.33333	140.0	149.33333	154.66667	156.0	156.33333	146.33333	133.33333	68.333336	
147.33333	151.66667	157.33333	163.0	165.33333	169.0	171.66667	171.66667	165.0	155.66667	142.66667	129.33333	137.66667	152.0	153.66667	154.33333	153.33333	150.66667	141.66667	132.66667	132.33333	136.0	148.33333	155.0	156.0	153.0	151.0	145.33333	148.33333	150.66667	157.33333	156.0	154.33333	144.66667	133.33333	67.666664	
145.33333	151.66667	156.33333	160.33333	162.66667	163.66667	166.33333	165.33333	160.66667	151.66667	143.0	130.33333	140.0	154.66667	159.66667	159.66667	160.33333	156.66667	154.33333	150.33333	151.33333	150.66667	160.33333	163.0	162.66667	152.0	150.33333	148.0	151.66667	153.33333	160.33333	157.0	152.66667	143.33333	129.33333	60.333332	
140.0	148.33333	157.0	161.0	163.0	161.66667	163.33333	161.66667	160.66667	155.0	145.33333	133.33333	140.66667	154.33333	157.66667	157.0	159.0	154.33333	152.33333	152.0	149.33333	150.33333	152.66667	150.33333	143.66667	132.0	135.33333	144.33333	153.66667	153.66667	160.66667	157.33333	149.66667	142.0	123.333336	49.0	
134.33333	145.0	155.0	159.33333	163.0	163.0	163.33333	161.66667	160.66667	159.0	150.33333	140.0	141.0	142.0	136.66667	133.0	135.33333	136.66667	140.0	141.0	138.33333	151.0	159.33333	154.66667	145.66667	99.333336	84.666664	132.0	153.0	154.66667	160.33333	157.0	148.66667	140.0	114.333336	42.666668	
132.66667	142.0	150.66667	153.0	157.33333	159.66667	163.0	162.66667	160.66667	162.33333	156.33333	146.0	130.33333	99.0	105.333336	137.0	160.66667	175.66667	178.33333	190.0	185.66667	192.66667	201.66667	175.66667	146.66667	89.333336	77.0	133.66667	156.33333	157.0	161.33333	156.33333	150.33333	136.0	100.333336	32.0	
132.33333	136.0	143.0	147.33333	151.66667	155.66667	161.33333	163.33333	164.0	167.0	160.33333	150.66667	121.333336	80.666664	111.333336	149.66667	165.66667	179.33333	182.0	181.66667	167.33333	156.0	148.0	99.666664	61.333332	58.0	110.333336	150.0	156.0	157.0	159.0	155.66667	148.33333	137.33333	84.666664	25.0	
131.0	132.0	138.66667	145.66667	149.66667	152.33333	159.66667	164.33333	163.33333	166.0	161.33333	155.33333	139.33333	120.0	99.0	80.666664	76.666664	74.666664	71.0	71.0	73.666664	76.666664	78.333336	57.0	42.666668	83.333336	143.0	159.33333	153.0	158.66667	159.0	154.66667	146.0	127.333336	65.333336	20.666666	
133.33333	129.66667	136.0	144.33333	148.33333	150.0	156.33333	161.66667	160.66667	162.33333	164.33333	158.0	151.66667	152.66667	141.33333	113.666664	85.666664	71.666664	68.333336	62.666668	68.666664	85.666664	90.333336	75.0	81.333336	122.0	153.0	160.33333	155.33333	158.66667	156.0	151.33333	140.33333	109.333336	43.333332	20.666666	
135.0	130.33333	132.0	137.33333	144.33333	148.66667	152.33333	158.0	160.33333	158.33333	164.66667	160.0	153.33333	158.0	164.0	160.66667	148.33333	133.33333	121.0	106.333336	104.0	111.333336	116.0	110.333336	125.333336	144.66667	156.33333	158.66667	154.66667	157.66667	153.0	150.0	132.66667	79.666664	29.0	22.666666	
141.0	134.0	131.33333	133.66667	138.33333	143.66667	146.33333	152.0	158.66667	154.0	158.33333	160.66667	156.33333	162.0	166.0	167.66667	168.0	164.0	154.66667	143.66667	140.0	143.0	146.66667	149.33333	154.66667	154.66667	156.33333	158.33333	157.66667	154.66667	149.66667	145.33333	116.666664	49.666668	22.333334	23.666666	
143.66667	136.66667	132.33333	135.0	135.33333	138.0	141.33333	146.33333	155.33333	152.33333	152.33333	159.66667	160.0	163.33333	167.66667	167.33333	168.66667	166.0	159.33333	155.0	150.66667	150.33333	154.33333	159.0	155.0	154.66667	158.33333	158.66667	159.33333	154.33333	147.33333	139.0	83.333336	28.333334	22.666666	23.333334	
141.66667	142.0	134.33333	133.0	136.0	136.0	138.33333	140.66667	149.0	154.33333	149.0	154.0	161.33333	164.0	168.0	169.66667	167.66667	163.33333	157.33333	152.0	147.0	145.33333	148.66667	150.66667	154.33333	157.0	157.0	159.33333	159.33333	156.0	146.66667	116.0	50.0	22.0	23.0	22.333334	
140.66667	144.0	140.33333	134.33333	136.66667	138.66667	137.66667	138.66667	144.33333	152.0	146.0	146.66667	159.33333	163.66667	168.0	170.66667	167.33333	164.66667	162.33333	158.66667	154.33333	154.0	153.66667	154.66667	159.66667	157.66667	155.66667	158.0	160.66667	154.33333	143.0	83.333336	28.333334	23.0	23.666666	22.0	
143.33333	141.0	144.0	143.33333	137.0	138.66667	139.33333	140.33333	142.66667	150.0	148.0	145.66667	156.0	164.33333	169.33333	170.33333	167.66667	167.0	166.0	162.0	158.66667	158.66667	158.0	158.0	161.0	157.0	153.0	156.66667	158.66667	151.66667	118.333336	46.0	22.666666	24.333334	22.333334	21.666666	
157.33333	143.66667	146.0	148.66667	142.0	137.33333	139.33333	143.33333	144.33333	147.66667	149.0	149.0	154.0	166.0	173.0	171.33333	166.66667	165.33333	166.33333	163.33333	158.66667	157.66667	158.33333	156.66667	156.66667	152.33333	150.0	154.66667	157.33333	143.33333	78.0	23.333334	21.666666	21.666666	20.666666	22.333334	
179.0	153.0	146.0	150.66667	150.0	143.33333	138.66667	141.33333	145.0	144.66667	148.0	151.66667	151.33333	161.33333	169.66667	169.0	164.0	162.0	162.33333	163.66667	163.0	160.33333	161.0	158.66667	156.33333	151.0	151.33333	155.33333	154.0	115.333336	41.666668	20.0	19.666666	20.333334	20.666666	22.0	
193.0	171.0	152.0	151.33333	151.0	152.0	143.66667	138.0	141.0	141.66667	143.66667	149.0	151.0	155.0	162.33333	168.66667	166.0	160.66667	161.33333	164.0	167.33333	164.66667	161.33333	158.66667	159.33333	154.33333	154.0	156.0	142.33333	76.0	23.666666	20.666666	19.666666	20.0	20.666666	21.333334	
199.0	192.66667	168.0	152.33333	146.66667	150.33333	153.33333	142.66667	137.0	140.0	142.33333	145.0	149.0	148.33333	155.33333	165.66667	167.0	162.33333	163.0	164.0	164.0	164.33333	160.66667	159.66667	161.0	156.0	156.66667	152.66667	127.333336	59.666668	23.666666	20.666666	19.666666	20.666666	21.333334	21.666666	
201.0	198.33333	189.0	168.0	150.0	145.33333	154.66667	152.66667	140.33333	135.66667	138.0	140.66667	145.0	144.66667	148.33333	155.66667	160.33333	162.33333	164.33333	163.33333	161.66667	162.33333	160.0	158.66667	159.66667	156.66667	151.0	143.0	126.333336	74.0	29.0	23.0	22.333334	22.666666	21.333334	20.666666	
199.0	199.33333	201.0	194.33333	170.33333	151.66667	146.66667	154.33333	151.0	136.33333	133.33333	135.66667	136.0	138.0	140.0	141.0	144.66667	150.66667	154.66667	155.66667	157.0	157.33333	156.0	151.66667	148.66667	147.66667	140.66667	133.66667	130.66667	91.666664	32.333332	31.333334	30.0	29.0	26.666666	25.0	
