48.333332	91.333336	128.33333	101.0	65.0	103.333336	185.66667	215.0	219.66667	214.0	200.66667	191.0	181.66667	178.0	172.33333	162.33333	157.66667	150.66667	136.66667	133.0	132.33333	129.66667	122.333336	112.666664	108.666664	100.666664	94.666664	82.0	75.0	70.666664	69.333336	69.0	66.666664	62.0	59.666668	61.333332	
59.333332	106.333336	142.66667	94.0	75.666664	141.0	205.66667	216.66667	220.0	212.33333	199.0	192.33333	184.0	177.66667	172.66667	163.0	157.66667	157.66667	150.33333	144.0	141.33333	138.0	135.66667	126.333336	120.666664	109.0	96.0	85.666664	74.666664	65.666664	67.0	70.666664	66.333336	56.333332	58.666668	71.666664	
78.0	125.666664	143.33333	83.666664	87.333336	169.66667	211.33333	215.66667	215.33333	207.0	197.33333	191.0	182.33333	175.66667	173.33333	166.33333	164.0	162.0	155.33333	148.66667	148.33333	145.0	145.66667	136.66667	124.333336	114.333336	100.0	88.333336	79.0	72.666664	71.0	71.333336	65.0	54.666668	55.333332	69.333336	
84.666664	130.0	130.33333	80.333336	116.0	189.0	211.33333	211.66667	209.66667	203.33333	195.33333	188.66667	179.33333	177.0	175.0	171.0	169.66667	168.33333	161.66667	155.33333	155.66667	153.66667	148.66667	139.66667	125.333336	115.333336	102.666664	90.666664	80.666664	76.666664	78.666664	77.333336	68.0	56.333332	54.0	64.333336	
84.0	127.0	115.666664	88.333336	137.0	194.66667	209.66667	206.33333	201.66667	196.66667	193.33333	185.66667	178.0	179.33333	177.33333	172.33333	168.66667	166.66667	163.0	157.66667	158.33333	159.0	151.66667	142.33333	128.66667	115.0	100.333336	90.333336	82.333336	78.0	82.0	79.333336	65.666664	56.333332	55.333332	60.666668	
89.0	118.0	107.666664	98.0	149.66667	193.0	204.33333	202.66667	195.66667	189.66667	188.0	183.66667	177.33333	176.0	174.33333	172.33333	171.0	165.66667	161.66667	156.66667	159.33333	158.33333	153.33333	143.33333	128.66667	114.333336	98.333336	89.333336	86.333336	82.666664	83.0	76.333336	61.0	55.0	58.0	57.0	
97.666664	113.0	108.666664	104.666664	160.0	188.66667	199.66667	203.33333	196.33333	190.33333	184.66667	181.33333	175.33333	171.33333	168.66667	165.33333	166.0	163.0	160.66667	154.66667	155.66667	152.33333	150.0	141.0	124.333336	109.333336	95.333336	92.0	88.0	88.0	84.333336	71.333336	57.666668	55.666668	59.333332	53.0	
92.333336	110.666664	112.666664	112.666664	166.33333	189.0	197.33333	202.0	201.33333	195.0	191.33333	185.0	174.66667	170.66667	170.66667	165.0	165.66667	164.0	160.33333	155.66667	155.66667	151.0	144.66667	135.0	117.333336	103.333336	97.0	93.666664	93.333336	88.666664	80.666664	64.0	57.0	58.333332	56.666668	48.666668	
77.666664	108.333336	112.333336	114.666664	170.0	188.0	193.33333	203.0	203.66667	199.33333	193.66667	182.33333	169.66667	167.0	168.66667	165.0	165.66667	165.0	160.33333	157.33333	156.0	148.66667	140.66667	129.33333	114.333336	105.333336	99.333336	93.0	94.0	86.666664	76.666664	61.0	58.666668	57.0	51.666668	45.333332	
56.0	100.666664	105.333336	102.333336	164.33333	185.66667	192.33333	200.0	204.33333	201.33333	196.0	182.33333	166.0	161.0	164.33333	162.0	160.0	160.33333	157.66667	156.66667	154.0	144.33333	134.66667	120.666664	106.333336	102.0	95.0	88.333336	90.0	83.333336	71.333336	59.666668	59.333332	57.666668	53.666668	42.666668	
28.666666	81.333336	96.0	93.333336	153.33333	185.0	194.66667	200.33333	199.0	192.66667	192.33333	182.0	166.66667	158.66667	163.0	165.0	160.33333	159.0	161.66667	160.33333	154.0	139.66667	124.333336	112.0	102.666664	98.0	88.0	81.0	82.333336	76.333336	66.333336	62.333332	62.666668	58.0	50.333332	38.333332	
16.666666	66.0	101.333336	94.0	150.0	187.33333	198.66667	205.66667	198.66667	191.33333	189.33333	182.33333	171.66667	157.66667	159.33333	168.33333	161.33333	157.33333	166.0	160.0	154.33333	135.66667	120.0	112.0	102.333336	95.0	89.666664	86.333336	81.0	72.666664	64.0	63.666668	62.0	54.0	38.333332	32.0	
21.666666	86.666664	132.33333	110.666664	144.33333	168.33333	168.33333	173.33333	178.33333	182.33333	185.0	180.33333	172.33333	158.33333	154.33333	165.0	162.33333	160.33333	164.33333	156.66667	151.33333	132.66667	121.333336	115.666664	107.666664	100.666664	93.0	88.0	82.333336	75.666664	67.0	62.666668	57.0	46.333332	37.0	31.666666	
20.333334	95.333336	110.0	101.666664	132.33333	121.0	109.0	115.0	130.0	151.0	163.0	159.33333	154.0	151.0	145.33333	160.0	154.33333	157.66667	153.66667	145.66667	140.66667	124.666664	114.666664	108.0	102.0	86.0	68.333336	68.666664	63.666668	65.0	66.333336	64.0	56.0	47.333332	41.0	33.333332	
19.333334	84.666664	88.666664	105.333336	133.33333	117.333336	110.0	110.666664	99.666664	100.333336	109.666664	124.0	129.0	136.66667	136.0	148.66667	137.66667	143.33333	132.33333	122.666664	110.666664	96.0	81.0	78.666664	71.333336	51.666668	44.666668	43.333332	39.333332	40.333332	50.0	60.0	56.333332	50.666668	46.666668	34.0	
14.333333	82.0	108.333336	127.0	145.0	129.33333	140.0	133.66667	106.0	83.333336	74.333336	86.333336	99.0	118.333336	131.33333	143.0	124.333336	125.0	113.333336	98.333336	82.333336	64.666664	51.666668	47.333332	39.666668	47.333332	64.333336	58.666668	47.0	41.333332	42.333332	44.0	45.666668	46.666668	44.333332	38.333332	
15.0	97.0	137.0	149.33333	162.0	143.66667	137.66667	101.666664	75.0	59.666668	63.666668	75.666664	85.666664	102.333336	132.0	149.66667	131.0	117.666664	101.0	75.333336	57.666668	45.666668	38.666668	36.666668	35.0	46.333332	57.666668	64.666664	58.666668	51.666668	47.0	40.333332	38.333332	39.0	41.666668	45.666668	
12.666667	90.666664	142.33333	153.66667	180.33333	157.33333	109.666664	98.333336	83.0	51.333332	49.666668	70.666664	89.0	102.333336	134.33333	159.0	141.66667	117.666664	83.666664	57.333332	57.666668	59.666668	61.333332	60.0	44.333332	35.666668	39.666668	51.666668	45.0	43.666668	52.0	52.666668	47.0	42.666668	43.0	48.666668	
8.333333	57.333332	131.33333	154.0	189.0	162.33333	142.66667	154.33333	118.333336	70.0	74.333336	100.666664	102.0	116.666664	144.33333	164.66667	141.66667	105.333336	57.666668	49.333332	68.333336	79.666664	90.0	104.666664	57.333332	39.0	49.666668	65.666664	47.0	41.0	57.333332	58.333332	57.333332	59.666668	48.333332	49.333332	
5.6666665	20.333334	101.0	161.33333	193.0	182.66667	182.33333	170.66667	148.66667	131.33333	122.666664	113.0	117.666664	142.66667	169.66667	174.66667	141.0	95.666664	47.0	47.666668	88.666664	94.333336	112.333336	134.66667	96.0	76.666664	76.0	73.0	51.666668	49.666668	60.0	61.0	62.0	63.666668	57.333332	59.0	
5.3333335	8.333333	58.0	160.66667	198.0	196.66667	194.66667	168.66667	143.66667	134.33333	122.666664	111.333336	126.666664	145.0	181.66667	172.33333	137.0	92.333336	46.666668	50.333332	96.666664	113.0	123.666664	135.33333	128.66667	112.333336	88.0	64.333336	53.666668	60.666668	73.666664	79.666664	77.666664	76.333336	74.666664	65.0	
5.0	6.0	24.666666	128.33333	197.0	202.66667	198.0	181.0	155.66667	140.33333	129.66667	129.66667	141.0	169.0	194.33333	165.33333	125.666664	84.333336	51.0	56.333332	81.666664	113.666664	117.0	120.333336	119.666664	107.666664	91.333336	76.333336	77.333336	82.333336	88.333336	96.333336	96.666664	90.0	79.333336	66.666664	
3.6666667	4.3333335	12.0	101.666664	192.0	202.33333	187.33333	163.0	149.0	139.66667	135.33333	145.33333	166.0	197.0	199.0	155.66667	111.666664	72.666664	56.0	67.666664	82.333336	100.333336	119.666664	125.333336	130.0	124.666664	117.333336	106.666664	99.0	97.666664	100.666664	105.666664	103.333336	89.333336	78.0	63.333332	
3.6666667	4.6666665	10.0	95.0	186.0	192.0	185.33333	172.0	163.33333	158.66667	164.33333	177.66667	194.66667	207.33333	191.33333	139.66667	98.666664	62.333332	56.666668	71.0	86.666664	97.666664	115.0	125.666664	134.0	132.66667	126.333336	117.0	108.333336	107.333336	114.0	115.666664	103.333336	85.0	73.666664	60.333332	
6.0	5.3333335	8.666667	87.333336	180.0	186.0	189.0	192.33333	196.33333	194.33333	188.0	193.33333	200.66667	206.66667	178.33333	125.333336	90.333336	59.666668	52.666668	76.0	88.333336	97.333336	116.0	118.0	124.0	134.66667	129.66667	124.666664	120.0	119.666664	120.666664	111.666664	98.333336	82.666664	68.0	54.333332	
40.0	31.333334	27.666666	85.333336	173.66667	188.0	201.0	203.0	200.33333	191.0	184.0	182.66667	180.66667	202.66667	168.33333	119.666664	84.0	52.666668	40.0	67.333336	93.666664	106.0	115.333336	117.0	117.666664	126.0	125.666664	123.666664	119.0	119.0	112.0	102.0	90.666664	77.0	62.0	47.666668	
73.333336	69.666664	66.333336	91.0	166.0	187.33333	192.66667	189.66667	181.66667	172.0	163.66667	149.33333	168.33333	197.0	159.0	118.333336	88.0	49.666668	34.333332	58.666668	85.666664	118.0	123.0	121.0	118.0	120.333336	118.0	110.666664	109.0	110.666664	105.0	95.666664	84.666664	70.333336	51.666668	37.666668	
63.666668	57.666668	49.333332	58.666668	143.33333	173.0	171.66667	168.0	158.33333	148.0	133.0	133.66667	178.33333	180.33333	158.33333	120.0	86.0	50.333332	42.333332	65.333336	65.666664	91.0	119.666664	124.666664	120.0	117.666664	115.333336	104.333336	102.0	102.0	99.0	89.333336	77.0	60.0	39.0	25.333334	
31.333334	25.666666	21.666666	26.333334	113.333336	156.66667	153.0	147.0	133.66667	120.666664	105.666664	137.0	172.66667	162.0	148.33333	116.0	78.0	50.333332	53.333332	70.0	55.666668	59.0	99.666664	114.666664	114.666664	111.0	110.0	98.666664	94.666664	92.333336	88.333336	79.0	66.333336	50.666668	33.666668	23.0	
13.0	10.666667	9.666667	14.0	84.666664	145.0	137.33333	124.0	112.666664	95.0	106.333336	130.66667	139.66667	136.66667	112.333336	82.0	51.666668	39.0	44.333332	52.333332	43.666668	41.666668	91.666664	108.333336	107.0	104.0	100.666664	94.333336	89.666664	85.0	78.333336	68.666664	55.666668	44.0	29.666666	24.0	
8.333333	7.3333335	7.0	8.333333	66.666664	136.0	119.666664	108.0	95.0	85.333336	112.333336	125.666664	146.33333	132.0	84.0	48.333332	27.0	23.333334	28.333334	38.666668	49.666668	60.0	91.666664	104.666664	101.666664	100.333336	97.0	90.333336	85.0	78.666664	71.666664	61.666668	50.333332	42.666668	30.333334	26.0	
8.0	5.6666665	4.6666665	7.0	53.0	126.666664	108.0	96.0	85.666664	99.666664	125.666664	147.0	159.0	145.0	108.0	79.333336	59.666668	64.666664	66.666664	76.0	82.333336	84.0	89.0	95.666664	96.0	95.666664	92.333336	85.666664	80.666664	72.333336	64.333336	54.333332	51.0	43.0	29.333334	25.0	
4.3333335	4.6666665	5.6666665	10.333333	47.0	130.33333	123.666664	109.666664	105.666664	131.66667	146.33333	148.66667	146.33333	137.33333	118.333336	108.0	101.333336	97.0	83.666664	85.333336	84.0	83.666664	83.0	85.0	84.666664	84.666664	84.0	78.666664	72.0	65.0	58.0	53.0	52.333332	39.666668	27.666666	25.333334	
3.0	4.6666665	10.333333	13.666667	38.0	129.0	142.33333	136.66667	131.0	136.33333	137.0	134.66667	130.33333	127.0	117.0	106.666664	103.333336	100.333336	89.666664	85.666664	85.666664	82.0	79.333336	78.666664	76.333336	77.0	74.666664	75.0	67.666664	62.666668	60.0	58.333332	51.333332	36.666668	26.333334	25.333334	
6.0	8.0	11.666667	14.0	30.333334	118.0	144.0	150.33333	140.33333	120.666664	116.0	116.0	114.333336	113.0	109.0	108.0	108.666664	102.333336	90.333336	84.333336	86.666664	81.666664	76.666664	73.333336	70.0	71.0	66.333336	77.333336	74.0	68.666664	67.0	61.333332	48.666668	34.666668	27.0	25.666666	
8.0	9.333333	10.0	12.666667	22.666666	103.666664	146.33333	154.0	140.33333	108.333336	96.666664	97.666664	99.333336	99.666664	99.666664	107.333336	108.666664	98.666664	86.0	79.666664	78.0	72.0	64.666664	62.0	63.333332	63.333332	64.666664	80.333336	81.0	77.0	68.666664	58.0	44.666668	34.0	29.666666	25.0	
7.0	7.6666665	11.0	13.666667	18.666666	77.666664	140.66667	154.0	141.66667	115.333336	107.666664	116.333336	118.0	111.666664	99.666664	90.666664	83.333336	75.0	68.666664	63.0	59.666668	52.0	46.666668	53.333332	57.666668	59.0	76.333336	92.333336	84.333336	76.666664	65.666664	58.0	45.333332	36.0	27.333334	23.666666	
6.3333335	8.666667	12.0	14.666667	17.333334	49.666668	128.66667	147.33333	143.0	131.33333	145.66667	164.0	157.33333	147.0	130.66667	108.0	98.0	91.0	83.666664	71.0	61.666668	56.333332	54.0	61.666668	62.666668	72.666664	99.666664	99.333336	79.333336	68.666664	61.0	56.0	45.333332	36.0	26.0	23.333334	
7.0	10.333333	14.333333	17.0	19.333334	26.0	100.0	137.0	138.33333	137.66667	159.33333	167.66667	160.66667	148.66667	130.33333	113.333336	112.0	100.0	86.666664	71.666664	63.333332	63.0	60.666668	67.333336	69.0	79.333336	104.0	98.0	71.333336	60.666668	59.333332	52.333332	39.666668	31.0	24.0	23.0	
9.333333	11.666667	14.0	18.333334	19.333334	16.666666	62.0	122.0	128.33333	136.0	155.33333	156.0	143.0	117.666664	100.666664	92.666664	87.0	88.0	77.0	66.333336	55.666668	55.333332	62.333332	71.666664	68.333336	78.333336	96.666664	88.666664	64.666664	55.666668	54.0	45.333332	33.333332	24.333334	21.333334	24.666666	
11.333333	12.0	13.666667	15.0	17.333334	16.0	33.0	103.0	125.333336	143.0	158.66667	144.66667	123.666664	96.666664	80.666664	79.666664	74.0	76.0	69.666664	59.333332	52.666668	56.666668	70.333336	72.333336	69.666664	80.0	82.333336	67.666664	58.666668	55.333332	49.333332	37.0	25.0	17.333334	18.333334	22.333334	
12.0	14.0	11.333333	14.333333	16.666666	17.333334	29.666666	122.0	140.0	146.66667	154.33333	130.66667	108.333336	92.0	84.666664	87.333336	84.666664	81.666664	73.333336	61.333332	57.666668	65.666664	72.666664	71.666664	75.0	77.666664	69.666664	58.333332	54.333332	52.0	41.0	28.0	17.333334	14.666667	16.333334	19.0	
12.666667	12.333333	9.0	15.0	16.666666	18.333334	34.333332	146.0	170.0	147.0	144.33333	119.666664	106.0	104.666664	112.333336	109.333336	104.666664	98.0	81.666664	65.666664	67.333336	78.0	82.0	80.666664	77.0	69.666664	59.0	52.0	49.666668	45.0	33.666668	21.666666	16.333334	15.0	14.333333	19.0	
13.0	8.333333	8.333333	13.666667	15.666667	20.0	39.666668	154.66667	188.66667	149.66667	137.33333	129.66667	132.0	133.0	122.333336	107.333336	105.333336	100.666664	85.666664	80.333336	85.666664	93.0	93.666664	88.333336	76.666664	65.0	53.0	47.0	44.666668	35.666668	23.666666	17.0	16.333334	12.666667	13.0	20.666666	
11.666667	6.0	10.333333	13.666667	16.0	19.0	46.666668	163.33333	193.0	151.0	131.0	138.66667	139.0	126.333336	111.333336	99.666664	95.333336	86.333336	86.0	92.666664	89.666664	90.333336	91.333336	89.333336	75.333336	60.666668	46.0	38.0	30.666666	21.666666	15.0	14.666667	12.0	8.666667	12.666667	23.333334	
7.3333335	6.6666665	13.333333	14.666667	15.333333	17.0	54.333332	169.66667	192.33333	159.33333	130.0	132.66667	121.333336	106.0	96.666664	93.333336	90.333336	85.666664	87.666664	86.333336	83.0	85.0	91.333336	85.0	69.666664	48.666668	35.0	23.666666	16.666666	15.0	11.0	10.333333	7.3333335	7.0	15.0	26.333334	
5.0	8.333333	15.666667	14.333333	16.0	17.666666	60.666668	171.33333	190.33333	174.33333	127.666664	125.333336	108.333336	101.0	92.0	86.666664	90.0	85.0	78.0	84.333336	87.666664	91.0	93.0	78.0	57.666668	35.666668	19.666666	14.0	13.666667	10.666667	7.3333335	7.6666665	5.6666665	7.0	17.666666	29.333334	
7.0	10.333333	16.333334	14.0	15.666667	18.666666	68.333336	172.0	187.0	184.0	135.33333	119.0	102.0	99.333336	96.333336	89.666664	82.0	77.333336	75.0	91.0	95.666664	92.0	84.0	63.0	39.0	20.333334	16.0	13.666667	11.0	7.6666665	7.0	7.3333335	7.0	8.333333	20.333334	28.0	
9.666667	12.333333	17.0	14.333333	14.333333	18.666666	74.666664	171.33333	182.33333	184.33333	150.66667	118.333336	115.0	91.666664	88.0	85.666664	80.0	71.666664	73.666664	82.666664	80.333336	74.0	58.333332	37.333332	18.666666	12.666667	11.333333	10.333333	9.0	8.666667	7.3333335	7.6666665	7.3333335	8.666667	22.0	26.0	
