56.0	104.0	149.0	168.0	177.0	178.0	182.0	186.0	193.0	201.0	204.0	210.0	217.0	221.0	223.0	223.0	225.0	228.0	224.0	224.0	225.0	227.0	227.0	226.0	226.0	226.0	225.0	221.0	221.0	221.0	215.0	212.0	205.0	190.0	177.0	149.0	
51.0	102.0	141.0	159.0	167.0	171.0	178.0	186.0	195.0	200.0	205.0	211.0	215.0	218.0	220.0	220.0	220.0	224.0	226.0	222.0	221.0	223.0	226.0	227.0	227.0	226.0	225.0	220.0	216.0	217.0	211.0	207.0	202.0	190.0	180.0	145.0	
53.0	100.0	137.0	156.0	160.0	166.0	175.0	184.0	190.0	194.0	201.0	208.0	212.0	215.0	217.0	218.0	221.0	223.0	223.0	223.0	223.0	223.0	226.0	228.0	228.0	227.0	225.0	219.0	214.0	211.0	208.0	205.0	199.0	183.0	171.0	138.0	
52.0	95.0	132.0	154.0	156.0	161.0	171.0	183.0	186.0	192.0	198.0	204.0	211.0	214.0	217.0	219.0	220.0	222.0	222.0	222.0	223.0	225.0	227.0	227.0	226.0	224.0	221.0	216.0	211.0	206.0	207.0	204.0	195.0	182.0	169.0	135.0	
45.0	94.0	132.0	151.0	153.0	156.0	169.0	182.0	188.0	193.0	200.0	207.0	212.0	215.0	217.0	219.0	220.0	221.0	221.0	221.0	222.0	224.0	225.0	224.0	222.0	220.0	218.0	214.0	209.0	205.0	204.0	198.0	188.0	179.0	172.0	139.0	
44.0	93.0	130.0	147.0	150.0	154.0	167.0	180.0	190.0	192.0	200.0	207.0	211.0	214.0	216.0	218.0	220.0	220.0	220.0	220.0	220.0	220.0	222.0	222.0	220.0	220.0	219.0	216.0	212.0	210.0	206.0	195.0	184.0	176.0	174.0	145.0	
44.0	86.0	125.0	141.0	147.0	154.0	167.0	180.0	191.0	195.0	203.0	209.0	214.0	217.0	218.0	219.0	220.0	220.0	222.0	222.0	220.0	218.0	219.0	220.0	221.0	220.0	218.0	216.0	212.0	211.0	208.0	196.0	181.0	176.0	172.0	149.0	
46.0	84.0	122.0	137.0	144.0	151.0	163.0	177.0	187.0	195.0	203.0	210.0	213.0	216.0	218.0	218.0	219.0	221.0	224.0	225.0	221.0	219.0	220.0	222.0	223.0	221.0	216.0	213.0	212.0	211.0	205.0	195.0	184.0	178.0	173.0	151.0	
49.0	81.0	111.0	129.0	141.0	150.0	161.0	175.0	186.0	193.0	201.0	208.0	213.0	217.0	219.0	220.0	220.0	221.0	223.0	225.0	221.0	222.0	224.0	225.0	224.0	221.0	216.0	214.0	214.0	214.0	206.0	199.0	195.0	185.0	174.0	148.0	
44.0	74.0	104.0	123.0	139.0	153.0	166.0	179.0	186.0	192.0	197.0	203.0	207.0	211.0	216.0	218.0	219.0	217.0	220.0	220.0	218.0	220.0	222.0	222.0	220.0	216.0	214.0	214.0	216.0	218.0	212.0	203.0	202.0	194.0	175.0	147.0	
45.0	76.0	107.0	122.0	138.0	159.0	174.0	184.0	186.0	189.0	194.0	195.0	194.0	199.0	205.0	206.0	212.0	214.0	215.0	217.0	213.0	212.0	217.0	217.0	212.0	206.0	205.0	207.0	210.0	211.0	206.0	202.0	200.0	193.0	178.0	151.0	
47.0	91.0	128.0	140.0	146.0	162.0	180.0	190.0	189.0	190.0	194.0	194.0	196.0	197.0	197.0	198.0	207.0	209.0	206.0	211.0	208.0	201.0	212.0	208.0	201.0	195.0	195.0	201.0	203.0	200.0	194.0	195.0	193.0	183.0	173.0	159.0	
63.0	110.0	135.0	142.0	147.0	157.0	171.0	183.0	187.0	189.0	192.0	194.0	201.0	197.0	186.0	185.0	194.0	197.0	194.0	201.0	194.0	186.0	196.0	192.0	195.0	191.0	187.0	182.0	174.0	165.0	156.0	157.0	164.0	171.0	172.0	172.0	
71.0	120.0	144.0	145.0	146.0	146.0	143.0	139.0	140.0	143.0	150.0	158.0	171.0	175.0	170.0	166.0	170.0	174.0	175.0	187.0	183.0	176.0	183.0	173.0	172.0	159.0	145.0	128.0	112.0	109.0	115.0	117.0	121.0	133.0	150.0	170.0	
81.0	129.0	153.0	149.0	133.0	107.0	90.0	91.0	96.0	92.0	91.0	99.0	109.0	116.0	126.0	123.0	131.0	142.0	146.0	171.0	186.0	172.0	164.0	142.0	127.0	110.0	91.0	87.0	103.0	115.0	119.0	120.0	110.0	105.0	124.0	162.0	
80.0	131.0	150.0	147.0	118.0	68.0	54.0	80.0	107.0	111.0	113.0	99.0	73.0	56.0	63.0	62.0	72.0	114.0	146.0	174.0	191.0	170.0	127.0	84.0	61.0	53.0	62.0	96.0	144.0	159.0	155.0	148.0	132.0	111.0	120.0	157.0	
90.0	133.0	146.0	141.0	115.0	83.0	72.0	90.0	108.0	106.0	107.0	94.0	73.0	51.0	48.0	60.0	78.0	119.0	161.0	192.0	204.0	184.0	137.0	87.0	62.0	54.0	61.0	63.0	72.0	91.0	112.0	130.0	146.0	135.0	128.0	150.0	
105.0	136.0	141.0	133.0	115.0	110.0	92.0	71.0	67.0	68.0	55.0	64.0	102.0	109.0	102.0	116.0	126.0	143.0	173.0	202.0	212.0	194.0	169.0	156.0	151.0	133.0	137.0	126.0	74.0	79.0	98.0	96.0	112.0	143.0	146.0	157.0	
112.0	138.0	144.0	136.0	127.0	114.0	95.0	91.0	119.0	127.0	93.0	112.0	161.0	169.0	164.0	172.0	157.0	154.0	173.0	200.0	217.0	204.0	178.0	182.0	203.0	199.0	194.0	175.0	147.0	145.0	159.0	152.0	132.0	143.0	155.0	165.0	
121.0	140.0	149.0	147.0	147.0	130.0	126.0	149.0	153.0	150.0	141.0	153.0	168.0	172.0	176.0	178.0	168.0	162.0	171.0	195.0	212.0	206.0	185.0	181.0	197.0	208.0	207.0	191.0	184.0	176.0	167.0	174.0	176.0	161.0	162.0	173.0	
123.0	132.0	140.0	150.0	155.0	151.0	153.0	164.0	163.0	157.0	159.0	170.0	175.0	170.0	170.0	171.0	165.0	164.0	172.0	194.0	211.0	208.0	188.0	180.0	188.0	195.0	191.0	186.0	191.0	184.0	178.0	185.0	184.0	177.0	175.0	181.0	
99.0	120.0	137.0	157.0	162.0	166.0	166.0	163.0	165.0	163.0	163.0	164.0	163.0	170.0	179.0	178.0	171.0	170.0	175.0	192.0	208.0	210.0	195.0	183.0	181.0	187.0	177.0	170.0	178.0	177.0	177.0	181.0	186.0	190.0	187.0	179.0	
80.0	106.0	129.0	153.0	165.0	172.0	174.0	177.0	170.0	166.0	164.0	160.0	167.0	188.0	192.0	174.0	172.0	176.0	184.0	197.0	214.0	214.0	199.0	183.0	179.0	189.0	199.0	188.0	183.0	184.0	187.0	195.0	199.0	197.0	187.0	176.0	
64.0	91.0	117.0	142.0	164.0	172.0	181.0	190.0	189.0	193.0	192.0	190.0	192.0	191.0	182.0	171.0	175.0	184.0	191.0	201.0	216.0	217.0	200.0	185.0	179.0	187.0	207.0	210.0	216.0	218.0	218.0	218.0	212.0	201.0	187.0	173.0	
55.0	84.0	112.0	138.0	160.0	176.0	185.0	193.0	202.0	207.0	208.0	207.0	208.0	195.0	178.0	172.0	181.0	189.0	194.0	203.0	212.0	218.0	206.0	189.0	177.0	183.0	206.0	215.0	221.0	227.0	225.0	220.0	212.0	203.0	192.0	169.0	
59.0	81.0	106.0	130.0	153.0	181.0	196.0	201.0	202.0	208.0	214.0	212.0	203.0	190.0	172.0	169.0	178.0	189.0	199.0	210.0	217.0	220.0	206.0	193.0	180.0	182.0	202.0	215.0	222.0	222.0	219.0	216.0	212.0	205.0	188.0	161.0	
63.0	85.0	105.0	126.0	149.0	181.0	201.0	203.0	204.0	213.0	214.0	205.0	195.0	183.0	161.0	170.0	182.0	191.0	205.0	218.0	226.0	222.0	210.0	199.0	186.0	180.0	191.0	213.0	221.0	218.0	218.0	217.0	212.0	200.0	180.0	150.0	
59.0	85.0	106.0	126.0	145.0	172.0	188.0	196.0	201.0	206.0	206.0	198.0	181.0	156.0	148.0	177.0	189.0	190.0	203.0	221.0	231.0	222.0	212.0	198.0	189.0	178.0	179.0	203.0	211.0	210.0	213.0	213.0	208.0	195.0	174.0	143.0	
62.0	79.0	106.0	125.0	140.0	158.0	175.0	189.0	192.0	190.0	193.0	181.0	153.0	138.0	146.0	164.0	170.0	173.0	188.0	203.0	213.0	206.0	193.0	178.0	182.0	181.0	170.0	180.0	196.0	199.0	199.0	199.0	196.0	186.0	162.0	132.0	
79.0	83.0	110.0	125.0	137.0	150.0	164.0	180.0	183.0	177.0	174.0	159.0	135.0	148.0	146.0	127.0	124.0	124.0	150.0	170.0	180.0	175.0	149.0	123.0	143.0	164.0	173.0	168.0	177.0	184.0	185.0	183.0	180.0	173.0	151.0	118.0	
97.0	99.0	113.0	125.0	137.0	147.0	158.0	168.0	173.0	168.0	159.0	138.0	141.0	158.0	152.0	122.0	106.0	92.0	91.0	111.0	127.0	124.0	97.0	83.0	101.0	144.0	176.0	169.0	160.0	163.0	172.0	174.0	167.0	153.0	134.0	113.0	
114.0	109.0	112.0	122.0	133.0	147.0	155.0	158.0	165.0	159.0	143.0	126.0	152.0	169.0	170.0	162.0	163.0	160.0	117.0	81.0	77.0	88.0	104.0	133.0	147.0	171.0	184.0	181.0	161.0	152.0	154.0	162.0	160.0	144.0	124.0	132.0	
146.0	123.0	112.0	116.0	123.0	138.0	148.0	151.0	157.0	146.0	127.0	137.0	162.0	172.0	172.0	174.0	180.0	188.0	181.0	160.0	133.0	145.0	172.0	182.0	187.0	190.0	186.0	185.0	177.0	167.0	155.0	157.0	158.0	143.0	123.0	146.0	
202.0	166.0	120.0	115.0	116.0	128.0	141.0	145.0	152.0	140.0	131.0	145.0	156.0	165.0	171.0	172.0	178.0	187.0	203.0	205.0	196.0	192.0	193.0	190.0	189.0	184.0	182.0	173.0	172.0	175.0	167.0	161.0	157.0	140.0	122.0	165.0	
230.0	204.0	133.0	111.0	114.0	122.0	133.0	146.0	154.0	143.0	141.0	150.0	149.0	148.0	152.0	155.0	161.0	174.0	188.0	194.0	191.0	183.0	181.0	185.0	184.0	178.0	175.0	171.0	174.0	177.0	179.0	170.0	157.0	142.0	136.0	192.0	
238.0	224.0	152.0	107.0	115.0	125.0	130.0	147.0	156.0	153.0	148.0	147.0	130.0	107.0	100.0	116.0	122.0	136.0	135.0	145.0	142.0	140.0	133.0	140.0	140.0	139.0	136.0	152.0	162.0	175.0	187.0	177.0	156.0	143.0	157.0	210.0	
241.0	234.0	179.0	104.0	110.0	130.0	130.0	144.0	159.0	164.0	152.0	143.0	113.0	67.0	79.0	132.0	139.0	142.0	124.0	116.0	114.0	114.0	99.0	94.0	77.0	71.0	95.0	127.0	160.0	179.0	187.0	173.0	155.0	152.0	184.0	229.0	
243.0	240.0	200.0	104.0	98.0	127.0	133.0	141.0	163.0	174.0	157.0	147.0	136.0	111.0	89.0	119.0	142.0	152.0	143.0	135.0	134.0	144.0	150.0	148.0	113.0	123.0	163.0	167.0	178.0	186.0	183.0	163.0	156.0	162.0	202.0	240.0	
245.0	244.0	208.0	108.0	79.0	121.0	140.0	139.0	156.0	174.0	167.0	155.0	162.0	167.0	135.0	135.0	165.0	180.0	189.0	190.0	188.0	191.0	192.0	187.0	168.0	171.0	186.0	187.0	185.0	190.0	183.0	159.0	155.0	163.0	203.0	238.0	
237.0	224.0	165.0	80.0	60.0	99.0	130.0	136.0	145.0	167.0	172.0	157.0	162.0	168.0	158.0	156.0	175.0	181.0	191.0	199.0	198.0	189.0	180.0	179.0	174.0	173.0	181.0	185.0	186.0	189.0	178.0	158.0	155.0	153.0	187.0	212.0	
200.0	138.0	67.0	43.0	48.0	78.0	125.0	134.0	137.0	156.0	163.0	157.0	161.0	158.0	150.0	144.0	164.0	175.0	177.0	182.0	183.0	177.0	168.0	166.0	165.0	169.0	177.0	180.0	185.0	186.0	171.0	157.0	155.0	142.0	173.0	160.0	
84.0	37.0	20.0	39.0	61.0	63.0	113.0	139.0	130.0	146.0	159.0	159.0	159.0	154.0	142.0	135.0	143.0	154.0	162.0	170.0	170.0	165.0	157.0	157.0	162.0	170.0	175.0	179.0	185.0	184.0	166.0	158.0	149.0	133.0	184.0	141.0	
24.0	19.0	18.0	51.0	88.0	52.0	86.0	137.0	134.0	140.0	159.0	165.0	160.0	156.0	146.0	133.0	134.0	145.0	147.0	147.0	143.0	140.0	142.0	151.0	164.0	174.0	178.0	183.0	187.0	183.0	165.0	159.0	135.0	133.0	204.0	143.0	
16.0	14.0	12.0	53.0	118.0	64.0	60.0	103.0	135.0	138.0	157.0	166.0	165.0	160.0	156.0	138.0	122.0	118.0	113.0	109.0	114.0	125.0	145.0	162.0	172.0	178.0	181.0	184.0	186.0	178.0	162.0	156.0	128.0	155.0	218.0	158.0	
14.0	17.0	14.0	49.0	138.0	100.0	50.0	76.0	130.0	141.0	154.0	159.0	167.0	171.0	168.0	155.0	142.0	132.0	133.0	136.0	148.0	168.0	180.0	181.0	183.0	186.0	189.0	187.0	180.0	165.0	153.0	137.0	124.0	180.0	224.0	169.0	
12.0	12.0	15.0	52.0	144.0	136.0	75.0	52.0	97.0	130.0	135.0	151.0	162.0	177.0	172.0	171.0	174.0	171.0	173.0	181.0	184.0	187.0	195.0	197.0	192.0	194.0	192.0	185.0	170.0	148.0	134.0	110.0	125.0	202.0	226.0	184.0	
11.0	15.0	12.0	41.0	136.0	158.0	116.0	63.0	53.0	103.0	123.0	133.0	152.0	166.0	176.0	178.0	185.0	191.0	194.0	194.0	193.0	193.0	195.0	194.0	193.0	194.0	187.0	176.0	157.0	132.0	109.0	98.0	146.0	216.0	225.0	193.0	
9.0	10.0	14.0	33.0	124.0	167.0	141.0	96.0	52.0	63.0	99.0	111.0	133.0	155.0	171.0	177.0	182.0	191.0	195.0	193.0	190.0	191.0	190.0	190.0	190.0	186.0	176.0	163.0	139.0	118.0	93.0	112.0	181.0	224.0	225.0	188.0	
8.0	11.0	14.0	27.0	109.0	175.0	157.0	128.0	82.0	40.0	53.0	79.0	97.0	138.0	156.0	169.0	174.0	183.0	192.0	194.0	191.0	190.0	191.0	190.0	188.0	176.0	160.0	143.0	114.0	99.0	97.0	152.0	211.0	225.0	222.0	179.0	
