19.333334	20.666666	16.666666	13.666667	26.666666	55.0	89.666664	119.333336	134.0	145.66667	151.66667	153.66667	157.66667	161.66667	166.0	168.33333	169.66667	174.66667	178.33333	177.66667	176.0	176.33333	174.33333	174.0	177.33333	177.33333	173.0	162.33333	146.33333	132.33333	125.666664	102.666664	80.333336	67.0	47.333332	25.333334	
18.0	18.333334	14.0	16.666666	41.333332	77.666664	110.333336	133.66667	143.66667	152.33333	157.66667	160.0	164.0	167.66667	170.66667	173.33333	174.66667	176.33333	179.0	181.0	179.0	178.33333	178.33333	179.66667	184.0	184.66667	181.33333	175.33333	161.33333	150.66667	144.33333	115.333336	87.0	69.666664	50.0	27.333334	
15.0	12.666667	10.666667	21.666666	56.333332	95.0	121.666664	142.66667	151.66667	157.0	161.33333	164.66667	169.33333	173.0	175.33333	177.33333	178.66667	178.33333	182.0	185.33333	184.33333	182.0	180.33333	183.33333	185.66667	185.0	181.33333	179.0	170.66667	162.0	157.33333	126.666664	95.0	71.0	49.0	29.666666	
13.0	9.0	10.333333	32.666668	75.666664	110.666664	132.33333	151.33333	159.33333	161.0	164.66667	170.0	174.0	177.66667	180.0	181.33333	182.33333	182.66667	187.0	189.66667	188.0	185.33333	185.0	185.66667	187.0	186.0	182.66667	181.33333	178.0	172.66667	167.33333	139.0	101.333336	70.333336	48.0	29.333334	
11.666667	9.0	15.333333	46.0	91.333336	122.333336	140.33333	156.0	164.33333	166.66667	169.0	173.33333	177.33333	180.66667	182.66667	184.33333	184.33333	186.66667	188.66667	188.33333	186.0	186.33333	186.0	187.66667	187.33333	187.33333	186.0	182.66667	182.33333	180.33333	173.0	150.0	107.333336	71.666664	48.333332	28.666666	
9.0	8.666667	23.0	62.333332	106.0	132.0	147.0	161.0	169.33333	171.33333	173.0	177.33333	181.33333	183.66667	185.33333	185.0	185.33333	187.33333	189.33333	188.0	185.0	184.66667	184.66667	186.66667	186.66667	186.66667	186.0	184.33333	184.66667	181.66667	172.66667	150.0	110.666664	77.666664	47.666668	26.333334	
8.333333	9.666667	30.333334	76.666664	116.333336	137.66667	152.0	164.33333	171.0	173.66667	175.66667	178.66667	182.0	183.66667	184.0	184.33333	185.0	187.0	188.66667	186.33333	184.0	182.66667	184.66667	185.66667	186.0	185.33333	182.0	180.33333	183.0	181.33333	169.33333	147.66667	111.666664	76.0	44.666668	25.666666	
8.0	10.666667	36.333332	88.333336	122.0	141.66667	155.33333	165.33333	171.0	175.0	177.33333	178.66667	180.66667	183.0	182.66667	183.66667	185.66667	186.33333	187.66667	185.66667	183.0	182.66667	183.66667	184.66667	185.33333	184.66667	181.0	180.33333	183.33333	183.33333	172.0	155.0	122.666664	80.333336	43.0	25.0	
7.6666665	11.333333	41.333332	98.0	128.33333	145.66667	158.33333	168.33333	173.33333	177.0	178.66667	179.33333	181.66667	183.66667	183.33333	183.66667	185.33333	186.33333	186.33333	185.0	182.33333	182.0	183.0	184.66667	184.33333	183.66667	182.33333	179.33333	180.0	180.33333	175.0	165.66667	141.66667	97.0	47.666668	24.333334	
7.6666665	12.333333	45.333332	102.666664	133.0	149.0	161.0	169.66667	175.33333	178.33333	179.66667	178.66667	182.0	184.66667	182.66667	184.33333	185.66667	186.0	186.0	182.66667	180.33333	181.33333	182.33333	182.33333	182.66667	181.0	179.0	179.33333	178.33333	178.66667	177.0	171.66667	156.33333	123.0	72.0	32.0	
9.666667	12.0	47.333332	103.666664	133.0	149.66667	160.66667	170.66667	175.33333	176.66667	179.66667	181.33333	182.66667	184.66667	181.66667	182.33333	183.66667	185.0	186.33333	184.33333	182.0	181.0	182.33333	182.66667	181.66667	180.0	178.0	177.66667	177.0	177.0	175.0	171.33333	162.66667	140.33333	99.666664	51.333332	
5.3333335	13.333333	51.333332	96.666664	119.666664	143.66667	162.33333	174.0	175.33333	174.0	175.33333	178.66667	180.33333	182.33333	182.66667	184.66667	185.33333	183.0	182.0	182.0	181.66667	181.33333	184.66667	186.66667	183.0	178.33333	176.33333	176.33333	175.66667	174.66667	172.33333	170.33333	165.33333	154.0	126.666664	77.333336	
7.3333335	13.666667	49.333332	88.666664	109.333336	130.33333	147.33333	162.0	169.66667	175.33333	177.0	178.33333	179.0	181.66667	184.0	184.0	183.33333	181.33333	181.0	181.66667	182.33333	181.66667	175.33333	167.33333	163.33333	162.0	161.0	162.66667	165.0	166.0	166.66667	168.0	165.33333	157.0	145.66667	106.666664	
7.3333335	13.333333	61.333332	107.333336	122.0	129.66667	132.0	135.0	143.0	156.33333	170.33333	179.33333	180.0	181.33333	184.33333	180.66667	177.66667	179.0	176.0	168.33333	160.33333	150.33333	146.33333	144.33333	149.33333	155.66667	160.0	163.0	164.0	165.33333	165.33333	167.33333	166.0	157.0	153.33333	131.0	
7.0	18.666666	81.666664	134.33333	146.33333	152.66667	148.33333	139.0	133.33333	134.33333	149.66667	164.0	172.33333	181.33333	185.33333	182.33333	175.66667	171.33333	158.66667	140.33333	128.0	128.66667	139.66667	151.33333	161.0	166.0	171.0	174.33333	175.33333	174.66667	171.33333	168.0	165.66667	158.66667	155.0	145.66667	
8.0	21.666666	79.666664	123.333336	136.66667	144.33333	146.0	146.66667	145.33333	142.66667	150.66667	157.33333	170.33333	183.33333	186.66667	184.0	173.66667	166.33333	155.66667	147.33333	143.66667	143.33333	151.0	154.33333	155.0	157.0	154.66667	157.0	163.33333	164.66667	168.0	170.33333	169.66667	165.66667	160.0	154.66667	
8.666667	21.333334	70.333336	94.0	91.333336	94.333336	101.0	110.666664	122.666664	136.0	150.66667	157.66667	164.0	175.33333	185.66667	186.66667	178.66667	170.0	158.33333	152.0	145.0	136.0	127.666664	122.0	121.333336	125.333336	127.333336	129.33333	136.0	145.0	159.0	170.33333	171.33333	169.0	164.33333	161.66667	
8.333333	20.666666	67.0	76.666664	52.0	45.333332	49.333332	50.666668	62.333332	89.666664	123.333336	148.0	155.66667	167.33333	182.0	183.66667	177.33333	170.66667	161.0	151.33333	130.33333	102.333336	73.666664	62.0	62.666668	66.666664	69.333336	73.666664	90.333336	122.0	151.66667	167.66667	172.33333	173.66667	168.33333	165.0	
9.0	22.333334	73.333336	90.333336	71.0	65.666664	65.333336	54.666668	57.333332	70.333336	99.666664	136.33333	153.33333	161.0	175.33333	179.66667	176.33333	168.66667	159.66667	147.0	114.333336	73.0	55.0	61.666668	72.666664	83.333336	87.666664	89.0	105.666664	136.33333	161.66667	175.33333	180.66667	182.0	172.0	164.66667	
11.333333	29.0	85.333336	115.0	115.333336	115.333336	115.333336	109.666664	113.0	113.666664	121.666664	143.33333	150.0	152.33333	169.0	179.0	177.0	170.0	163.0	154.33333	131.0	108.0	108.666664	121.333336	131.0	141.0	149.0	151.66667	156.66667	166.33333	177.33333	182.0	181.33333	181.66667	172.33333	165.0	
11.666667	34.666668	96.666664	127.0	139.33333	153.33333	158.33333	154.66667	154.0	150.66667	148.0	150.66667	148.66667	153.33333	167.0	176.66667	175.33333	169.66667	165.0	163.33333	157.33333	150.33333	154.0	161.66667	168.33333	173.0	175.0	175.66667	175.33333	176.33333	181.33333	182.66667	179.33333	178.33333	170.66667	162.33333	
12.333333	44.333332	108.0	134.0	147.66667	163.33333	168.0	166.66667	165.66667	161.0	156.0	151.66667	148.33333	153.66667	164.66667	174.0	174.0	169.33333	167.33333	166.66667	165.33333	164.66667	166.33333	170.66667	176.33333	181.33333	182.33333	181.33333	181.0	180.0	184.33333	185.0	180.33333	173.33333	163.33333	156.33333	
16.333334	55.666668	121.666664	145.66667	158.0	167.0	167.66667	169.0	168.0	163.33333	159.66667	152.33333	150.33333	156.66667	165.0	175.0	175.33333	171.33333	171.0	171.66667	171.33333	173.0	172.0	171.33333	175.0	178.0	180.66667	181.66667	182.66667	181.66667	185.0	187.0	179.0	168.33333	159.0	153.66667	
17.0	60.333332	131.0	155.66667	164.0	169.33333	167.0	167.66667	167.66667	164.0	162.66667	151.0	149.66667	158.33333	166.66667	177.0	179.33333	176.33333	175.33333	177.33333	177.0	177.66667	175.0	174.0	174.66667	176.0	179.66667	183.0	184.0	183.0	184.33333	184.0	174.66667	162.66667	157.33333	152.66667	
14.333333	58.333332	133.66667	158.33333	163.66667	168.0	163.33333	163.66667	163.66667	163.66667	162.0	148.33333	147.33333	158.0	166.0	177.66667	180.33333	177.66667	177.66667	178.33333	176.66667	175.33333	174.33333	175.66667	176.66667	177.0	182.66667	185.66667	185.66667	182.66667	180.66667	176.33333	165.33333	157.0	155.0	151.33333	
14.666667	53.666668	129.0	156.0	161.0	163.0	161.0	160.0	159.0	162.66667	159.0	146.66667	143.0	156.0	168.0	175.33333	178.0	175.33333	175.66667	176.66667	174.0	170.0	166.0	170.0	174.0	176.33333	180.0	181.33333	181.33333	178.66667	176.0	170.0	162.33333	157.66667	155.66667	148.33333	
14.333333	41.0	116.0	152.33333	160.33333	162.66667	161.33333	162.0	163.66667	163.0	156.33333	148.33333	148.66667	159.33333	169.66667	174.33333	175.0	168.0	164.0	167.0	173.66667	171.66667	164.33333	166.33333	171.66667	176.66667	177.66667	177.0	179.33333	177.66667	172.66667	166.0	160.33333	157.66667	154.0	147.0	
15.333333	29.666666	102.0	151.33333	160.0	163.33333	162.66667	164.33333	165.0	156.0	148.66667	150.66667	158.0	166.33333	173.66667	175.0	171.33333	165.33333	159.66667	157.66667	165.33333	168.33333	167.33333	170.0	173.0	174.66667	173.0	174.0	176.66667	174.33333	168.0	163.0	159.33333	156.33333	152.66667	146.0	
14.333333	23.333334	82.666664	146.0	161.0	164.66667	166.66667	168.33333	168.0	158.66667	150.0	155.33333	167.33333	174.66667	179.0	179.0	171.66667	169.0	168.0	157.66667	154.66667	162.66667	172.0	176.66667	177.33333	174.0	170.33333	171.66667	172.66667	169.33333	163.33333	161.0	159.66667	156.66667	153.0	146.33333	
11.333333	15.666667	55.333332	131.33333	160.33333	165.0	171.33333	172.66667	169.0	163.0	158.66667	162.66667	172.0	178.33333	177.66667	173.0	157.33333	153.66667	167.66667	165.66667	156.0	163.33333	175.33333	178.33333	179.0	175.0	170.33333	169.33333	168.66667	165.33333	161.0	160.0	160.66667	158.33333	155.0	148.0	
8.333333	11.0	36.0	108.0	158.33333	166.33333	173.66667	172.33333	167.0	160.66667	154.33333	154.66667	160.0	163.66667	160.33333	151.33333	135.33333	133.66667	151.66667	161.66667	160.66667	166.0	174.0	176.33333	176.33333	176.33333	171.66667	170.0	167.33333	164.0	161.33333	161.33333	161.66667	158.66667	155.33333	150.0	
8.666667	10.0	21.0	75.0	147.0	167.33333	173.66667	172.66667	167.33333	159.33333	151.33333	149.66667	154.0	156.66667	155.66667	153.0	152.33333	153.33333	157.33333	161.0	164.33333	168.66667	173.33333	175.33333	175.66667	173.66667	170.33333	169.66667	167.33333	164.33333	163.0	162.33333	160.33333	158.0	156.0	152.33333	
8.666667	9.666667	11.666667	44.0	126.333336	164.33333	172.66667	172.0	165.66667	157.66667	152.33333	153.33333	158.66667	162.66667	162.0	162.0	166.0	166.33333	163.66667	162.66667	165.66667	169.33333	173.33333	175.66667	176.33333	173.66667	170.0	169.0	167.0	164.66667	162.33333	161.66667	160.33333	158.33333	157.66667	155.0	
7.6666665	8.666667	10.333333	29.0	103.666664	157.33333	170.0	170.0	163.0	157.66667	153.33333	155.33333	159.33333	164.0	164.0	166.66667	169.33333	168.66667	170.0	171.0	169.0	168.33333	172.33333	176.33333	176.0	174.66667	169.66667	168.66667	166.33333	163.66667	161.66667	161.33333	160.66667	159.33333	159.33333	154.33333	
6.6666665	6.6666665	9.0	19.333334	83.333336	147.33333	166.66667	167.0	162.33333	159.0	156.33333	156.33333	157.0	160.66667	163.66667	166.33333	167.33333	168.33333	172.33333	174.66667	171.66667	168.66667	173.0	177.66667	177.66667	176.0	170.66667	168.33333	165.66667	163.66667	161.33333	161.33333	161.66667	160.0	159.0	153.0	
6.0	5.6666665	5.3333335	11.333333	65.666664	136.66667	162.66667	163.0	162.0	159.0	152.66667	145.0	143.0	147.0	152.66667	153.66667	154.33333	159.33333	164.66667	169.33333	171.0	168.66667	172.33333	177.0	176.66667	176.66667	171.0	168.33333	165.66667	163.66667	162.0	162.33333	163.33333	160.33333	157.33333	151.0	
6.3333335	5.6666665	7.3333335	9.666667	49.0	120.666664	159.0	161.33333	161.66667	148.33333	132.66667	121.0	120.333336	125.333336	131.33333	132.0	129.66667	132.66667	141.0	151.33333	156.33333	158.66667	167.0	171.66667	171.0	172.33333	169.33333	167.33333	166.66667	164.0	163.0	164.33333	166.33333	161.33333	154.33333	146.33333	
5.6666665	6.0	6.6666665	7.6666665	28.0	99.0	154.0	163.66667	157.33333	132.0	109.0	102.666664	103.0	104.666664	110.333336	110.666664	107.333336	108.0	110.666664	114.0	117.0	130.0	147.0	161.66667	167.33333	169.66667	169.0	167.33333	165.66667	163.66667	162.66667	163.33333	161.66667	162.33333	149.33333	125.333336	
6.0	5.0	6.0	7.3333335	14.333333	64.666664	131.66667	158.66667	157.33333	143.33333	123.0	111.666664	109.0	113.666664	121.333336	123.666664	120.333336	116.333336	113.0	112.0	115.666664	131.0	146.0	158.33333	165.66667	169.33333	168.33333	164.66667	163.0	162.66667	160.66667	158.66667	155.66667	147.66667	138.33333	95.333336	
7.3333335	3.6666667	5.0	6.3333335	9.0	30.666666	96.333336	151.66667	160.33333	157.33333	145.33333	134.33333	130.0	136.66667	144.0	144.33333	142.0	139.66667	137.33333	140.0	149.66667	158.33333	161.0	163.66667	164.66667	167.33333	165.33333	161.33333	159.33333	160.0	157.0	150.0	146.66667	132.33333	125.666664	69.666664	
6.3333335	3.6666667	6.0	3.6666667	6.3333335	12.666667	57.0	128.33333	157.0	159.66667	153.66667	149.66667	146.66667	147.33333	148.66667	148.33333	149.33333	152.33333	151.66667	154.0	162.0	163.66667	162.66667	163.33333	164.33333	165.33333	164.0	158.33333	155.33333	156.33333	152.33333	143.0	134.33333	132.0	119.666664	56.0	
6.3333335	5.0	5.3333335	2.6666667	4.6666665	7.0	26.666666	89.333336	145.33333	157.0	154.33333	156.0	154.33333	153.0	151.0	151.0	154.0	159.33333	160.33333	161.66667	165.33333	164.0	162.66667	164.0	164.33333	161.33333	160.0	158.33333	154.0	147.33333	140.0	134.66667	131.66667	137.66667	117.0	46.333332	
5.3333335	5.3333335	4.3333335	3.3333333	3.6666667	5.0	10.0	42.666668	110.333336	153.0	154.0	157.0	154.66667	156.66667	158.33333	162.0	165.0	166.0	165.66667	165.33333	167.33333	165.66667	163.66667	163.66667	162.66667	159.33333	157.0	152.33333	144.33333	133.66667	130.0	133.0	137.66667	140.0	110.0	36.0	
5.3333335	5.0	4.3333335	3.6666667	3.6666667	6.0	6.3333335	17.666666	66.333336	133.0	152.33333	161.33333	160.66667	164.33333	166.0	171.0	174.33333	172.0	170.33333	170.0	172.0	169.0	166.33333	165.33333	160.33333	152.33333	145.0	138.0	132.33333	127.333336	129.33333	136.0	142.0	139.0	98.333336	28.333334	
4.6666665	5.6666665	4.3333335	3.6666667	3.6666667	5.6666665	5.0	9.666667	31.333334	100.333336	143.66667	159.0	163.33333	169.33333	170.0	171.66667	173.33333	170.66667	171.66667	173.0	173.33333	170.0	165.33333	160.33333	150.33333	137.33333	129.0	128.0	130.0	130.66667	134.0	138.0	141.33333	135.66667	88.0	22.666666	
5.3333335	5.6666665	4.0	3.3333333	3.3333333	5.3333335	4.6666665	6.3333335	15.666667	70.0	127.666664	148.33333	154.66667	163.33333	166.66667	169.33333	167.33333	166.66667	169.33333	170.33333	167.66667	162.66667	152.33333	143.33333	138.0	133.33333	132.33333	134.0	135.0	134.33333	135.33333	139.0	140.66667	130.66667	81.666664	20.0	
6.6666665	6.0	4.3333335	3.6666667	3.3333333	3.3333333	4.0	6.3333335	10.0	37.666668	100.333336	141.66667	143.0	150.66667	156.33333	159.66667	159.0	158.33333	160.0	158.0	152.66667	146.0	138.0	134.66667	136.66667	141.0	143.0	143.0	138.33333	135.66667	135.0	140.0	141.33333	127.666664	77.0	17.333334	
8.333333	7.3333335	6.3333335	6.0	6.0	4.3333335	3.6666667	8.0	10.0	16.333334	63.333332	124.666664	141.0	144.33333	144.0	145.33333	143.66667	142.66667	143.0	140.33333	137.0	137.0	138.66667	142.66667	145.66667	147.33333	145.33333	143.0	138.0	136.33333	138.33333	140.0	138.66667	124.0	68.666664	16.0	
9.0	8.333333	7.0	6.3333335	6.3333335	3.6666667	4.3333335	10.666667	11.333333	7.6666665	27.333334	79.666664	132.33333	148.33333	145.66667	146.66667	145.0	143.33333	144.66667	145.0	143.0	143.33333	145.66667	148.66667	151.0	152.0	147.33333	143.66667	137.66667	135.0	140.0	140.33333	135.33333	118.333336	61.333332	13.333333	
