67.333336	69.0	73.666664	82.333336	90.333336	99.0	101.333336	106.333336	106.333336	107.333336	110.0	111.0	113.0	112.666664	115.0	120.333336	120.333336	120.333336	120.0	117.666664	111.666664	112.333336	112.666664	111.333336	109.0	101.333336	96.666664	95.0	89.333336	79.666664	68.0	66.0	90.666664	119.0	118.0	115.333336	
75.0	77.0	79.333336	88.333336	97.0	100.666664	101.333336	102.333336	103.0	107.333336	115.333336	120.666664	125.0	128.66667	132.33333	137.0	139.0	138.66667	136.0	133.33333	127.333336	126.0	121.333336	119.333336	115.0	108.666664	100.0	93.666664	91.333336	86.0	75.333336	71.333336	76.333336	106.333336	120.666664	117.0	
78.333336	78.333336	84.666664	91.333336	98.333336	102.666664	102.333336	103.666664	107.0	110.666664	118.0	124.666664	131.0	138.0	144.0	148.0	149.33333	148.0	143.33333	141.33333	138.33333	133.0	126.333336	121.666664	115.666664	108.333336	101.333336	96.333336	94.666664	90.0	80.666664	76.666664	73.666664	89.0	115.333336	120.666664	
80.333336	79.333336	88.333336	92.333336	98.333336	104.666664	104.333336	107.0	110.666664	110.333336	113.666664	122.666664	131.0	139.66667	148.0	156.0	159.0	157.0	150.66667	143.33333	139.66667	134.33333	126.666664	123.0	116.0	105.333336	100.333336	98.666664	96.0	93.0	85.333336	81.333336	76.0	80.333336	104.666664	122.666664	
85.333336	85.666664	92.333336	94.0	96.0	103.666664	106.0	107.333336	111.333336	112.333336	111.333336	120.333336	133.33333	146.0	154.0	159.0	158.33333	155.0	149.0	142.66667	140.66667	135.33333	128.0	122.0	115.666664	107.666664	100.0	97.333336	96.333336	94.333336	88.0	83.0	79.333336	79.666664	95.333336	120.0	
88.0	89.0	92.0	93.666664	98.0	102.666664	107.333336	108.333336	112.666664	116.666664	118.333336	125.0	137.0	143.66667	147.66667	150.33333	152.33333	152.0	150.33333	145.33333	139.66667	133.33333	126.0	120.666664	115.666664	110.333336	104.0	98.333336	98.666664	97.333336	87.666664	81.666664	80.666664	83.333336	91.666664	113.666664	
90.333336	89.666664	92.0	95.0	94.333336	98.0	105.333336	109.333336	114.333336	116.0	122.333336	129.66667	133.66667	135.33333	134.66667	136.33333	140.33333	141.66667	140.66667	137.66667	136.33333	134.0	131.33333	128.66667	123.666664	119.333336	114.666664	105.666664	98.666664	97.333336	88.333336	79.666664	79.666664	87.0	91.333336	104.333336	
92.333336	91.0	92.0	91.333336	89.666664	97.333336	104.0	112.0	119.333336	119.666664	126.0	135.0	144.66667	148.66667	151.0	149.33333	146.66667	147.0	147.33333	149.0	149.66667	147.66667	149.0	145.66667	139.33333	136.0	129.33333	118.666664	107.0	100.333336	88.333336	79.666664	78.333336	89.666664	93.0	96.666664	
92.0	91.666664	89.0	84.666664	89.333336	100.666664	107.333336	113.333336	119.333336	124.333336	131.0	139.33333	153.0	161.0	165.0	166.66667	166.0	167.33333	173.66667	175.66667	173.0	167.33333	162.66667	160.66667	153.0	143.0	129.0	114.666664	102.0	94.666664	89.333336	83.333336	78.0	85.666664	88.0	91.666664	
91.333336	91.666664	87.0	84.666664	91.333336	102.0	104.333336	99.333336	101.666664	104.0	105.333336	117.333336	133.66667	144.0	152.0	155.0	156.0	163.33333	173.33333	172.0	166.66667	160.0	148.66667	137.0	123.333336	108.333336	89.666664	75.0	58.333332	56.666668	63.333332	74.666664	81.333336	86.0	80.0	82.0	
89.333336	90.333336	87.0	88.333336	93.333336	97.0	86.0	73.666664	66.0	60.333332	62.333332	59.0	64.333336	77.0	96.333336	121.666664	131.33333	134.0	143.66667	145.0	139.66667	131.33333	112.0	89.666664	74.0	56.0	63.666668	65.666664	63.0	62.0	51.333332	46.333332	62.333332	91.333336	85.666664	75.0	
88.333336	87.333336	92.333336	93.0	84.333336	67.666664	57.333332	61.0	71.666664	88.666664	91.333336	78.666664	69.0	65.666664	66.333336	85.0	102.666664	113.0	120.333336	126.0	121.666664	107.666664	87.0	74.0	66.333336	60.333332	75.666664	92.0	102.666664	98.333336	85.333336	64.666664	47.0	71.333336	90.666664	73.0	
81.0	86.0	96.0	88.666664	61.0	56.666668	72.0	89.666664	103.666664	111.333336	112.666664	105.666664	93.0	86.0	76.666664	71.666664	79.666664	95.333336	112.0	121.0	112.666664	92.0	72.666664	72.666664	81.0	95.0	112.0	112.0	108.666664	101.0	88.0	78.0	61.666668	52.0	80.666664	75.333336	
76.0	80.666664	94.0	72.0	52.333332	73.0	92.333336	105.333336	112.0	112.0	111.0	110.666664	104.666664	97.666664	89.333336	78.333336	71.666664	80.666664	107.333336	126.0	110.333336	80.333336	69.666664	88.0	105.333336	106.333336	101.333336	97.666664	92.333336	76.333336	65.666664	67.666664	63.333332	53.666668	73.666664	78.666664	
74.333336	79.0	84.666664	58.666668	56.0	68.666664	84.666664	88.333336	85.0	87.0	95.0	99.0	86.666664	81.0	90.0	89.666664	78.333336	78.666664	105.666664	140.0	115.666664	80.0	75.0	96.333336	97.333336	93.333336	105.333336	106.333336	95.0	74.666664	58.333332	51.666668	53.666668	49.333332	67.333336	82.666664	
72.333336	74.666664	71.0	55.333332	55.0	58.0	66.0	70.0	86.333336	106.0	106.0	92.333336	59.666668	60.0	78.333336	97.0	94.666664	87.666664	100.666664	134.33333	118.333336	85.0	89.0	104.0	95.333336	96.333336	114.666664	85.333336	38.0	24.0	33.0	43.666668	46.666668	47.0	62.666668	85.0	
69.0	67.333336	61.0	58.0	56.333332	56.333332	64.0	67.0	66.333336	80.333336	68.0	39.666668	23.333334	45.333332	72.0	111.0	109.666664	93.666664	96.666664	120.666664	121.333336	92.666664	101.0	105.666664	102.666664	127.0	157.66667	133.33333	51.666668	39.333332	42.333332	31.333334	40.666668	47.333332	60.0	84.666664	
66.666664	66.333336	65.333336	64.666664	58.666668	55.666668	47.666668	40.333332	66.333336	120.333336	122.0	75.666664	72.333336	100.0	100.333336	116.0	112.0	92.333336	99.0	120.0	126.666664	102.333336	100.0	117.333336	134.33333	138.0	133.66667	126.666664	105.0	84.666664	76.666664	62.0	61.0	62.666668	66.666664	83.333336	
66.333336	71.0	75.333336	79.666664	76.666664	75.0	72.0	78.0	96.333336	120.0	126.333336	120.333336	118.0	123.0	132.66667	127.666664	104.333336	92.666664	103.666664	121.666664	131.33333	114.666664	94.333336	113.333336	138.33333	143.33333	134.66667	118.666664	103.0	91.0	78.666664	73.666664	78.666664	78.333336	77.333336	84.333336	
66.666664	74.666664	83.666664	89.0	93.333336	92.333336	89.0	88.0	92.0	102.666664	112.333336	118.0	126.333336	133.66667	137.66667	126.0	99.666664	94.666664	102.0	115.666664	120.0	112.666664	98.666664	96.333336	123.666664	148.0	147.33333	134.0	116.666664	105.333336	95.0	89.0	85.333336	85.666664	84.666664	85.0	
67.666664	73.0	86.666664	92.666664	94.0	98.666664	105.0	108.666664	117.0	123.333336	129.33333	136.0	141.0	146.66667	142.66667	119.0	97.0	95.666664	98.333336	114.0	118.333336	117.0	116.0	106.333336	103.0	125.666664	140.66667	141.0	134.66667	127.333336	119.333336	110.333336	99.333336	89.0	85.666664	86.333336	
68.666664	70.666664	82.0	90.0	92.666664	100.333336	113.333336	121.0	130.66667	137.0	139.66667	143.0	148.33333	151.66667	138.33333	112.333336	99.0	92.666664	101.333336	123.0	130.33333	130.0	132.33333	124.666664	104.333336	111.333336	133.0	148.33333	147.0	142.0	139.0	128.0	112.0	92.333336	84.333336	84.333336	
71.333336	73.0	77.0	83.333336	90.333336	98.333336	112.666664	125.0	139.66667	150.33333	153.33333	155.0	158.0	157.66667	141.66667	116.333336	105.333336	92.333336	103.333336	124.333336	144.0	159.33333	150.33333	129.66667	112.666664	109.0	127.0	149.33333	154.66667	153.66667	152.33333	139.66667	122.0	99.666664	86.0	82.333336	
70.333336	72.333336	73.0	77.666664	85.666664	95.0	112.666664	131.66667	150.0	163.66667	169.0	168.0	163.0	157.66667	134.33333	107.333336	106.0	105.0	105.333336	115.666664	143.0	174.33333	159.33333	119.666664	99.333336	110.333336	115.0	136.33333	149.33333	158.0	155.66667	142.33333	125.666664	106.333336	93.0	84.0	
65.0	67.666664	69.666664	74.333336	81.333336	94.666664	110.0	129.0	149.0	164.33333	170.33333	163.66667	150.66667	142.33333	113.666664	99.0	110.666664	116.0	100.0	85.333336	102.333336	121.666664	116.0	89.333336	63.333332	84.0	90.333336	120.666664	136.0	149.66667	153.66667	141.0	122.333336	104.666664	96.0	87.666664	
65.333336	66.666664	68.0	74.333336	79.333336	94.0	105.0	121.333336	139.0	151.0	152.33333	143.66667	132.33333	128.33333	100.666664	78.0	86.666664	78.333336	54.333332	40.0	62.666668	77.666664	72.666664	47.333332	23.666666	33.333332	58.666668	95.666664	104.333336	127.333336	141.0	134.33333	116.333336	98.333336	89.333336	80.666664	
66.333336	67.333336	68.666664	73.666664	74.666664	84.666664	97.333336	113.333336	128.0	137.66667	132.0	118.0	110.333336	117.666664	99.333336	53.333332	37.666668	24.0	17.666666	20.333334	28.333334	35.0	31.0	27.666666	21.333334	23.333334	56.333332	87.0	86.666664	88.666664	114.333336	120.0	103.333336	87.0	74.0	65.0	
64.0	62.666668	64.333336	66.0	64.666664	73.333336	87.666664	104.333336	119.333336	125.333336	114.666664	98.0	104.666664	109.333336	94.333336	56.0	29.333334	33.0	53.0	72.666664	49.666668	28.333334	40.666668	55.0	57.666668	53.666668	69.666664	86.0	90.333336	81.0	75.333336	93.333336	90.333336	72.666664	57.333332	54.0	
63.333332	62.333332	61.666668	61.666668	62.0	65.333336	75.666664	94.0	106.0	106.0	85.666664	75.666664	94.0	100.666664	94.666664	79.666664	69.333336	69.333336	77.333336	89.333336	90.333336	93.333336	88.666664	74.333336	66.0	63.666668	74.666664	82.333336	84.0	82.0	78.333336	78.666664	76.333336	66.0	51.333332	47.0	
57.0	61.333332	64.0	61.333332	62.0	62.333332	71.666664	85.0	94.0	90.333336	75.0	86.666664	90.666664	91.0	89.0	82.666664	73.666664	71.666664	78.0	95.333336	111.333336	120.333336	117.666664	102.666664	83.333336	74.666664	75.0	77.666664	78.0	79.0	82.333336	90.333336	72.666664	63.0	52.0	46.666668	
55.666668	57.333332	61.333332	62.0	61.333332	61.0	68.666664	80.333336	91.666664	86.333336	90.333336	86.0	81.666664	80.0	83.333336	87.333336	85.333336	88.0	95.0	111.333336	124.333336	123.666664	114.0	96.0	83.666664	78.666664	79.333336	79.666664	74.666664	65.666664	74.0	92.333336	83.666664	67.333336	53.666668	46.666668	
51.0	54.0	59.333332	60.0	59.666668	61.333332	65.666664	76.333336	93.0	92.333336	85.333336	70.0	72.333336	77.333336	77.333336	77.0	76.333336	78.333336	85.0	94.333336	101.333336	101.333336	91.0	78.0	68.0	62.666668	59.666668	55.333332	53.666668	56.333332	67.333336	95.666664	91.666664	70.0	52.0	49.666668	
51.333332	54.666668	57.666668	56.666668	57.0	59.333332	64.0	77.0	94.333336	99.666664	75.666664	58.666668	47.333332	42.333332	43.666668	45.0	45.0	50.333332	57.0	73.0	85.333336	84.333336	82.666664	69.0	64.333336	54.333332	45.666668	27.666666	20.0	36.333332	74.666664	100.333336	92.666664	69.333336	48.666668	48.0	
52.333332	55.333332	54.333332	57.333332	58.0	59.666668	66.0	81.666664	99.666664	112.666664	91.666664	53.0	21.333334	16.666666	31.666666	78.333336	80.0	115.0	125.333336	140.0	157.0	123.333336	162.33333	169.0	167.66667	152.0	132.0	57.333332	15.666667	38.333332	85.333336	106.333336	92.666664	68.0	47.333332	52.0	
54.666668	55.0	51.333332	55.666668	60.333332	64.0	66.666664	81.0	100.666664	119.333336	105.666664	60.0	25.333334	47.0	92.333336	165.66667	188.33333	194.33333	212.33333	221.66667	233.66667	189.66667	222.33333	227.0	205.66667	186.66667	181.33333	126.0	46.666668	71.333336	100.0	102.666664	86.0	61.666668	46.0	60.0	
51.0	51.666668	48.0	51.666668	61.666668	67.666664	65.666664	73.333336	93.0	117.0	114.333336	94.666664	84.0	139.33333	168.0	167.66667	158.33333	134.0	148.33333	160.66667	167.66667	139.33333	154.0	154.66667	114.0	102.0	120.666664	112.333336	81.0	94.666664	102.666664	99.666664	79.333336	53.0	50.0	68.0	
52.0	48.333332	45.0	49.0	61.333332	69.333336	66.666664	68.666664	85.0	106.333336	117.0	115.0	107.333336	120.666664	122.666664	120.0	122.666664	117.333336	107.666664	96.333336	86.0	84.333336	93.666664	112.666664	128.33333	127.666664	111.333336	83.0	83.666664	95.333336	107.666664	95.0	74.0	51.0	50.0	77.0	
57.666668	46.666668	43.0	45.666668	55.333332	68.0	69.666664	68.666664	79.0	96.333336	112.666664	120.0	106.666664	94.333336	99.0	113.0	128.33333	131.33333	151.33333	167.33333	167.66667	164.66667	167.33333	168.66667	165.0	133.0	105.0	91.333336	88.333336	94.0	108.333336	88.0	63.666668	50.333332	50.333332	87.666664	
63.0	46.333332	42.0	42.0	48.0	62.333332	71.666664	72.333336	76.333336	88.0	103.333336	121.0	118.333336	100.0	93.0	89.666664	92.333336	98.0	119.666664	153.0	177.33333	190.0	192.66667	177.0	148.33333	110.333336	96.666664	93.333336	92.666664	99.0	108.666664	82.0	59.666668	51.333332	50.0	101.333336	
67.333336	45.333332	40.333332	38.666668	42.666668	54.666668	69.0	74.666664	76.666664	87.333336	101.666664	119.666664	129.33333	110.666664	92.333336	96.333336	96.0	102.333336	119.666664	136.66667	143.0	149.0	150.0	142.66667	127.666664	110.666664	94.666664	94.333336	96.333336	103.333336	101.333336	75.0	58.666668	50.333332	53.666668	116.333336	
65.333336	43.666668	37.0	35.333332	38.333332	47.666668	63.666668	73.333336	76.333336	87.666664	101.0	113.333336	128.33333	122.333336	98.666664	100.666664	112.0	118.666664	120.333336	124.0	127.0	130.66667	133.0	132.66667	122.666664	111.333336	103.666664	102.0	100.666664	105.333336	96.666664	68.333336	56.666668	45.666668	66.0	127.0	
62.333332	44.0	34.333332	32.0	35.666668	43.333332	55.666668	66.333336	72.666664	82.666664	98.666664	109.666664	119.0	122.0	107.666664	101.333336	109.666664	120.0	124.666664	122.666664	118.666664	117.0	115.333336	117.0	120.0	116.333336	107.0	98.0	99.666664	106.0	94.333336	67.666664	55.0	42.0	64.0	123.0	
60.333332	42.666668	31.333334	28.666666	33.666668	36.666668	47.0	57.333332	67.666664	75.0	91.0	106.333336	113.333336	116.666664	112.333336	108.0	112.666664	114.333336	109.666664	104.666664	94.666664	87.333336	85.333336	81.666664	84.0	92.333336	88.666664	88.666664	97.333336	103.666664	88.666664	66.0	48.666668	36.333332	36.333332	88.666664	
65.666664	43.0	28.666666	25.333334	29.0	31.0	41.0	52.333332	62.666668	69.333336	78.0	99.0	111.333336	114.0	115.333336	117.0	117.333336	115.0	114.333336	111.666664	101.0	80.333336	84.0	79.666664	86.0	93.666664	92.666664	94.0	101.333336	98.666664	82.0	57.0	44.666668	35.333332	17.333334	40.0	
65.0	48.333332	31.0	22.0	23.0	26.0	36.0	46.666668	55.333332	61.666668	66.0	78.666664	97.666664	112.333336	120.666664	125.333336	124.0	119.333336	123.333336	128.66667	124.0	97.666664	95.666664	96.666664	106.666664	105.0	99.666664	102.333336	99.666664	91.333336	73.666664	49.666668	41.666668	38.666668	10.0	11.666667	
64.666664	57.666668	42.333332	23.666666	18.333334	21.666666	29.666666	41.666668	51.0	54.333332	56.666668	65.0	86.666664	106.666664	116.0	127.0	129.0	121.333336	128.66667	130.33333	128.0	122.0	112.0	106.666664	106.666664	99.666664	100.0	102.666664	94.0	84.333336	61.666668	43.333332	44.333332	42.0	8.666667	5.6666665	
61.666668	63.666668	61.333332	43.666668	23.0	16.0	19.666666	31.0	40.666668	46.0	49.666668	49.333332	64.0	83.333336	100.666664	112.666664	121.666664	116.666664	114.666664	122.333336	131.0	141.0	129.66667	115.666664	103.0	94.333336	95.333336	93.666664	80.0	68.666664	50.0	38.0	47.666668	43.333332	9.0	4.3333335	
54.0	61.333332	69.333336	66.666664	40.0	14.666667	12.0	19.666666	28.333334	32.666668	39.666668	38.0	42.666668	56.666668	76.333336	90.0	100.666664	108.0	111.0	113.333336	125.0	126.0	124.333336	108.666664	101.666664	97.666664	90.333336	79.333336	55.666668	42.666668	36.666668	37.0	55.333332	42.666668	8.666667	5.6666665	
49.0	55.0	67.333336	73.666664	66.0	38.0	16.0	12.0	16.0	22.0	26.0	30.333334	28.333334	40.333332	52.0	63.666668	70.0	80.333336	91.666664	100.0	103.666664	99.0	90.666664	87.333336	92.0	85.333336	75.333336	60.333332	48.666668	36.666668	33.333332	42.0	57.333332	35.333332	7.6666665	5.3333335	
