135.33333	126.333336	126.333336	137.33333	143.33333	143.0	144.0	149.0	154.66667	158.33333	168.0	177.66667	176.0	177.0	173.66667	175.0	180.33333	181.33333	179.0	174.0	173.33333	178.66667	176.66667	170.33333	162.66667	154.66667	149.33333	144.66667	139.33333	130.33333	122.0	137.66667	174.33333	160.33333	82.666664	32.0	
151.66667	141.33333	136.33333	141.0	146.33333	142.0	140.0	149.66667	160.66667	162.66667	168.33333	177.33333	179.66667	184.33333	186.0	185.0	185.0	186.33333	186.0	180.66667	178.0	180.33333	179.0	172.0	167.33333	160.66667	155.33333	150.33333	141.0	134.66667	124.333336	131.33333	155.66667	156.33333	95.666664	30.666666	
155.66667	147.0	142.66667	144.33333	146.66667	141.66667	141.66667	153.66667	162.66667	164.0	168.0	177.0	185.0	187.0	187.33333	186.0	188.0	191.0	190.33333	185.33333	182.0	185.33333	181.66667	175.0	170.0	165.33333	161.66667	156.0	145.0	140.33333	130.0	128.33333	144.66667	148.0	123.0	44.0	
153.66667	148.0	142.0	142.33333	144.66667	143.66667	149.0	157.66667	162.66667	166.33333	169.66667	178.66667	183.0	184.0	186.33333	190.33333	188.0	189.0	189.33333	185.66667	178.0	180.33333	180.66667	176.66667	168.33333	163.33333	161.0	155.0	146.66667	140.33333	132.33333	128.33333	139.33333	140.33333	121.666664	40.666668	
157.0	152.0	145.0	142.66667	146.66667	147.66667	152.0	160.33333	163.33333	167.33333	172.33333	178.33333	186.66667	188.33333	188.66667	192.33333	190.66667	192.33333	192.33333	188.66667	183.0	182.66667	183.33333	178.0	171.0	166.66667	164.33333	156.66667	149.66667	143.33333	137.33333	131.66667	133.0	139.0	115.333336	34.666668	
153.33333	148.66667	147.66667	145.33333	151.33333	150.33333	155.33333	162.0	165.33333	168.0	170.33333	174.0	183.33333	185.66667	185.0	188.66667	190.0	191.33333	196.66667	192.0	184.66667	184.33333	181.66667	179.0	172.0	166.33333	166.0	160.0	151.66667	144.33333	140.0	132.33333	131.33333	136.0	116.0	47.666668	
143.0	142.0	148.33333	148.0	149.33333	152.66667	162.33333	166.0	169.66667	171.0	172.33333	178.33333	185.33333	189.66667	186.66667	184.33333	183.33333	188.0	194.66667	194.66667	187.33333	185.0	185.0	180.33333	175.0	168.0	163.66667	159.66667	156.33333	148.66667	144.66667	135.0	130.0	133.66667	114.0	60.666668	
125.333336	136.33333	149.66667	148.0	146.33333	155.66667	167.33333	166.0	175.0	178.66667	178.66667	180.0	186.66667	194.33333	189.33333	188.0	187.0	186.0	192.33333	198.33333	188.0	181.0	184.66667	182.33333	178.0	170.33333	166.0	169.33333	166.0	154.66667	149.33333	144.33333	139.33333	139.66667	123.333336	55.333332	
125.666664	134.33333	148.0	148.0	150.33333	160.0	160.66667	163.66667	172.33333	179.0	183.66667	183.66667	188.33333	194.66667	190.66667	188.66667	190.33333	191.33333	195.33333	198.0	188.0	176.33333	179.33333	180.0	177.0	174.66667	175.33333	177.0	164.66667	159.0	159.0	155.33333	146.0	142.33333	132.66667	55.333332	
141.0	141.66667	148.0	151.66667	156.0	154.33333	150.66667	150.66667	142.66667	154.33333	171.0	182.66667	192.0	203.66667	203.66667	201.33333	200.66667	197.66667	199.33333	198.33333	192.0	180.0	179.33333	179.33333	177.0	178.33333	182.0	179.33333	169.66667	166.33333	160.33333	155.33333	133.66667	118.333336	123.666664	58.0	
143.66667	144.0	148.0	157.0	157.0	141.66667	135.0	115.333336	107.0	117.666664	135.33333	146.33333	144.0	163.33333	177.0	199.66667	209.66667	200.33333	201.66667	204.0	196.0	185.0	183.33333	182.33333	181.33333	183.33333	186.33333	180.0	166.66667	147.66667	136.33333	124.0	106.666664	87.0	99.666664	63.0	
144.33333	146.0	150.33333	157.0	149.0	132.0	134.66667	137.0	141.66667	151.0	148.33333	143.0	131.0	129.66667	138.33333	161.33333	189.33333	193.0	199.33333	204.0	198.33333	190.33333	188.0	186.33333	187.66667	190.0	189.66667	174.0	140.0	113.666664	103.666664	88.333336	81.0	76.333336	80.666664	61.666668	
150.66667	152.66667	154.0	154.0	139.66667	134.66667	154.66667	175.66667	180.0	186.33333	187.0	178.33333	167.66667	156.33333	148.66667	157.33333	173.66667	181.0	195.33333	201.0	197.33333	191.66667	189.66667	186.66667	188.0	186.66667	182.33333	163.0	138.0	127.666664	121.666664	120.333336	120.333336	111.333336	93.0	67.0	
153.33333	155.66667	156.0	154.0	140.0	142.0	160.33333	177.0	186.33333	197.0	201.33333	196.66667	188.33333	175.33333	169.66667	168.66667	173.0	177.0	185.33333	194.33333	198.66667	195.0	190.66667	184.33333	180.33333	177.33333	166.66667	157.33333	152.0	157.0	164.0	161.66667	151.0	135.66667	117.333336	83.0	
127.666664	149.33333	155.33333	155.66667	147.33333	143.66667	159.0	175.33333	184.33333	187.66667	188.33333	180.66667	175.0	170.33333	161.33333	156.0	158.66667	166.66667	178.0	187.0	194.33333	195.33333	189.66667	176.66667	167.33333	161.33333	150.33333	155.66667	165.33333	168.0	166.66667	159.0	149.33333	137.33333	125.0	96.0	
119.666664	118.666664	124.666664	138.0	140.66667	142.33333	158.33333	163.0	165.33333	157.66667	142.66667	139.0	143.33333	145.0	149.0	144.66667	137.66667	139.66667	152.33333	166.33333	183.66667	195.0	187.33333	167.66667	143.66667	135.33333	140.0	138.66667	117.333336	103.0	120.0	126.0	129.33333	130.33333	122.666664	113.666664	
145.0	143.66667	123.0	109.333336	135.33333	139.0	141.0	138.66667	125.666664	81.333336	74.666664	95.333336	153.0	148.0	137.0	129.0	129.33333	142.33333	149.33333	153.33333	163.33333	181.0	175.0	138.33333	111.333336	130.66667	132.0	97.333336	85.333336	74.666664	137.0	135.66667	104.666664	118.0	132.0	140.0	
144.0	149.66667	160.33333	166.33333	153.33333	125.333336	108.0	131.33333	128.0	86.333336	85.0	104.0	178.0	174.66667	150.33333	135.33333	144.66667	168.0	166.0	163.0	139.33333	157.33333	164.66667	124.666664	91.333336	126.666664	142.66667	110.333336	95.333336	94.0	156.33333	161.33333	125.666664	115.666664	137.0	152.66667	
142.33333	150.0	168.33333	177.33333	165.33333	138.66667	118.666664	144.0	163.33333	162.0	152.33333	145.0	158.0	151.66667	148.66667	143.0	149.33333	173.33333	172.0	152.66667	132.66667	178.66667	186.33333	149.33333	98.666664	114.666664	140.0	152.66667	150.0	143.33333	157.66667	156.33333	143.0	134.0	142.66667	152.33333	
137.66667	148.66667	167.33333	181.33333	176.33333	152.33333	146.0	170.66667	180.0	190.66667	191.66667	178.66667	170.0	163.66667	156.0	152.33333	156.0	168.33333	165.0	142.33333	153.33333	187.0	190.33333	163.66667	120.333336	136.66667	168.0	175.0	178.0	173.33333	171.66667	165.0	152.0	146.0	154.33333	165.66667	
136.33333	150.66667	171.33333	180.66667	182.33333	174.66667	161.33333	168.0	182.33333	194.66667	198.0	189.0	179.0	170.33333	166.66667	172.66667	175.0	172.0	161.0	155.33333	177.66667	186.0	185.33333	169.66667	138.33333	143.66667	173.33333	171.0	172.66667	175.0	178.0	168.0	155.0	144.33333	152.66667	165.33333	
136.0	154.33333	170.0	176.33333	184.66667	191.0	175.66667	170.66667	181.0	186.0	191.0	191.66667	188.66667	187.0	186.0	190.0	187.0	174.66667	161.0	166.0	177.33333	178.33333	179.33333	170.0	145.33333	137.33333	168.33333	176.33333	176.0	174.33333	174.66667	168.33333	157.66667	151.0	159.66667	160.33333	
134.66667	153.66667	165.33333	171.0	180.33333	189.33333	189.0	177.66667	179.33333	186.0	195.33333	203.0	201.33333	198.33333	193.0	191.33333	185.33333	173.33333	165.66667	168.66667	167.33333	170.0	169.66667	166.66667	149.66667	132.66667	154.0	178.0	181.0	181.66667	179.66667	168.33333	160.66667	165.0	167.0	159.33333	
132.66667	149.66667	162.0	167.66667	172.66667	180.66667	192.33333	187.0	178.66667	181.66667	187.33333	193.0	191.33333	192.0	193.0	188.66667	180.66667	174.66667	171.66667	164.0	160.33333	163.0	165.33333	167.66667	156.0	138.0	147.66667	175.33333	177.33333	178.66667	177.66667	172.0	168.0	165.33333	156.33333	142.33333	
123.666664	141.66667	160.33333	167.66667	170.66667	175.33333	189.0	196.66667	194.0	191.66667	189.33333	188.66667	188.66667	189.0	189.66667	181.0	176.0	175.0	168.66667	159.33333	164.33333	173.0	179.0	179.0	168.66667	153.33333	148.66667	176.66667	175.66667	175.0	177.0	176.33333	173.33333	160.66667	144.33333	123.666664	
119.333336	140.33333	160.33333	165.0	166.33333	172.0	185.33333	197.66667	205.0	208.0	206.0	200.66667	200.66667	200.66667	194.33333	173.66667	160.33333	162.0	163.33333	159.33333	170.33333	182.0	191.66667	195.66667	184.0	168.33333	151.66667	175.66667	181.33333	180.66667	183.0	182.0	179.0	167.0	146.0	113.333336	
122.333336	147.66667	163.33333	159.66667	160.33333	169.0	182.0	193.33333	204.66667	211.66667	209.66667	205.33333	202.0	194.0	176.66667	155.0	147.0	163.33333	167.66667	161.66667	170.0	182.33333	199.33333	209.33333	199.33333	181.33333	157.66667	163.33333	181.66667	182.33333	183.0	181.0	174.33333	160.66667	139.0	88.666664	
120.333336	149.66667	165.33333	158.66667	158.33333	169.0	181.0	188.66667	196.66667	204.33333	206.33333	203.0	193.66667	179.33333	164.66667	150.66667	147.66667	170.0	176.33333	172.33333	173.66667	179.66667	192.66667	203.66667	199.0	181.66667	156.0	144.66667	174.66667	182.0	179.33333	175.33333	167.0	157.33333	133.33333	70.666664	
122.666664	145.66667	162.0	161.33333	159.0	167.0	176.0	179.0	185.0	193.0	197.66667	194.33333	178.0	165.66667	175.33333	173.33333	154.0	169.66667	180.66667	177.33333	169.66667	170.0	176.33333	183.33333	181.33333	167.33333	144.33333	135.66667	164.66667	178.33333	177.33333	171.33333	164.0	150.0	125.666664	61.666668	
129.66667	147.66667	159.0	164.0	161.0	163.66667	169.0	174.0	178.0	182.66667	188.66667	183.0	167.33333	172.66667	186.66667	184.0	163.0	160.0	164.33333	164.0	161.33333	148.33333	150.33333	159.0	149.33333	138.0	132.66667	139.33333	160.0	174.0	172.66667	166.66667	152.66667	139.33333	119.0	54.0	
132.0	146.33333	157.66667	164.33333	166.33333	164.66667	167.0	170.33333	174.66667	180.33333	185.0	172.33333	171.66667	185.0	186.0	184.0	182.0	168.66667	163.0	172.66667	179.66667	160.66667	155.0	154.33333	136.33333	132.33333	134.0	140.33333	155.33333	167.33333	168.66667	162.0	145.33333	132.33333	114.666664	47.666668	
134.33333	149.33333	161.66667	165.0	168.0	166.66667	164.0	166.33333	171.66667	181.33333	178.0	171.66667	178.33333	181.66667	182.0	181.33333	182.66667	176.66667	173.66667	182.0	183.66667	172.0	182.33333	178.0	151.33333	137.33333	134.0	139.0	148.33333	160.66667	160.66667	156.0	141.0	128.33333	113.0	41.333332	
137.33333	150.66667	163.66667	169.33333	172.33333	170.33333	163.66667	163.66667	168.66667	172.0	171.0	173.33333	177.33333	177.66667	178.0	179.33333	178.0	178.0	179.0	188.0	183.33333	173.66667	187.66667	187.0	163.0	144.0	136.66667	136.66667	143.66667	154.0	149.66667	144.66667	135.0	128.33333	105.333336	35.333332	
138.0	150.33333	161.0	170.0	173.66667	171.66667	166.66667	167.66667	171.33333	167.0	169.0	174.66667	174.33333	172.33333	175.0	175.33333	178.0	184.0	186.66667	193.33333	184.33333	173.33333	186.0	193.33333	172.33333	149.33333	137.33333	129.0	134.0	146.66667	141.66667	139.66667	134.66667	130.66667	93.0	29.333334	
134.0	147.0	157.66667	168.0	174.0	169.33333	165.66667	172.0	174.0	168.33333	170.0	172.66667	168.66667	167.66667	172.0	177.66667	185.33333	190.0	192.0	194.0	184.0	170.0	176.66667	188.0	180.33333	157.66667	143.0	127.0	125.333336	139.33333	138.66667	144.0	139.66667	133.0	78.0	27.0	
133.0	144.0	153.66667	165.0	172.0	168.0	168.0	176.0	175.33333	166.0	169.33333	168.33333	160.0	162.33333	171.33333	174.33333	180.33333	183.33333	184.0	184.66667	184.0	178.66667	177.66667	179.66667	174.66667	161.0	148.33333	130.66667	122.0	137.66667	145.66667	157.33333	142.33333	128.66667	63.666668	29.0	
127.0	137.33333	150.33333	165.33333	173.33333	169.0	171.33333	178.66667	177.66667	162.33333	157.0	149.66667	136.0	127.333336	131.0	129.33333	140.66667	145.0	148.0	146.33333	149.66667	151.33333	154.66667	145.0	134.66667	126.0	118.666664	116.0	128.0	148.0	160.0	164.33333	141.0	120.0	48.333332	31.333334	
121.666664	131.33333	144.0	159.33333	168.0	165.66667	167.66667	177.33333	179.66667	163.0	155.0	160.0	158.33333	133.33333	119.333336	117.333336	143.33333	148.66667	169.66667	167.0	164.0	149.0	142.0	130.66667	110.666664	90.666664	93.333336	112.0	135.66667	157.33333	171.0	160.33333	138.33333	103.666664	33.333332	34.666668	
120.333336	125.666664	137.33333	152.33333	161.33333	161.33333	164.0	172.33333	177.0	167.33333	162.0	168.33333	176.33333	169.33333	155.33333	137.66667	136.33333	137.66667	146.66667	147.0	148.33333	149.33333	144.66667	126.666664	111.0	97.0	101.666664	116.666664	134.66667	156.33333	165.66667	153.33333	134.33333	77.333336	23.0	39.333332	
123.0	116.666664	129.33333	143.66667	156.33333	159.0	162.0	164.33333	170.0	170.0	167.33333	170.33333	176.33333	177.66667	179.33333	173.0	159.66667	152.66667	157.0	161.0	151.66667	147.0	149.33333	144.0	131.33333	115.0	112.0	121.666664	135.33333	152.33333	153.66667	145.33333	117.333336	43.666668	21.333334	42.666668	
134.33333	114.0	117.666664	131.33333	143.0	150.33333	155.66667	156.0	163.33333	168.33333	170.66667	171.66667	170.66667	172.33333	178.33333	184.0	185.33333	179.0	173.33333	169.66667	166.33333	161.33333	159.66667	152.66667	140.66667	128.66667	126.333336	120.666664	135.33333	149.33333	146.0	131.33333	80.666664	23.0	25.666666	44.666668	
147.0	124.666664	110.0	120.666664	132.0	141.33333	146.33333	148.33333	154.33333	161.0	167.66667	169.33333	166.66667	166.0	169.33333	176.33333	179.33333	179.66667	178.33333	171.66667	165.66667	160.0	155.66667	151.0	143.33333	138.0	127.0	120.666664	133.33333	139.0	133.33333	96.666664	32.666668	14.0	29.333334	47.666668	
144.33333	142.0	112.0	112.333336	124.666664	130.66667	136.33333	137.33333	143.33333	154.66667	160.66667	161.33333	164.0	163.66667	164.33333	170.66667	175.0	172.66667	167.0	160.0	152.66667	147.0	143.66667	141.66667	139.0	133.66667	126.333336	124.666664	129.33333	123.333336	91.333336	37.333332	10.333333	13.333333	30.666666	47.333332	
122.0	135.0	124.666664	109.0	120.666664	129.0	132.66667	129.66667	131.66667	145.33333	156.66667	163.33333	165.33333	162.66667	164.0	171.33333	176.33333	174.66667	170.66667	165.33333	159.66667	154.0	152.33333	152.66667	148.0	138.33333	128.66667	124.666664	117.0	84.0	33.333332	12.666667	10.333333	16.666666	34.666668	46.0	
80.666664	108.333336	125.333336	115.0	119.0	128.33333	133.33333	129.66667	125.0	133.33333	148.66667	160.0	166.0	164.33333	166.0	172.66667	175.33333	173.66667	171.0	169.66667	171.33333	166.66667	160.33333	158.0	151.0	143.0	133.0	121.0	90.333336	37.0	11.333333	10.666667	14.333333	26.333334	43.666668	50.333332	
50.0	68.666664	101.666664	114.333336	116.666664	126.333336	132.33333	129.66667	121.333336	123.333336	139.0	153.0	162.33333	164.33333	167.33333	173.66667	176.33333	180.0	182.33333	185.0	182.66667	174.33333	164.66667	155.66667	148.0	143.33333	130.33333	104.333336	52.666668	18.666666	11.666667	11.0	19.333334	37.0	49.666668	52.333332	
47.0	47.0	59.666668	92.666664	112.333336	123.333336	132.0	133.0	122.666664	115.333336	128.0	143.66667	156.0	161.66667	168.0	168.66667	173.66667	181.0	191.0	190.0	183.66667	175.33333	168.66667	158.0	146.0	136.66667	116.666664	67.666664	30.0	28.333334	26.666666	23.0	32.666668	47.666668	52.0	53.333332	
47.0	47.666668	47.0	80.666664	120.333336	111.666664	126.0	134.0	129.66667	115.333336	114.666664	126.0	144.33333	156.0	162.33333	164.66667	169.0	174.66667	183.33333	182.33333	177.0	170.0	165.66667	156.0	141.33333	130.0	89.0	41.0	33.333332	37.666668	39.333332	37.666668	43.0	52.0	54.333332	54.333332	
47.0	47.666668	51.333332	57.333332	123.0	148.66667	126.0	126.0	129.66667	119.666664	109.333336	107.666664	122.0	143.33333	155.33333	160.0	161.0	162.33333	166.33333	167.66667	169.0	165.0	159.0	146.33333	129.0	104.666664	46.0	27.0	38.666668	40.0	38.0	38.666668	43.333332	50.0	54.0	55.0	
