62.666668	60.666668	69.0	61.333332	58.333332	95.0	128.66667	141.66667	150.0	159.66667	165.66667	170.0	177.0	184.33333	187.33333	189.0	188.66667	189.33333	192.33333	191.66667	189.33333	189.33333	187.0	184.66667	182.0	178.66667	170.66667	165.33333	160.66667	154.66667	147.33333	130.33333	113.666664	93.666664	74.0	68.0	
62.333332	61.0	69.0	64.333336	83.0	120.333336	135.33333	147.0	156.33333	162.33333	167.33333	173.33333	178.33333	185.0	190.33333	191.66667	193.33333	196.0	200.0	203.0	198.33333	195.33333	192.33333	191.0	190.66667	188.0	179.33333	172.0	165.33333	158.66667	155.0	143.33333	127.333336	110.333336	90.666664	80.0	
82.0	77.333336	75.333336	83.333336	107.0	128.66667	140.66667	151.0	157.66667	165.0	170.33333	177.33333	181.0	187.0	194.0	195.0	198.66667	204.33333	206.0	204.66667	201.0	198.0	193.0	193.0	191.0	188.0	180.66667	175.0	171.0	164.33333	157.66667	150.0	139.0	121.0	112.666664	102.666664	
91.333336	88.333336	85.666664	100.666664	117.0	132.0	146.33333	153.0	156.33333	161.66667	167.33333	173.66667	178.66667	185.33333	191.66667	195.0	200.0	206.0	206.33333	204.0	199.33333	199.0	192.33333	188.33333	185.0	182.33333	178.33333	174.33333	171.0	168.66667	163.66667	156.33333	145.66667	129.66667	124.666664	115.333336	
100.666664	87.666664	100.333336	120.333336	131.0	138.33333	148.33333	151.0	152.33333	158.33333	167.0	174.66667	179.0	183.66667	189.0	191.0	195.0	200.33333	203.33333	203.66667	200.33333	197.66667	194.33333	187.33333	180.66667	177.66667	173.33333	174.33333	176.33333	171.66667	167.66667	159.0	153.66667	141.66667	135.33333	127.333336	
95.333336	88.0	122.333336	138.0	142.66667	143.33333	147.0	146.66667	151.66667	164.66667	177.33333	185.66667	185.33333	186.33333	187.33333	187.33333	188.66667	195.33333	200.66667	197.0	191.33333	189.0	190.33333	189.66667	186.33333	182.0	175.33333	170.33333	174.33333	168.0	168.33333	162.33333	161.33333	152.0	142.66667	136.66667	
88.333336	109.666664	140.66667	148.0	145.66667	144.0	146.33333	151.66667	165.0	181.0	192.66667	198.66667	199.0	197.33333	197.66667	194.0	191.66667	196.33333	198.33333	192.0	193.0	199.0	199.66667	200.66667	200.0	194.66667	190.33333	184.66667	180.66667	170.33333	165.0	166.66667	166.0	161.0	151.66667	149.0	
93.666664	128.66667	150.33333	150.0	148.66667	147.66667	154.33333	168.0	183.33333	194.66667	202.66667	206.66667	204.66667	206.0	207.66667	207.33333	202.66667	203.66667	202.0	197.33333	203.66667	209.0	212.66667	214.33333	213.0	207.0	202.33333	197.33333	188.0	176.33333	168.33333	165.33333	166.0	167.33333	159.33333	155.66667	
111.666664	138.33333	152.66667	151.0	147.33333	150.0	165.66667	173.33333	176.66667	178.0	184.0	196.66667	206.0	212.66667	220.66667	221.66667	217.0	213.0	205.0	198.0	213.0	223.0	228.66667	231.33333	224.33333	209.66667	201.0	198.0	187.0	177.0	177.0	169.33333	167.33333	170.0	166.0	161.33333	
131.0	148.33333	155.33333	149.66667	149.66667	155.0	155.66667	145.66667	142.0	152.0	167.66667	185.66667	204.66667	216.66667	225.33333	225.66667	226.66667	226.33333	218.0	205.0	225.33333	235.33333	237.66667	234.33333	216.66667	190.66667	172.66667	175.33333	180.0	173.0	179.0	177.66667	173.33333	169.66667	167.66667	163.33333	
139.66667	153.33333	153.33333	148.66667	152.0	147.0	141.66667	140.33333	149.66667	164.66667	182.66667	195.0	205.33333	217.33333	219.66667	221.0	228.0	229.66667	225.0	214.0	225.66667	229.0	226.66667	218.66667	200.66667	183.33333	166.0	157.33333	161.66667	166.33333	177.0	178.0	183.33333	176.0	170.66667	168.0	
143.66667	156.66667	150.66667	143.0	137.66667	136.0	153.0	167.0	176.0	186.33333	198.66667	205.33333	207.66667	214.66667	214.0	215.33333	225.66667	225.66667	224.33333	220.66667	219.0	214.66667	212.33333	213.33333	209.33333	202.66667	194.66667	184.66667	169.66667	161.66667	165.33333	171.66667	179.0	181.66667	174.33333	170.66667	
144.66667	151.66667	148.0	144.66667	145.0	151.33333	168.33333	180.33333	187.33333	193.33333	199.33333	208.0	213.66667	214.33333	212.33333	210.66667	218.66667	221.0	222.0	222.33333	217.33333	210.33333	211.0	211.33333	210.66667	205.0	199.33333	195.0	187.33333	174.66667	162.66667	174.0	179.33333	179.0	179.0	171.33333	
145.66667	147.66667	151.66667	155.66667	150.66667	158.33333	176.0	187.33333	197.33333	204.33333	202.66667	207.0	213.33333	215.33333	213.33333	207.33333	212.0	216.66667	219.33333	219.66667	213.33333	207.66667	210.33333	209.33333	203.33333	199.33333	202.0	204.33333	197.0	188.0	174.66667	172.0	178.0	183.66667	184.66667	174.33333	
151.33333	154.66667	162.66667	157.33333	147.0	164.0	181.0	183.33333	177.66667	168.0	169.66667	187.0	201.66667	208.33333	210.0	203.33333	202.66667	207.66667	213.33333	211.33333	204.66667	203.66667	206.66667	201.33333	194.33333	194.66667	201.33333	210.0	205.0	196.66667	184.0	175.0	174.33333	185.66667	188.0	177.66667	
152.0	161.66667	173.33333	157.33333	148.0	164.33333	152.0	142.0	110.0	97.0	117.333336	161.33333	174.66667	193.0	199.0	190.0	187.33333	197.0	199.0	195.0	195.0	195.33333	196.33333	189.0	177.33333	160.33333	137.66667	150.33333	171.0	189.66667	189.33333	179.33333	171.33333	187.0	192.66667	184.0	
152.0	165.0	179.0	161.0	142.33333	140.66667	128.0	149.66667	143.0	115.666664	142.33333	166.0	158.33333	179.33333	186.33333	178.33333	177.33333	187.33333	188.33333	183.0	183.33333	183.0	186.0	171.0	159.33333	154.33333	112.0	103.333336	133.66667	138.33333	151.33333	172.33333	163.66667	185.66667	195.66667	187.0	
150.66667	169.33333	176.66667	163.0	138.33333	140.66667	156.0	166.0	167.0	169.66667	171.33333	170.33333	178.33333	191.33333	183.66667	171.33333	173.66667	186.66667	190.66667	183.66667	172.66667	173.66667	182.66667	182.66667	173.33333	169.0	161.33333	155.66667	173.33333	165.33333	153.66667	158.66667	160.33333	181.66667	194.33333	189.0	
145.0	163.33333	167.0	159.66667	149.66667	153.33333	164.33333	178.33333	187.33333	194.33333	192.33333	197.66667	206.66667	201.33333	179.66667	168.66667	170.33333	183.33333	189.66667	184.66667	178.33333	175.33333	181.66667	193.66667	193.66667	188.0	191.66667	192.0	187.66667	182.66667	178.66667	167.66667	166.66667	182.66667	194.66667	189.0	
137.33333	152.33333	160.33333	161.33333	168.0	170.0	176.66667	187.33333	193.0	201.33333	206.66667	210.66667	209.0	191.66667	176.66667	168.33333	171.0	183.33333	189.33333	184.33333	186.66667	186.66667	184.0	190.33333	203.33333	204.0	201.33333	204.33333	198.33333	193.33333	190.33333	183.33333	179.33333	181.66667	187.0	186.0	
130.33333	152.33333	166.0	170.66667	182.33333	188.66667	190.0	195.33333	198.66667	201.66667	204.66667	204.33333	197.66667	188.33333	179.0	165.0	173.66667	187.66667	191.0	181.0	181.33333	190.33333	191.0	194.33333	197.0	199.66667	202.66667	205.0	203.33333	201.33333	201.0	196.66667	190.0	187.0	186.0	182.33333	
126.666664	156.33333	170.0	179.66667	190.33333	198.33333	200.33333	201.33333	203.33333	201.66667	197.66667	201.0	203.0	192.66667	174.33333	165.0	183.33333	196.66667	197.0	183.0	177.33333	189.33333	198.0	207.33333	203.0	197.0	195.33333	197.0	198.0	201.66667	203.33333	202.66667	198.66667	196.0	191.33333	181.33333	
125.0	157.33333	173.33333	184.33333	195.66667	203.0	205.66667	203.66667	201.66667	198.33333	203.33333	213.33333	213.66667	186.66667	163.66667	171.0	192.33333	202.0	199.33333	184.33333	174.0	184.33333	198.66667	212.66667	210.33333	206.0	204.33333	200.66667	200.33333	206.0	205.66667	204.66667	204.33333	199.66667	194.66667	182.0	
126.333336	155.33333	174.66667	184.66667	196.0	203.33333	204.66667	205.33333	203.33333	204.33333	214.66667	217.33333	202.33333	171.66667	163.33333	179.0	197.33333	202.66667	202.66667	189.66667	170.66667	175.66667	187.0	204.33333	210.0	208.33333	209.33333	207.66667	208.0	209.66667	206.66667	204.66667	201.0	200.33333	195.33333	180.66667	
130.66667	155.0	173.0	183.0	193.0	203.33333	206.33333	210.0	209.0	215.66667	219.33333	205.66667	184.33333	177.0	173.33333	187.33333	205.0	215.33333	211.33333	193.66667	179.66667	183.0	183.33333	190.33333	203.33333	210.33333	216.66667	215.33333	215.33333	215.0	211.66667	208.0	199.66667	198.0	192.33333	180.66667	
136.0	151.33333	169.66667	181.66667	191.33333	201.0	209.66667	218.66667	227.0	228.66667	212.66667	192.0	179.0	187.66667	180.33333	188.33333	205.0	208.33333	210.0	196.66667	187.33333	195.66667	192.0	185.33333	198.66667	204.33333	222.0	228.0	225.66667	221.33333	215.33333	209.33333	200.66667	197.33333	191.33333	183.0	
140.33333	153.0	167.66667	178.66667	189.0	198.33333	208.66667	223.0	233.33333	224.0	202.66667	193.0	179.33333	184.66667	173.0	167.66667	189.66667	188.66667	190.66667	185.66667	180.66667	190.66667	191.0	185.33333	200.0	196.0	219.0	237.66667	236.66667	226.66667	217.0	209.0	202.66667	198.33333	193.33333	184.33333	
143.0	157.66667	170.33333	175.33333	185.33333	198.0	208.0	219.66667	226.33333	212.33333	202.66667	199.66667	183.0	178.0	183.66667	184.0	186.66667	186.66667	190.33333	192.0	190.33333	187.33333	183.33333	193.0	209.33333	200.0	209.66667	232.33333	236.33333	225.0	215.66667	207.66667	202.0	199.0	194.66667	187.0	
144.33333	164.0	174.66667	176.66667	186.33333	197.66667	207.66667	214.33333	219.66667	208.66667	203.66667	199.66667	193.33333	186.66667	188.33333	198.0	207.0	212.66667	212.33333	209.33333	199.0	195.33333	195.33333	202.66667	209.66667	205.66667	205.0	220.66667	227.33333	220.0	213.0	206.66667	201.66667	197.0	192.66667	187.66667	
145.0	164.0	176.0	177.66667	185.66667	197.66667	207.66667	212.66667	216.66667	210.0	203.0	196.0	188.66667	195.0	198.0	203.0	212.33333	216.66667	216.33333	214.33333	204.33333	201.33333	199.66667	206.33333	208.66667	208.66667	206.66667	213.33333	219.66667	215.0	210.0	205.66667	201.0	198.33333	194.0	187.33333	
148.0	164.66667	177.66667	181.0	184.66667	199.33333	208.33333	214.0	217.33333	211.66667	199.0	190.33333	187.33333	193.66667	197.66667	203.0	210.66667	215.0	213.33333	211.33333	208.0	206.66667	203.0	202.0	205.0	207.66667	208.33333	213.33333	218.66667	213.66667	209.33333	206.66667	202.66667	201.66667	196.66667	186.0	
150.66667	166.0	179.33333	184.33333	188.0	200.0	208.33333	212.66667	217.0	207.33333	195.0	183.0	188.33333	194.66667	198.33333	200.33333	206.0	207.0	204.66667	202.0	205.0	207.33333	205.66667	201.0	203.66667	207.33333	213.0	217.0	219.66667	214.33333	210.66667	208.66667	204.33333	202.33333	197.33333	185.66667	
152.66667	167.66667	179.66667	189.66667	194.33333	202.66667	211.33333	214.33333	213.66667	202.66667	193.0	183.0	188.66667	193.66667	192.66667	191.0	188.33333	194.33333	189.33333	184.66667	194.66667	200.66667	206.66667	203.33333	203.0	204.66667	213.0	219.33333	220.66667	216.0	212.33333	209.66667	206.0	202.66667	197.66667	184.66667	
150.66667	169.33333	182.66667	192.66667	197.66667	203.66667	211.0	215.66667	208.33333	196.0	193.0	190.66667	181.33333	177.66667	173.33333	168.66667	165.0	168.0	164.0	166.66667	171.66667	180.0	191.0	196.33333	203.0	207.33333	213.66667	219.33333	221.0	216.66667	212.33333	209.66667	207.0	202.33333	196.66667	184.0	
142.66667	169.66667	185.0	192.33333	199.66667	203.33333	210.0	217.33333	214.33333	201.33333	194.66667	189.33333	169.66667	156.33333	148.33333	155.0	164.33333	161.0	153.0	154.66667	158.33333	155.0	161.66667	181.33333	197.66667	206.33333	214.0	219.0	222.0	217.0	211.66667	210.0	207.33333	202.66667	196.0	183.66667	
136.0	169.66667	186.66667	192.33333	200.0	202.33333	208.0	216.0	216.33333	210.66667	201.33333	187.66667	166.66667	154.33333	169.66667	185.66667	179.33333	172.33333	168.0	169.66667	171.66667	160.66667	158.0	170.66667	190.0	203.0	213.33333	218.66667	221.33333	214.66667	210.33333	209.33333	205.0	205.33333	200.33333	184.66667	
124.333336	159.66667	183.66667	192.0	199.33333	202.66667	208.33333	215.66667	216.66667	212.66667	201.66667	188.33333	171.33333	159.33333	158.33333	158.66667	160.33333	163.33333	160.33333	158.66667	155.0	156.33333	164.66667	175.33333	191.33333	204.66667	211.66667	218.66667	221.66667	214.66667	212.0	210.33333	204.66667	206.66667	203.0	185.0	
111.333336	147.0	180.0	192.33333	199.0	203.66667	210.0	215.0	216.0	208.33333	198.33333	194.66667	186.66667	175.66667	174.0	182.66667	188.66667	190.0	191.33333	189.0	186.33333	186.33333	187.66667	194.33333	202.33333	209.33333	212.33333	219.33333	222.33333	217.66667	214.33333	212.0	208.66667	208.0	200.33333	180.0	
97.333336	132.0	169.0	188.66667	197.33333	202.0	208.33333	213.33333	214.66667	206.0	197.66667	197.66667	196.33333	194.0	199.0	203.0	202.0	197.66667	197.66667	202.0	204.33333	204.0	202.66667	204.33333	208.66667	213.0	214.66667	217.66667	219.33333	215.33333	212.33333	210.0	208.0	206.0	195.33333	169.0	
80.333336	118.666664	153.66667	181.33333	192.66667	198.33333	206.33333	209.66667	210.33333	206.33333	202.66667	203.0	202.66667	199.66667	203.0	204.33333	202.33333	202.66667	202.33333	205.66667	208.33333	209.66667	209.66667	210.0	212.66667	214.66667	215.66667	217.0	217.0	214.0	210.0	207.33333	207.0	199.0	185.0	152.0	
57.0	111.0	131.66667	166.0	184.0	192.0	200.0	204.0	205.66667	205.66667	203.33333	204.66667	205.66667	204.33333	208.33333	208.0	205.0	206.33333	207.66667	210.0	212.33333	213.0	212.66667	211.33333	213.66667	214.66667	215.0	213.33333	211.33333	211.33333	208.33333	204.33333	202.66667	190.66667	168.0	139.0	
40.333332	97.0	119.333336	139.33333	172.33333	182.33333	189.33333	196.66667	201.33333	205.33333	204.33333	205.0	208.66667	209.33333	210.33333	209.66667	207.66667	207.33333	207.33333	210.0	213.0	212.0	211.66667	210.33333	212.33333	213.33333	213.33333	210.33333	206.0	205.66667	202.66667	199.0	191.33333	175.33333	149.0	125.0	
39.0	79.333336	121.0	119.0	149.33333	169.66667	179.0	188.0	196.0	201.0	200.66667	203.0	209.0	209.0	208.33333	211.0	214.33333	215.66667	213.66667	211.33333	212.0	211.33333	209.66667	211.0	210.66667	211.33333	209.66667	205.33333	199.33333	196.33333	194.0	191.0	177.66667	155.66667	131.33333	92.666664	
39.0	83.0	138.0	127.333336	126.0	152.0	169.0	174.33333	185.0	193.0	194.66667	199.33333	205.33333	205.33333	206.0	213.33333	218.66667	221.0	219.66667	217.33333	215.33333	213.0	211.66667	212.0	208.0	206.66667	205.0	196.66667	188.66667	186.66667	186.33333	178.33333	156.33333	138.33333	119.666664	61.333332	
35.0	68.0	152.33333	150.66667	131.33333	131.0	150.0	155.66667	164.33333	181.0	190.66667	193.33333	201.33333	203.0	205.0	213.66667	218.66667	221.0	221.33333	219.66667	216.66667	213.33333	210.33333	208.33333	206.33333	203.66667	195.33333	181.66667	176.66667	175.33333	170.0	155.33333	140.66667	133.33333	107.0	44.0	
34.666668	45.666668	119.0	165.66667	151.33333	136.0	137.0	144.33333	143.33333	155.0	172.66667	183.66667	195.66667	200.66667	205.33333	212.0	216.66667	220.0	219.66667	216.66667	214.0	211.66667	208.33333	206.0	202.0	187.66667	174.0	171.66667	169.66667	165.33333	158.33333	147.33333	144.33333	143.33333	125.666664	50.666668	
35.0	37.333332	70.0	159.0	169.66667	152.0	145.0	152.33333	154.0	146.33333	151.33333	161.0	178.0	190.33333	195.0	201.33333	207.33333	211.0	210.33333	207.33333	204.0	201.66667	199.66667	196.66667	185.66667	172.66667	171.66667	173.0	168.66667	163.0	159.0	157.33333	153.66667	146.33333	167.33333	64.666664	
34.0	36.333332	44.0	99.666664	186.66667	170.33333	157.0	156.0	164.66667	164.33333	155.66667	153.33333	160.66667	172.66667	176.33333	175.66667	182.66667	189.66667	187.66667	185.33333	185.33333	185.33333	182.66667	179.0	178.66667	183.66667	177.66667	172.0	169.0	168.33333	167.33333	164.33333	155.66667	160.66667	191.33333	75.333336	
36.666668	33.0	39.333332	55.333332	131.66667	201.0	173.33333	161.33333	160.0	169.0	169.0	164.0	171.0	178.33333	178.0	175.33333	172.0	173.33333	174.33333	174.66667	176.33333	179.66667	185.66667	191.33333	193.0	184.33333	177.0	174.66667	172.0	172.66667	172.0	167.0	163.66667	195.0	220.0	99.333336	
