153.66667	161.33333	161.33333	160.66667	160.66667	151.66667	148.0	144.66667	137.66667	138.33333	149.33333	148.66667	145.33333	148.33333	151.0	142.33333	134.0	135.33333	157.66667	167.66667	170.0	157.66667	151.33333	155.0	157.0	159.0	161.66667	171.0	155.66667	112.333336	59.333332	16.0	6.3333335	3.0	3.3333333	2.6666667	
161.0	170.33333	173.0	172.33333	163.33333	154.0	159.0	147.33333	136.0	139.66667	144.66667	140.66667	145.0	153.33333	155.66667	143.0	137.33333	143.0	156.66667	162.33333	165.0	160.33333	151.66667	155.66667	158.66667	160.33333	160.66667	170.33333	174.33333	162.66667	119.0	46.333332	10.333333	5.3333335	4.3333335	3.0	
174.0	183.0	182.33333	169.66667	160.66667	160.0	162.33333	143.33333	139.33333	147.33333	144.33333	143.33333	154.66667	159.33333	162.0	150.33333	147.0	150.33333	153.66667	157.33333	161.66667	165.0	160.33333	158.33333	157.0	164.0	166.33333	168.33333	170.66667	175.0	164.33333	107.666664	31.0	6.6666665	4.0	3.0	
175.0	179.66667	161.33333	160.33333	160.0	162.66667	160.33333	146.66667	147.33333	154.33333	143.0	146.66667	159.66667	162.66667	162.66667	154.66667	154.66667	154.0	152.0	155.0	158.0	166.66667	165.33333	165.0	163.0	169.33333	172.33333	167.66667	168.0	175.0	175.0	159.66667	76.333336	13.0	5.3333335	3.3333333	
168.66667	151.66667	140.33333	159.66667	156.66667	163.33333	159.66667	148.66667	150.33333	157.0	146.0	155.0	163.33333	165.66667	163.0	159.33333	156.66667	155.66667	155.0	158.0	161.0	172.66667	172.66667	171.33333	176.33333	177.66667	175.66667	170.0	168.33333	174.33333	177.33333	175.66667	138.0	43.0	9.0	5.0	
150.66667	137.66667	147.66667	158.66667	156.33333	167.66667	163.66667	149.33333	155.66667	158.33333	153.0	163.33333	165.0	168.0	167.33333	163.66667	161.0	159.0	161.33333	163.0	166.0	174.0	176.0	174.33333	183.0	187.66667	185.0	173.0	169.66667	168.66667	179.33333	178.0	170.66667	98.666664	17.666666	6.0	
137.0	138.66667	157.0	158.66667	160.66667	173.33333	167.66667	154.0	163.33333	161.33333	163.66667	169.0	169.0	170.33333	174.66667	172.0	168.33333	164.66667	171.66667	170.0	169.0	174.66667	177.0	174.66667	183.33333	190.0	186.66667	175.66667	166.33333	165.0	177.66667	182.33333	177.66667	143.66667	40.666668	4.6666665	
140.0	141.33333	160.66667	156.66667	166.33333	179.66667	171.33333	161.0	167.33333	165.33333	173.0	175.0	174.66667	172.33333	180.33333	179.0	175.33333	172.0	176.0	173.66667	170.33333	174.33333	178.33333	175.0	177.66667	180.66667	178.66667	169.33333	160.33333	162.0	174.66667	181.66667	180.66667	165.0	78.0	10.0	
143.0	149.66667	164.66667	153.33333	169.0	181.66667	171.0	166.66667	171.33333	170.33333	176.0	175.33333	174.33333	172.0	176.33333	175.66667	177.0	177.0	176.66667	173.33333	169.33333	168.33333	174.0	173.33333	171.33333	170.33333	168.0	159.66667	154.0	159.66667	168.0	175.66667	180.33333	172.0	112.333336	19.666666	
135.66667	153.0	161.66667	149.66667	168.66667	177.33333	166.0	170.66667	172.66667	173.0	174.33333	169.33333	166.66667	167.33333	167.33333	168.66667	168.66667	170.33333	172.66667	171.33333	171.33333	168.0	168.66667	169.66667	168.0	166.33333	162.0	157.66667	149.33333	154.33333	158.33333	166.33333	177.0	171.33333	139.66667	44.333332	
130.33333	146.66667	151.66667	144.33333	163.0	167.0	161.0	171.0	166.33333	167.66667	168.66667	162.33333	160.66667	162.66667	162.66667	159.66667	158.66667	162.33333	168.0	172.66667	178.33333	173.33333	164.66667	168.0	168.0	164.0	155.66667	153.0	151.33333	151.33333	156.66667	162.33333	171.33333	168.0	153.33333	72.0	
125.666664	143.0	145.0	140.66667	154.66667	156.0	155.66667	166.0	157.66667	157.66667	154.66667	151.66667	157.66667	158.0	160.33333	157.0	155.66667	162.66667	170.33333	177.0	183.66667	179.33333	170.66667	167.66667	166.33333	165.33333	159.66667	151.33333	155.0	151.66667	154.33333	159.0	163.33333	160.66667	153.33333	91.333336	
137.33333	148.0	140.66667	140.66667	147.0	148.33333	153.0	154.33333	149.33333	151.0	147.0	145.33333	141.66667	137.66667	140.0	152.0	161.33333	171.33333	184.0	189.33333	189.33333	187.0	184.0	170.66667	165.0	172.0	168.66667	158.66667	156.0	150.33333	148.66667	152.33333	157.0	153.0	144.0	95.333336	
138.0	142.66667	136.66667	146.0	144.66667	147.0	152.0	146.66667	151.0	168.0	180.66667	171.0	139.33333	116.0	121.0	143.66667	162.66667	180.0	197.66667	200.33333	197.33333	191.66667	193.0	179.66667	163.33333	164.33333	159.0	147.0	146.0	143.66667	140.0	144.0	147.66667	146.33333	140.33333	94.333336	
136.33333	139.0	139.33333	148.66667	142.0	146.66667	148.33333	149.66667	171.33333	190.66667	193.33333	183.33333	167.66667	151.0	140.0	152.0	173.33333	186.66667	197.33333	200.0	198.0	191.33333	187.33333	178.0	169.33333	145.33333	113.333336	104.333336	117.333336	138.33333	141.66667	139.66667	136.66667	137.33333	137.33333	85.0	
146.33333	145.66667	148.0	152.0	151.0	153.33333	152.0	170.0	190.66667	193.33333	186.33333	178.33333	171.66667	173.33333	177.0	186.66667	191.0	191.66667	194.66667	197.66667	196.0	187.0	178.0	167.0	164.33333	145.66667	121.333336	133.0	158.0	172.33333	156.66667	134.66667	125.666664	125.0	133.66667	70.0	
148.0	152.0	158.0	157.33333	164.33333	168.0	171.66667	183.33333	191.0	186.33333	175.0	158.0	143.0	140.0	157.0	191.33333	202.0	193.66667	185.33333	192.66667	193.33333	183.0	171.33333	168.0	171.33333	167.0	164.33333	171.66667	181.33333	181.33333	162.66667	127.666664	105.0	108.0	126.333336	61.666668	
154.33333	160.0	165.66667	163.66667	170.66667	180.66667	185.33333	186.66667	184.0	165.0	139.0	118.333336	104.0	96.0	104.666664	158.66667	192.66667	188.33333	179.0	184.66667	189.66667	182.0	165.33333	178.33333	185.0	167.33333	139.66667	137.33333	151.66667	166.33333	161.33333	132.0	96.0	100.333336	111.666664	42.0	
160.0	164.0	170.33333	170.66667	177.33333	187.33333	187.66667	183.0	163.66667	122.333336	99.0	104.0	102.666664	102.0	94.0	114.666664	168.33333	179.66667	168.33333	172.0	184.0	183.33333	170.66667	181.0	175.66667	147.66667	119.0	111.666664	116.333336	134.33333	155.66667	137.33333	94.0	91.0	88.0	29.333334	
159.0	165.33333	176.0	177.66667	183.33333	187.33333	183.0	173.66667	143.33333	100.333336	126.333336	150.0	126.0	114.666664	117.333336	130.66667	160.0	170.33333	159.0	164.0	177.66667	178.33333	173.66667	170.33333	157.0	148.0	119.333336	93.666664	84.333336	92.0	141.66667	140.33333	95.0	70.0	59.666668	25.0	
158.66667	166.0	178.66667	183.0	190.0	189.33333	181.33333	174.33333	160.66667	142.66667	150.66667	156.0	134.0	125.666664	133.0	151.0	174.33333	169.0	160.66667	168.33333	173.33333	167.0	169.0	158.33333	149.66667	185.66667	160.33333	104.666664	89.333336	79.0	127.0	140.66667	98.666664	41.666668	29.333334	18.0	
161.0	167.33333	177.0	185.66667	194.0	191.0	181.33333	180.0	183.0	176.33333	170.33333	166.66667	161.33333	153.33333	159.33333	174.33333	184.0	177.33333	171.0	174.66667	166.0	162.66667	171.0	168.66667	159.66667	168.33333	153.66667	117.666664	105.0	101.0	134.33333	145.66667	108.333336	32.666668	17.666666	10.333333	
161.0	166.0	172.0	183.66667	193.66667	192.66667	189.0	186.66667	187.33333	185.33333	188.33333	193.0	191.66667	186.66667	184.0	183.0	185.33333	186.33333	182.33333	175.0	162.33333	162.66667	173.66667	178.33333	169.33333	171.33333	169.33333	147.66667	123.666664	125.0	148.0	152.33333	127.0	44.0	14.0	6.3333335	
162.0	164.0	168.33333	181.0	193.33333	195.66667	195.0	193.0	193.33333	192.66667	193.0	194.66667	192.0	187.33333	183.66667	185.66667	189.33333	191.0	186.66667	167.33333	152.66667	160.66667	179.33333	188.0	180.0	175.0	184.66667	185.33333	166.33333	159.66667	160.33333	159.33333	143.0	81.0	27.666666	14.333333	
156.33333	161.0	164.66667	171.66667	180.66667	187.0	192.66667	193.66667	195.33333	194.0	190.33333	186.66667	186.0	186.33333	187.0	191.66667	195.33333	191.0	184.33333	162.33333	147.66667	167.66667	195.33333	199.66667	182.66667	170.33333	183.0	192.33333	192.66667	184.33333	182.66667	185.33333	161.0	127.333336	64.333336	29.333334	
152.66667	156.66667	162.66667	169.33333	176.0	181.0	188.0	189.66667	192.0	192.33333	192.0	192.0	193.66667	194.0	195.0	193.66667	188.33333	176.0	171.0	167.0	158.33333	169.33333	191.33333	198.0	181.66667	164.0	181.66667	198.33333	208.0	205.33333	202.0	199.33333	171.66667	162.0	130.33333	65.333336	
153.66667	155.66667	160.66667	169.0	175.0	178.66667	183.33333	186.0	190.33333	194.66667	196.0	197.66667	201.33333	203.33333	199.0	186.33333	171.33333	166.0	172.0	162.33333	124.0	118.333336	159.33333	180.66667	160.66667	151.0	178.66667	204.33333	214.66667	213.66667	204.33333	192.66667	177.33333	177.0	187.33333	137.33333	
153.0	154.33333	158.66667	167.66667	173.33333	176.66667	180.66667	185.66667	191.0	194.33333	197.0	203.66667	209.0	206.0	190.0	179.33333	163.66667	159.0	157.66667	110.666664	91.666664	111.333336	136.66667	144.0	122.666664	149.0	184.0	204.33333	206.33333	206.33333	198.0	184.33333	172.33333	185.66667	200.66667	189.66667	
152.0	152.33333	157.33333	166.0	173.0	175.66667	180.0	185.33333	191.66667	199.33333	204.66667	210.66667	210.0	199.0	182.33333	188.66667	183.0	163.33333	164.33333	162.0	162.33333	150.0	135.33333	112.333336	98.0	147.33333	186.66667	206.66667	208.66667	202.66667	194.0	183.66667	170.66667	185.33333	203.33333	201.0	
152.0	155.0	158.0	163.0	169.0	172.66667	178.0	183.33333	191.0	201.33333	206.66667	208.66667	203.33333	188.33333	186.0	197.66667	194.33333	187.0	186.66667	191.0	193.33333	180.0	173.33333	162.33333	143.0	158.0	183.66667	200.33333	209.66667	206.33333	196.0	183.0	167.66667	180.66667	201.0	201.66667	
151.0	157.66667	159.66667	160.66667	163.66667	169.33333	174.66667	181.33333	189.66667	200.33333	203.0	201.66667	194.33333	185.0	194.33333	198.66667	192.0	189.0	190.66667	195.66667	200.66667	197.0	194.66667	183.66667	173.33333	171.66667	180.66667	191.33333	203.33333	207.33333	198.33333	182.33333	165.0	163.66667	179.33333	193.33333	
152.66667	158.66667	158.33333	158.33333	161.0	167.66667	173.66667	179.66667	186.66667	195.0	199.66667	196.66667	188.0	191.66667	198.66667	192.33333	191.33333	189.0	187.66667	189.0	193.0	191.0	187.0	184.66667	180.66667	175.66667	178.0	184.66667	195.0	201.66667	194.33333	182.0	164.0	151.66667	158.0	168.66667	
155.0	158.33333	158.66667	159.0	162.66667	168.66667	173.0	178.66667	184.66667	191.66667	196.33333	191.33333	184.33333	197.33333	193.33333	189.66667	190.0	185.66667	176.0	172.0	178.66667	182.33333	172.0	153.66667	155.66667	167.66667	172.0	181.66667	187.33333	195.33333	192.33333	179.0	158.0	125.333336	119.333336	139.0	
156.0	156.33333	159.66667	162.66667	168.0	172.66667	177.0	183.33333	189.0	192.66667	192.66667	183.33333	185.33333	191.33333	185.33333	173.66667	160.33333	152.66667	150.0	154.33333	166.33333	171.66667	152.0	134.33333	123.333336	136.33333	156.0	179.0	184.66667	189.33333	188.0	174.66667	153.33333	106.666664	86.333336	104.333336	
156.0	156.0	159.66667	162.33333	171.33333	177.0	179.33333	185.0	192.33333	194.0	192.33333	181.66667	185.66667	180.0	160.0	127.0	134.33333	165.66667	177.66667	201.33333	206.33333	209.66667	197.0	195.0	155.66667	118.666664	129.0	172.66667	185.33333	187.33333	185.33333	170.33333	149.66667	104.0	87.0	115.666664	
152.33333	154.0	158.33333	162.66667	170.66667	177.66667	181.33333	187.33333	194.66667	196.33333	195.0	186.33333	176.0	147.66667	125.333336	141.0	169.33333	195.66667	189.33333	196.66667	194.0	203.0	203.33333	210.33333	197.0	152.33333	115.666664	162.33333	187.66667	189.0	184.33333	169.33333	146.33333	106.333336	119.333336	162.66667	
150.33333	151.66667	156.0	165.33333	173.0	178.66667	183.66667	190.33333	197.33333	201.33333	201.66667	189.0	166.33333	133.33333	128.66667	126.0	113.666664	116.666664	117.333336	112.333336	101.0	100.0	98.0	105.0	128.66667	142.33333	104.0	162.33333	191.33333	190.33333	185.0	168.66667	153.0	135.0	144.0	164.33333	
143.66667	149.0	156.66667	164.66667	173.33333	180.33333	185.0	192.66667	198.33333	201.66667	202.66667	190.66667	181.66667	164.33333	136.66667	113.666664	109.0	119.0	143.33333	163.0	156.66667	150.33333	132.33333	104.333336	78.0	81.666664	96.666664	174.33333	197.66667	195.66667	191.33333	171.0	156.66667	131.66667	135.66667	168.0	
140.0	145.66667	155.66667	164.0	172.0	181.0	190.66667	198.0	201.0	203.33333	203.66667	192.0	183.0	178.66667	177.0	165.66667	156.33333	165.0	172.0	176.0	174.33333	182.33333	180.33333	163.0	119.333336	96.333336	132.66667	184.66667	197.66667	199.33333	192.33333	172.0	147.0	122.666664	142.33333	158.33333	
135.66667	140.33333	152.66667	163.33333	171.33333	179.0	190.0	198.0	201.33333	201.33333	201.66667	192.0	183.33333	182.33333	182.66667	182.0	183.66667	191.66667	196.0	191.66667	180.33333	166.0	153.33333	145.0	133.66667	130.33333	152.66667	183.0	195.0	198.33333	187.33333	170.33333	141.33333	132.33333	140.33333	146.33333	
130.33333	136.0	146.0	157.66667	165.33333	173.0	185.66667	196.66667	200.33333	198.33333	200.33333	191.0	183.0	182.0	183.0	185.0	188.33333	194.0	198.33333	197.66667	192.66667	186.33333	181.33333	174.66667	168.66667	158.66667	158.33333	178.33333	195.66667	193.0	178.0	165.33333	144.33333	139.66667	141.66667	128.33333	
124.333336	129.66667	137.66667	151.66667	161.33333	168.33333	181.66667	192.0	197.66667	197.33333	200.0	193.33333	180.66667	177.33333	182.33333	187.66667	191.0	194.33333	195.33333	192.0	187.66667	186.33333	185.66667	187.0	178.33333	160.66667	156.33333	174.33333	193.66667	188.33333	174.66667	156.33333	146.66667	139.66667	129.66667	112.666664	
119.333336	124.0	128.33333	140.66667	153.33333	162.33333	177.33333	187.66667	194.0	195.0	198.33333	195.0	184.0	177.0	177.66667	182.66667	186.33333	190.0	190.66667	188.33333	182.66667	182.0	182.66667	184.0	178.0	166.0	160.33333	173.0	187.33333	181.0	168.33333	142.33333	143.66667	140.0	127.0	113.333336	
123.0	123.666664	125.666664	135.0	144.0	155.0	171.0	182.33333	191.33333	191.0	191.33333	191.66667	184.0	179.0	178.33333	182.66667	183.66667	184.66667	183.66667	185.33333	183.0	181.33333	179.33333	178.33333	176.66667	172.66667	161.66667	170.33333	182.66667	174.66667	158.33333	137.33333	132.66667	134.33333	129.0	114.333336	
134.0	127.333336	125.666664	129.33333	136.0	144.66667	157.33333	171.33333	183.0	187.66667	189.0	188.66667	181.33333	181.66667	184.66667	187.0	188.33333	189.33333	191.33333	194.33333	194.33333	189.33333	181.0	175.66667	172.0	170.66667	165.33333	168.0	175.33333	167.0	151.66667	139.0	127.666664	128.66667	127.333336	119.0	
145.33333	138.33333	130.0	126.333336	128.0	134.0	143.66667	159.0	171.33333	178.66667	183.0	181.0	178.0	182.33333	186.0	188.33333	190.66667	197.33333	201.0	205.66667	204.0	198.33333	189.0	181.33333	172.33333	167.33333	168.33333	169.66667	167.33333	157.0	147.33333	143.66667	130.0	121.666664	119.333336	110.333336	
150.66667	149.0	141.0	135.0	129.0	127.0	132.0	146.66667	159.0	171.0	173.66667	169.66667	170.33333	175.33333	180.0	184.0	182.66667	187.33333	193.33333	196.33333	195.66667	195.66667	191.33333	183.33333	173.33333	168.66667	169.33333	161.0	153.33333	147.66667	151.33333	141.0	133.66667	119.666664	116.0	107.666664	
149.66667	153.33333	150.33333	146.0	137.66667	130.66667	129.0	134.33333	143.0	157.33333	165.33333	163.0	162.33333	163.33333	164.0	170.66667	174.0	171.33333	173.33333	173.33333	174.33333	180.66667	180.66667	176.0	170.66667	168.33333	160.0	149.33333	144.33333	148.66667	157.0	147.66667	131.33333	116.333336	109.333336	105.0	
153.33333	153.33333	154.0	153.0	145.0	137.0	132.33333	133.0	135.33333	141.66667	149.66667	153.33333	157.66667	160.33333	156.33333	151.66667	153.66667	161.0	161.33333	155.66667	157.66667	164.33333	169.0	170.0	164.33333	161.0	151.33333	143.33333	135.66667	145.33333	155.0	145.33333	130.66667	119.0	111.0	108.333336	
