77.666664	81.333336	80.333336	86.666664	85.333336	90.666664	117.333336	122.0	114.0	111.0	103.333336	104.333336	99.666664	93.333336	99.333336	98.333336	95.333336	93.333336	92.0	94.0	95.0	97.666664	100.666664	96.333336	89.0	76.666664	79.0	109.666664	125.666664	121.333336	105.333336	95.333336	83.666664	81.666664	129.0	205.0	
77.333336	78.333336	72.333336	84.0	87.333336	97.666664	117.0	124.666664	120.333336	114.0	106.666664	100.0	94.666664	93.666664	100.0	100.666664	96.333336	95.666664	92.333336	94.333336	96.333336	99.0	105.333336	103.0	99.333336	93.0	103.666664	119.0	138.66667	131.66667	118.0	97.333336	88.0	79.666664	105.0	191.0	
72.666664	73.0	76.333336	82.0	84.333336	100.333336	120.333336	128.33333	130.66667	123.0	114.0	108.0	100.666664	98.0	100.666664	106.333336	104.333336	100.666664	97.333336	98.333336	95.0	96.666664	111.0	111.333336	116.0	123.0	126.666664	131.0	139.0	136.33333	125.0	95.333336	88.0	79.666664	93.666664	174.0	
69.666664	74.333336	78.666664	89.333336	99.333336	107.333336	122.333336	131.33333	134.66667	130.33333	118.0	111.333336	106.333336	101.666664	109.666664	121.0	121.0	115.666664	112.666664	110.666664	105.0	106.0	115.333336	117.333336	117.666664	123.0	129.33333	136.33333	132.66667	129.0	118.666664	94.333336	84.0	76.333336	82.333336	135.66667	
67.0	73.666664	81.0	107.0	116.333336	112.333336	126.666664	144.0	142.0	133.66667	125.333336	118.666664	118.333336	117.666664	126.333336	128.33333	123.0	119.333336	119.0	116.333336	108.666664	107.333336	112.666664	116.333336	117.0	124.0	130.33333	132.66667	124.333336	120.333336	107.666664	93.666664	82.333336	76.333336	77.666664	115.666664	
65.666664	71.666664	74.0	95.0	116.333336	114.0	125.333336	137.66667	142.33333	138.0	128.0	122.333336	119.666664	123.666664	132.33333	135.33333	128.66667	125.666664	124.333336	116.333336	104.666664	100.0	107.0	115.0	117.333336	121.333336	127.333336	128.33333	119.0	111.0	94.666664	81.666664	73.666664	76.0	73.0	104.0	
65.666664	69.0	73.0	88.333336	112.666664	112.333336	121.666664	128.33333	137.0	136.0	124.333336	119.666664	118.0	125.333336	136.33333	139.0	134.0	135.66667	131.66667	118.333336	102.0	93.333336	95.666664	106.0	114.333336	117.666664	124.666664	121.0	109.333336	97.666664	84.333336	73.0	72.333336	77.666664	75.0	94.333336	
66.333336	68.333336	76.666664	90.0	110.666664	119.333336	128.66667	135.0	143.0	141.66667	132.66667	126.666664	124.0	121.0	123.666664	126.666664	125.666664	130.0	127.333336	113.0	99.666664	91.666664	84.666664	84.666664	90.666664	100.666664	112.0	108.0	96.333336	88.333336	77.0	73.0	79.666664	77.0	80.666664	96.666664	
65.666664	68.333336	78.0	90.333336	106.0	124.0	135.33333	140.66667	143.0	141.33333	131.66667	123.0	121.666664	119.0	120.333336	122.333336	120.666664	120.0	116.0	104.666664	92.333336	83.0	82.0	83.666664	87.333336	91.333336	93.0	92.0	84.0	81.666664	76.0	71.666664	78.666664	80.0	84.666664	88.666664	
68.0	69.666664	81.0	96.0	107.333336	124.0	132.0	135.66667	137.66667	133.0	122.666664	119.333336	116.666664	112.666664	110.333336	114.0	117.666664	117.333336	113.0	100.666664	89.0	83.0	86.0	85.666664	89.0	86.666664	82.0	83.666664	81.0	76.333336	75.0	69.333336	73.666664	80.666664	81.0	84.0	
70.666664	71.666664	86.0	103.666664	114.0	124.333336	132.66667	136.33333	132.33333	126.666664	115.666664	114.333336	112.333336	108.333336	107.0	110.333336	111.0	110.666664	104.0	94.0	90.666664	87.666664	87.0	85.666664	88.666664	87.333336	83.333336	80.333336	79.333336	75.666664	74.666664	71.666664	74.666664	76.0	75.333336	82.666664	
72.0	77.333336	91.0	102.666664	110.0	120.333336	122.333336	124.333336	117.333336	112.333336	109.333336	104.0	100.333336	102.666664	102.666664	102.333336	102.333336	103.0	101.0	94.333336	88.666664	81.666664	79.666664	82.333336	88.666664	87.333336	84.666664	83.333336	81.333336	76.0	74.333336	76.333336	78.333336	74.0	71.0	81.0	
76.333336	78.0	80.0	74.333336	73.333336	82.0	86.0	94.333336	103.333336	100.333336	95.0	93.0	91.333336	92.666664	93.333336	92.666664	89.333336	88.0	90.333336	88.666664	84.333336	79.0	76.333336	78.666664	86.666664	91.333336	90.666664	90.0	87.666664	82.333336	80.0	79.666664	80.333336	73.666664	65.0	86.666664	
76.0	74.0	82.666664	80.333336	65.333336	53.0	51.333332	56.0	68.666664	78.666664	82.333336	85.333336	84.666664	82.666664	83.666664	83.666664	82.0	79.666664	80.0	82.666664	82.333336	78.333336	73.666664	70.0	66.666664	75.0	90.666664	103.333336	101.0	92.666664	88.0	84.666664	86.0	71.333336	58.333332	80.666664	
76.666664	81.0	94.0	93.333336	76.666664	54.0	41.333332	35.333332	39.0	51.666668	66.333336	74.333336	75.333336	73.666664	73.666664	74.0	74.0	70.666664	66.666664	63.666668	58.333332	49.0	43.666668	42.0	42.666668	52.333332	74.0	90.666664	107.666664	103.0	96.333336	90.666664	89.333336	70.666664	59.0	66.666664	
77.0	78.333336	80.333336	81.666664	77.666664	67.0	50.666668	35.666668	34.0	39.333332	52.0	62.333332	66.0	64.666664	63.0	65.666664	67.0	64.333336	53.0	43.666668	35.666668	27.0	27.666666	36.333332	54.666668	60.666668	62.333332	64.0	78.333336	92.0	96.666664	92.333336	92.0	75.0	67.333336	83.0	
74.333336	69.666664	71.0	81.666664	86.0	81.0	64.333336	44.666668	35.0	31.333334	40.333332	50.333332	57.0	58.0	55.333332	58.333332	56.333332	50.0	42.0	38.666668	38.0	35.0	47.666668	61.0	66.0	59.666668	59.0	58.666668	57.0	70.666664	87.333336	91.333336	91.333336	81.666664	78.666664	89.0	
68.666664	61.0	67.0	80.666664	87.0	85.0	73.666664	57.0	37.666668	31.0	37.666668	45.0	53.0	57.0	53.333332	51.333332	44.333332	35.666668	34.333332	36.333332	41.666668	51.333332	66.0	73.0	69.333336	62.0	56.0	51.666668	57.333332	69.0	85.333336	93.666664	93.666664	88.0	83.0	79.333336	
77.0	64.666664	62.333332	76.0	79.333336	79.333336	68.0	56.666668	38.333332	30.333334	38.333332	54.0	63.0	67.333336	62.0	54.333332	43.333332	33.0	32.666668	38.666668	47.666668	63.0	72.333336	76.666664	72.0	63.0	54.333332	51.0	50.666668	61.666668	84.666664	95.333336	99.0	95.333336	75.666664	51.333332	
102.0	97.666664	69.0	60.666668	73.666664	76.666664	63.0	49.0	33.333332	34.0	54.0	69.0	83.333336	85.666664	77.333336	64.0	52.333332	41.0	40.0	40.0	44.0	57.0	68.666664	69.333336	61.333332	52.333332	45.666668	43.666668	48.0	58.0	80.333336	98.0	105.333336	104.666664	83.0	59.0	
114.0	119.666664	89.666664	50.333332	36.0	29.666666	25.666666	23.0	25.333334	50.333332	91.0	95.666664	106.666664	109.333336	96.333336	75.333336	60.666668	56.333332	62.666668	44.0	31.0	43.666668	63.666668	68.333336	59.666668	48.333332	41.666668	41.333332	52.666668	65.333336	82.0	102.666664	110.666664	108.333336	105.333336	89.0	
118.666664	126.333336	115.0	84.666664	50.0	31.0	25.0	32.0	57.666668	92.666664	114.333336	123.0	131.33333	127.0	111.666664	83.0	65.666664	66.666664	69.666664	61.666668	36.666668	24.333334	29.333334	34.333332	32.0	26.0	45.333332	71.666664	87.666664	89.666664	90.0	104.0	112.333336	109.333336	94.333336	85.666664	
123.333336	135.0	132.33333	118.0	103.666664	91.333336	87.0	96.0	106.333336	114.666664	131.66667	144.33333	148.33333	137.66667	124.0	94.0	74.333336	72.666664	76.0	83.666664	71.0	43.0	27.333334	20.666666	28.333334	43.333332	74.666664	96.333336	103.0	106.333336	104.666664	105.666664	109.0	104.333336	84.0	100.0	
119.666664	136.66667	137.33333	127.333336	122.0	123.0	128.0	131.66667	132.66667	138.33333	144.0	152.66667	152.0	143.0	132.0	104.0	84.0	78.666664	85.333336	91.333336	97.666664	89.0	67.0	59.0	72.0	86.333336	97.333336	102.0	106.333336	112.0	111.0	104.666664	104.333336	99.0	90.0	118.333336	
116.333336	135.33333	137.0	126.333336	123.0	126.333336	132.33333	136.66667	137.66667	142.0	141.0	151.66667	151.0	146.33333	137.0	103.0	88.333336	83.666664	91.333336	96.0	97.333336	100.333336	97.666664	97.333336	100.666664	105.0	104.0	101.333336	107.0	110.666664	106.666664	101.666664	102.666664	104.333336	102.666664	116.666664	
102.666664	124.333336	134.66667	130.0	128.66667	128.66667	129.66667	128.0	121.666664	118.333336	126.0	148.66667	156.0	149.33333	136.0	103.0	90.333336	83.0	86.0	94.666664	102.333336	106.333336	107.666664	106.333336	104.333336	107.333336	104.666664	101.0	107.333336	107.333336	101.333336	98.0	101.666664	103.333336	107.333336	122.333336	
92.333336	112.0	127.0	132.0	130.0	122.666664	116.333336	109.333336	102.0	100.333336	114.666664	140.66667	149.0	137.66667	127.666664	110.0	89.666664	80.666664	78.333336	87.666664	100.333336	109.0	115.333336	116.0	114.0	109.0	102.666664	99.333336	101.0	97.0	94.0	94.333336	101.333336	101.333336	107.0	126.333336	
89.666664	100.333336	113.0	121.666664	116.333336	110.666664	101.666664	88.666664	87.333336	101.333336	114.333336	136.33333	144.66667	137.66667	135.66667	124.666664	99.666664	81.0	72.333336	76.333336	89.333336	101.666664	108.0	112.333336	109.0	103.333336	96.666664	93.0	91.333336	86.666664	88.666664	96.333336	97.666664	91.0	95.666664	95.333336	
83.666664	90.666664	101.0	102.666664	101.0	96.666664	86.666664	80.333336	92.666664	110.0	119.666664	147.33333	156.33333	145.0	138.33333	124.333336	117.0	103.0	85.0	72.666664	80.333336	93.333336	97.0	101.333336	98.333336	94.0	90.333336	85.666664	83.0	79.333336	88.666664	101.666664	92.333336	62.333332	72.333336	69.0	
80.666664	82.0	88.666664	88.0	89.333336	85.333336	78.666664	85.0	105.0	127.0	135.66667	138.33333	127.333336	120.0	110.666664	106.666664	121.0	129.66667	131.0	90.666664	75.666664	82.666664	88.333336	86.333336	84.0	81.666664	80.333336	77.0	77.333336	82.0	92.333336	100.333336	80.333336	75.0	62.0	41.0	
76.666664	81.0	81.0	80.333336	81.666664	79.0	84.666664	95.666664	89.333336	86.666664	96.333336	102.666664	102.666664	99.0	92.666664	92.666664	97.333336	99.0	105.666664	91.0	83.0	77.333336	78.333336	78.333336	76.0	73.0	71.666664	70.666664	76.666664	86.666664	95.333336	97.333336	71.0	82.0	44.333332	40.333332	
74.333336	77.333336	77.666664	79.333336	80.0	85.333336	108.333336	113.0	82.333336	44.0	37.666668	53.0	79.0	88.333336	83.333336	65.0	44.0	35.666668	49.0	74.666664	93.666664	83.0	68.333336	69.666664	70.333336	67.333336	68.666664	72.333336	78.333336	87.666664	94.333336	90.666664	67.333336	74.0	42.333332	48.666668	
78.333336	74.0	78.333336	78.333336	88.333336	104.0	113.333336	120.0	109.333336	87.666664	65.0	51.666668	57.666668	68.333336	55.666668	33.666668	26.333334	40.333332	58.0	82.333336	98.666664	90.333336	73.0	64.0	64.0	65.0	68.0	74.0	77.666664	86.666664	91.333336	79.333336	67.666664	71.333336	48.666668	51.666668	
77.666664	69.333336	76.666664	79.333336	88.0	87.666664	99.0	116.666664	120.666664	119.0	112.0	101.333336	80.666664	56.333332	49.333332	67.666664	83.333336	90.333336	91.333336	92.666664	91.333336	82.0	78.666664	65.333336	57.0	64.0	69.0	73.333336	77.666664	86.0	88.0	69.0	75.0	75.333336	50.333332	44.666668	
78.666664	68.666664	75.0	76.0	76.333336	75.0	94.666664	112.0	120.666664	125.666664	127.0	119.0	107.666664	99.333336	105.333336	121.666664	119.333336	104.666664	97.0	88.666664	80.666664	70.0	72.0	63.333332	49.666668	61.0	68.333336	72.666664	76.333336	80.666664	83.666664	74.666664	84.0	71.333336	51.0	46.0	
90.333336	73.0	74.0	74.0	66.333336	65.666664	80.333336	93.0	107.0	117.666664	124.0	119.0	120.0	125.0	127.333336	124.0	111.333336	96.666664	91.666664	85.666664	75.0	67.666664	63.666668	60.666668	49.666668	60.333332	68.666664	74.333336	77.666664	76.666664	88.666664	79.666664	90.0	64.0	47.333332	47.333332	
97.0	78.666664	75.666664	75.333336	63.666668	53.0	65.666664	78.666664	91.0	101.666664	104.333336	105.333336	112.666664	122.666664	117.666664	112.666664	103.666664	91.0	83.333336	80.666664	70.666664	63.0	56.0	56.333332	53.0	62.333332	69.333336	74.333336	78.333336	78.333336	92.333336	82.0	105.333336	59.666668	44.666668	44.333332	
101.666664	91.666664	75.333336	74.666664	66.666664	55.666668	66.333336	83.0	80.333336	80.0	75.666664	67.0	72.333336	81.666664	77.666664	71.666664	72.0	72.666664	69.333336	75.333336	66.666664	53.333332	48.333332	55.666668	61.666668	68.666664	75.666664	79.0	78.333336	87.666664	94.0	79.666664	121.0	62.666668	41.0	41.333332	
106.666664	102.666664	84.0	76.0	70.333336	72.333336	84.333336	95.666664	97.666664	103.333336	108.666664	100.0	87.666664	75.333336	75.666664	76.0	71.666664	67.333336	57.333332	52.0	48.0	51.333332	56.333332	60.0	68.333336	76.333336	83.333336	83.666664	84.333336	91.0	87.333336	76.0	122.0	80.0	42.0	42.666668	
110.666664	107.0	97.333336	83.666664	72.666664	75.333336	86.666664	94.0	103.0	103.333336	105.333336	110.0	107.333336	96.0	99.666664	103.333336	104.666664	94.333336	81.666664	73.333336	74.666664	76.666664	68.666664	66.666664	76.666664	84.333336	87.0	87.333336	89.0	82.333336	86.0	70.666664	115.0	94.333336	45.333332	52.333332	
113.0	106.666664	102.666664	98.333336	77.333336	78.666664	84.666664	91.333336	99.0	101.333336	100.333336	99.666664	97.0	94.666664	95.333336	99.0	98.333336	90.666664	87.0	83.666664	83.0	81.333336	73.666664	77.333336	83.333336	86.0	89.0	89.333336	71.333336	81.333336	102.333336	68.333336	92.666664	113.333336	52.0	78.0	
115.333336	110.0	104.333336	102.333336	82.333336	79.666664	82.333336	85.666664	89.333336	92.333336	96.0	95.0	90.0	88.0	88.333336	88.333336	86.333336	86.333336	87.0	83.333336	81.0	77.666664	81.333336	91.0	85.666664	87.333336	85.0	68.333336	62.666668	93.666664	137.66667	112.0	88.333336	107.333336	77.666664	110.0	
121.666664	116.666664	108.0	108.333336	91.333336	81.0	80.0	79.333336	80.333336	79.0	77.333336	72.333336	67.666664	65.0	66.333336	67.0	71.0	75.333336	75.0	74.333336	72.666664	74.333336	89.333336	94.666664	90.0	84.666664	58.333332	48.333332	69.333336	104.666664	153.33333	170.0	159.66667	134.0	125.0	103.0	
129.33333	123.666664	118.666664	119.666664	100.333336	84.0	82.0	79.0	77.666664	78.333336	73.333336	61.666668	51.333332	46.0	45.0	50.0	54.333332	58.666668	61.666668	67.666664	70.333336	77.0	91.0	90.333336	85.666664	56.333332	43.0	55.666668	78.666664	110.333336	146.66667	162.0	197.0	228.33333	212.0	145.0	
138.33333	132.0	129.33333	126.333336	105.0	82.666664	88.0	85.333336	77.0	79.0	78.0	76.666664	76.666664	76.333336	72.333336	72.333336	75.0	77.0	71.666664	64.666664	71.0	87.333336	92.333336	82.0	49.0	32.666668	43.666668	60.333332	85.0	111.0	141.0	152.66667	204.0	241.33333	243.66667	233.33333	
148.66667	142.33333	139.66667	137.66667	117.333336	84.666664	87.666664	88.666664	84.333336	78.0	73.0	70.0	71.333336	75.0	71.0	72.333336	72.333336	71.333336	68.333336	67.333336	80.0	88.666664	75.666664	46.333332	30.666666	38.666668	51.0	69.0	90.0	111.333336	131.66667	149.66667	211.66667	236.0	234.33333	241.66667	
156.33333	153.0	156.33333	155.0	122.333336	88.333336	87.0	86.333336	87.666664	81.333336	73.333336	67.333336	67.666664	70.333336	72.0	74.333336	71.333336	73.666664	77.333336	78.0	81.333336	64.333336	39.666668	23.0	30.333334	45.0	61.333332	76.333336	88.0	109.666664	124.0	161.0	225.0	229.0	223.66667	236.33333	
165.33333	175.66667	199.0	163.0	108.666664	89.0	86.0	83.333336	76.666664	74.0	70.333336	68.0	69.0	71.666664	75.666664	76.666664	73.666664	71.0	71.0	62.0	49.333332	34.333332	25.333334	27.333334	40.0	54.666668	68.666664	76.666664	87.666664	102.666664	124.666664	180.66667	231.0	227.0	222.0	237.0	
200.33333	223.33333	217.66667	144.33333	100.666664	91.0	86.0	84.0	74.666664	65.666664	60.333332	58.333332	59.333332	60.333332	57.666668	54.666668	51.333332	46.0	38.666668	34.0	31.0	27.0	29.666666	38.666668	51.666668	62.0	70.333336	75.666664	84.0	105.333336	144.0	201.0	234.0	227.33333	227.66667	236.33333	
