49.0	95.333336	155.33333	173.0	177.66667	189.33333	199.0	197.66667	195.66667	196.33333	196.33333	196.66667	196.66667	195.66667	193.33333	193.33333	193.66667	194.0	194.0	193.0	190.33333	187.66667	184.33333	183.33333	183.66667	188.33333	200.66667	219.0	236.0	239.33333	233.66667	229.0	219.0	184.33333	86.666664	37.333332	
66.666664	126.0	169.0	176.0	180.33333	191.0	198.0	196.33333	195.0	196.66667	196.33333	196.0	195.66667	195.66667	193.33333	193.33333	193.66667	192.66667	195.0	193.66667	190.33333	187.0	184.33333	183.66667	182.0	185.0	194.66667	209.66667	228.33333	237.0	234.0	231.0	224.0	199.33333	114.666664	46.333332	
88.333336	148.33333	175.0	177.66667	184.0	190.66667	194.0	195.0	194.66667	195.66667	194.66667	194.66667	194.66667	195.66667	193.66667	193.33333	194.33333	194.0	197.33333	194.66667	190.66667	187.66667	184.0	183.0	182.0	184.33333	189.33333	200.33333	216.66667	231.66667	234.66667	226.33333	225.0	207.33333	142.33333	49.333332	
117.333336	163.66667	179.66667	180.0	185.33333	188.0	191.0	193.0	193.0	193.33333	193.33333	193.33333	195.33333	196.0	195.0	195.0	195.66667	197.0	199.33333	197.0	192.33333	188.66667	183.33333	182.66667	182.33333	183.0	186.0	196.33333	209.0	223.0	232.66667	225.66667	224.33333	212.66667	160.33333	62.666668	
144.0	175.0	182.33333	180.33333	185.66667	187.0	190.33333	191.66667	191.66667	191.66667	192.66667	193.66667	195.0	196.0	195.66667	196.66667	197.66667	198.66667	201.66667	200.66667	197.66667	191.66667	184.66667	183.0	181.33333	181.0	183.33333	192.0	204.33333	216.33333	228.66667	227.33333	225.66667	215.66667	177.66667	85.666664	
155.33333	179.66667	182.66667	180.66667	184.0	185.33333	189.0	190.33333	190.33333	190.66667	192.33333	193.66667	194.66667	196.0	197.33333	198.0	198.33333	200.0	201.33333	200.66667	201.33333	196.33333	187.66667	183.66667	180.66667	179.33333	180.0	187.66667	203.0	215.0	227.33333	228.66667	230.0	216.33333	185.33333	111.0	
158.33333	178.33333	182.33333	181.66667	183.0	184.66667	187.66667	189.33333	190.0	190.0	191.33333	193.66667	194.66667	195.66667	198.0	199.0	198.66667	199.33333	200.33333	199.66667	202.66667	200.0	190.0	184.66667	180.33333	178.66667	179.33333	186.33333	201.0	214.66667	225.66667	228.33333	230.66667	212.33333	187.0	131.0	
161.66667	179.0	184.66667	183.33333	181.66667	183.66667	187.33333	188.33333	190.33333	190.66667	192.0	194.33333	195.0	195.0	197.33333	198.66667	198.66667	198.66667	199.66667	200.66667	203.0	200.0	190.33333	185.0	179.33333	177.66667	179.33333	184.66667	197.33333	212.0	221.33333	223.0	223.0	205.33333	189.33333	137.0	
159.0	178.66667	184.33333	182.0	180.0	181.66667	183.33333	185.0	186.66667	188.66667	191.0	194.33333	196.0	195.66667	197.33333	198.66667	198.33333	198.33333	198.33333	199.66667	200.66667	196.66667	189.66667	184.33333	179.0	176.66667	178.33333	183.66667	194.33333	206.0	213.0	214.33333	209.66667	199.0	194.0	139.0	
151.33333	172.66667	179.66667	178.0	178.0	180.0	182.0	184.66667	187.0	187.66667	190.33333	193.66667	196.0	197.0	197.66667	198.66667	198.33333	199.33333	197.66667	198.33333	197.66667	192.66667	190.0	183.66667	178.33333	175.66667	178.0	182.33333	190.33333	200.0	205.0	203.66667	198.0	196.0	197.33333	143.66667	
149.0	164.66667	171.33333	173.0	174.33333	177.66667	179.66667	182.66667	184.33333	185.66667	188.33333	192.66667	196.33333	197.66667	198.33333	198.66667	198.0	198.33333	197.0	198.0	195.33333	191.0	189.66667	183.33333	177.66667	174.66667	176.0	181.66667	189.0	195.66667	199.66667	196.0	193.66667	196.0	199.66667	153.66667	
147.0	157.33333	165.66667	168.33333	170.66667	174.0	176.33333	178.33333	180.33333	182.66667	186.0	190.33333	194.0	195.66667	196.66667	198.33333	199.0	199.33333	198.33333	198.66667	196.33333	192.66667	189.33333	184.33333	179.0	175.66667	175.0	180.0	188.0	194.66667	197.66667	193.0	194.0	198.33333	202.66667	169.0	
143.33333	152.66667	160.66667	164.0	168.33333	173.33333	175.66667	178.33333	180.0	182.33333	185.33333	189.0	192.33333	195.0	196.0	197.66667	199.33333	198.66667	197.66667	196.66667	196.66667	194.33333	190.33333	185.66667	182.0	179.0	179.0	181.33333	185.33333	190.0	196.33333	192.33333	195.33333	200.33333	205.0	182.33333	
146.66667	151.33333	157.33333	161.66667	169.0	174.66667	176.66667	178.66667	180.66667	183.66667	187.33333	190.0	192.0	193.66667	194.66667	196.66667	198.66667	198.33333	195.66667	194.33333	195.66667	193.0	189.66667	186.33333	182.66667	180.33333	179.66667	180.66667	184.33333	190.33333	199.0	195.0	199.0	204.33333	207.33333	195.66667	
149.66667	152.33333	156.66667	160.33333	167.66667	175.33333	178.0	180.0	182.0	185.0	188.33333	190.33333	191.0	191.0	192.33333	195.66667	198.33333	197.0	195.33333	195.33333	193.66667	191.33333	186.33333	180.66667	175.33333	172.0	168.66667	170.66667	177.66667	189.66667	200.0	197.66667	203.33333	209.0	207.66667	200.33333	
154.0	156.66667	158.33333	159.33333	165.66667	173.66667	177.33333	178.66667	179.66667	181.33333	184.66667	186.66667	188.0	189.33333	190.66667	193.66667	196.33333	197.0	195.33333	192.66667	190.0	183.66667	174.66667	168.0	157.0	147.33333	139.33333	138.33333	150.33333	174.33333	191.33333	198.66667	207.0	212.0	207.0	199.0	
157.33333	156.66667	155.66667	158.33333	164.33333	166.0	160.0	153.33333	155.66667	159.66667	166.0	170.66667	174.0	181.0	187.33333	191.33333	191.33333	190.0	189.33333	185.33333	175.66667	152.33333	129.0	115.0	101.333336	91.666664	83.666664	85.0	101.0	130.66667	161.33333	189.33333	207.66667	210.66667	204.0	195.66667	
154.66667	156.0	159.33333	156.0	147.33333	135.66667	112.333336	94.666664	97.333336	105.333336	114.333336	120.333336	132.0	153.0	172.66667	181.66667	182.33333	181.33333	180.33333	174.33333	152.0	110.666664	77.333336	61.333332	57.333332	53.333332	48.666668	55.0	67.666664	91.333336	131.66667	180.0	207.0	209.0	202.66667	191.66667	
154.0	152.0	161.0	146.66667	109.666664	81.333336	62.333332	53.0	56.0	61.0	62.0	68.666664	88.333336	121.666664	153.33333	169.33333	175.0	172.66667	169.66667	155.66667	128.66667	96.333336	70.0	56.666668	49.333332	49.666668	58.666668	72.666664	76.0	92.0	123.666664	169.0	203.66667	211.66667	209.33333	193.66667	
159.0	151.0	161.0	143.66667	98.666664	77.333336	77.0	66.0	53.666668	54.0	54.0	65.333336	81.333336	101.666664	128.0	153.66667	171.66667	175.66667	171.0	144.66667	112.333336	96.0	81.333336	68.666664	64.0	63.666668	70.333336	74.333336	76.333336	105.333336	143.66667	176.66667	204.0	211.33333	204.0	178.66667	
166.66667	157.33333	162.0	146.0	112.0	97.666664	89.666664	72.333336	59.0	56.333332	65.333336	87.666664	97.0	105.333336	114.666664	138.0	167.33333	183.33333	180.0	149.33333	110.0	98.0	89.666664	87.666664	94.666664	104.333336	117.333336	123.666664	121.666664	132.66667	157.33333	181.0	200.0	207.66667	200.0	172.33333	
174.33333	164.0	164.0	153.66667	132.66667	121.0	99.0	83.0	83.0	77.0	89.333336	114.333336	111.333336	118.0	123.0	135.66667	165.0	186.66667	184.66667	156.66667	124.333336	121.0	118.0	122.0	135.66667	143.0	146.33333	151.33333	157.33333	162.33333	172.0	186.66667	195.66667	200.66667	196.66667	180.66667	
178.66667	166.0	164.0	161.33333	152.66667	145.33333	130.0	125.666664	124.0	113.333336	116.333336	133.0	129.33333	136.0	141.66667	147.0	166.66667	186.33333	184.33333	166.33333	146.33333	148.66667	152.0	153.33333	154.0	152.0	155.0	160.0	166.0	170.66667	175.0	183.66667	192.33333	190.0	186.33333	183.0	
177.33333	166.66667	161.33333	162.0	163.33333	162.0	155.66667	151.66667	145.66667	143.66667	142.33333	146.66667	146.33333	154.66667	161.33333	160.33333	170.66667	188.33333	187.66667	178.66667	165.0	158.66667	163.66667	169.66667	174.33333	176.0	176.66667	179.0	178.66667	179.0	182.66667	184.66667	187.33333	181.66667	178.33333	184.66667	
175.66667	168.0	160.0	162.0	167.66667	169.66667	170.33333	173.0	169.33333	164.66667	163.66667	166.66667	167.0	173.33333	173.33333	167.66667	175.66667	191.33333	189.33333	182.0	177.33333	164.33333	170.0	179.0	182.33333	184.33333	186.0	187.66667	184.66667	182.33333	186.66667	190.33333	188.0	179.66667	176.66667	186.33333	
179.33333	169.33333	157.0	159.66667	167.66667	176.66667	184.33333	185.33333	184.33333	181.33333	179.66667	179.33333	179.0	178.33333	173.33333	170.66667	179.33333	190.66667	190.0	182.33333	176.33333	159.33333	164.66667	179.33333	183.33333	185.66667	188.33333	187.66667	183.0	180.66667	186.0	192.66667	191.33333	179.33333	174.33333	187.66667	
180.0	169.66667	156.33333	160.0	172.0	182.0	190.0	191.33333	190.66667	188.66667	187.0	184.33333	181.66667	178.0	171.66667	172.66667	182.33333	191.0	187.0	178.0	168.33333	154.66667	163.0	177.66667	183.0	185.66667	186.66667	185.33333	180.66667	178.33333	183.33333	190.0	188.33333	178.33333	174.0	184.66667	
185.66667	176.33333	160.33333	161.33333	174.0	183.0	188.66667	190.66667	190.33333	189.0	187.33333	183.66667	178.0	173.66667	169.66667	173.66667	185.33333	191.0	184.0	177.33333	164.0	154.66667	165.66667	175.33333	179.66667	181.33333	182.33333	182.0	177.0	172.66667	175.66667	181.33333	183.33333	178.66667	176.0	186.66667	
194.66667	181.33333	161.66667	157.66667	169.0	178.0	183.0	185.33333	186.33333	186.66667	183.0	178.66667	173.0	170.66667	169.33333	174.66667	187.66667	191.33333	184.33333	181.33333	167.66667	159.0	167.0	171.0	172.66667	172.0	175.0	177.0	172.0	166.33333	165.66667	169.66667	176.33333	173.66667	167.0	179.66667	
197.0	181.0	164.66667	154.0	161.0	170.66667	174.33333	179.0	182.66667	184.33333	179.33333	172.66667	169.0	174.33333	175.66667	181.0	190.66667	192.33333	187.66667	181.0	173.0	168.33333	169.66667	167.0	163.33333	157.0	155.66667	161.33333	164.33333	165.0	162.0	157.66667	168.0	174.0	169.33333	181.66667	
198.33333	183.33333	174.66667	156.33333	151.66667	158.33333	163.33333	171.0	174.0	168.33333	161.33333	162.66667	163.66667	172.0	178.66667	182.0	189.0	191.33333	185.66667	177.66667	176.66667	169.0	158.66667	156.66667	159.33333	153.33333	143.0	139.33333	144.33333	156.66667	160.66667	152.33333	163.0	173.33333	187.33333	198.0	
201.33333	187.0	172.33333	155.33333	150.33333	147.0	150.33333	157.33333	152.66667	145.0	149.66667	158.33333	156.33333	158.0	161.0	164.0	178.33333	182.33333	172.0	161.0	160.66667	147.66667	137.0	146.33333	156.33333	155.33333	148.66667	140.0	130.66667	140.33333	153.0	150.66667	158.33333	167.33333	190.0	200.33333	
204.66667	192.0	172.0	154.0	150.66667	141.33333	144.66667	148.33333	137.0	143.0	158.0	163.0	157.66667	148.33333	141.66667	138.33333	145.66667	150.0	138.66667	121.333336	114.666664	112.666664	127.0	149.33333	154.66667	151.66667	150.66667	150.33333	137.33333	133.66667	144.33333	150.0	157.0	165.66667	190.33333	203.33333	
205.66667	199.0	183.0	157.0	150.0	143.66667	145.66667	148.33333	141.33333	153.66667	159.33333	157.0	158.33333	151.33333	144.0	135.66667	129.66667	127.333336	119.333336	115.333336	118.666664	128.0	141.33333	153.66667	152.33333	143.33333	142.0	148.66667	145.33333	142.66667	143.66667	145.33333	150.33333	163.0	191.0	202.33333	
191.33333	169.0	127.333336	105.333336	137.66667	143.0	146.33333	153.0	156.0	159.0	152.33333	146.0	148.66667	151.0	147.66667	143.33333	138.0	129.66667	126.333336	135.66667	144.0	149.33333	152.33333	150.0	136.33333	130.0	136.66667	141.66667	151.33333	151.33333	144.33333	144.0	147.33333	164.33333	193.0	203.66667	
144.66667	93.333336	40.666668	46.0	122.333336	137.66667	142.33333	157.0	164.0	158.33333	146.33333	142.0	141.66667	145.0	148.0	149.0	143.66667	138.0	144.33333	153.66667	155.0	146.66667	134.33333	119.333336	115.0	129.66667	147.33333	155.66667	160.0	153.33333	141.0	137.66667	144.0	157.33333	186.0	203.66667	
56.333332	24.0	7.6666665	23.333334	101.0	137.0	139.66667	152.0	162.33333	156.0	139.0	125.0	115.0	117.666664	128.66667	131.0	128.66667	131.0	137.66667	137.0	129.33333	119.0	111.333336	115.0	132.33333	150.33333	161.0	165.33333	156.33333	142.33333	137.33333	136.33333	143.66667	155.33333	167.33333	192.0	
7.3333335	5.6666665	6.0	14.333333	76.333336	130.66667	135.33333	144.66667	159.33333	165.66667	160.66667	152.33333	135.0	121.0	119.0	121.333336	126.333336	134.0	133.66667	133.0	127.333336	125.333336	132.33333	144.0	152.66667	160.33333	164.33333	162.66667	145.66667	132.33333	133.0	135.33333	154.33333	172.0	162.66667	171.66667	
2.0	2.0	4.6666665	13.333333	57.333332	118.666664	131.0	135.33333	149.33333	166.33333	171.33333	169.66667	159.66667	147.66667	137.66667	135.33333	141.66667	155.0	161.33333	159.33333	149.0	145.0	153.66667	161.66667	161.66667	162.66667	164.0	157.0	137.66667	132.66667	131.0	137.0	171.0	191.66667	179.33333	162.66667	
1.3333334	2.3333333	8.333333	34.0	79.666664	116.0	129.66667	134.0	141.33333	155.0	167.33333	168.66667	165.66667	162.66667	161.0	157.0	154.0	157.66667	161.33333	159.0	158.33333	161.0	164.33333	165.33333	164.66667	164.33333	164.0	154.0	139.33333	139.0	132.0	145.66667	185.33333	193.33333	193.66667	171.0	
1.6666666	2.6666667	13.0	55.666668	98.333336	97.666664	113.666664	133.33333	140.0	145.33333	159.66667	168.0	166.66667	163.66667	165.0	164.33333	160.66667	159.66667	155.66667	155.0	157.66667	157.66667	159.0	162.0	163.66667	166.0	164.66667	155.33333	148.33333	140.66667	130.33333	155.0	197.33333	178.66667	184.0	187.33333	
2.6666667	6.0	12.0	34.0	60.0	57.0	103.333336	139.0	141.0	144.33333	153.33333	167.66667	169.0	160.0	160.33333	160.33333	154.66667	151.66667	148.0	147.66667	148.33333	149.66667	153.0	158.0	161.66667	166.33333	166.33333	158.66667	148.33333	131.33333	128.0	164.33333	210.33333	166.66667	147.0	170.66667	
3.6666667	12.0	22.666666	34.0	43.333332	45.333332	126.333336	162.0	147.33333	143.33333	150.0	168.0	172.66667	165.0	161.0	156.33333	153.0	151.0	149.66667	149.33333	153.0	156.0	157.66667	160.66667	163.0	168.66667	166.33333	160.0	137.33333	118.0	136.66667	171.66667	220.33333	180.33333	108.666664	132.66667	
14.666667	28.0	34.666668	39.333332	41.333332	48.0	149.66667	177.66667	156.0	145.0	147.33333	162.0	172.33333	171.66667	168.0	163.33333	161.66667	158.66667	156.66667	158.33333	163.33333	165.0	167.0	168.0	168.33333	173.33333	163.33333	151.0	118.333336	115.666664	148.33333	178.66667	225.66667	197.66667	93.666664	97.0	
31.333334	34.333332	32.333332	33.333332	37.333332	53.0	168.0	187.66667	162.33333	153.33333	146.0	154.0	169.33333	176.0	175.33333	172.66667	170.66667	167.33333	164.0	165.66667	169.33333	169.33333	169.0	171.33333	171.66667	169.33333	157.66667	122.333336	113.333336	131.0	153.66667	187.0	227.33333	208.0	96.666664	80.0	
31.0	28.333334	32.666668	30.333334	34.333332	64.0	179.66667	197.0	169.0	160.0	152.66667	152.66667	163.66667	173.33333	177.0	179.33333	178.66667	177.0	174.66667	175.66667	178.0	175.0	170.66667	170.66667	170.33333	163.66667	126.0	101.0	127.0	141.66667	160.0	197.33333	230.0	213.0	102.0	73.0	
23.333334	25.0	33.0	28.333334	29.333334	73.666664	190.0	208.33333	177.0	162.66667	159.0	156.33333	157.0	165.66667	173.0	178.66667	180.33333	180.0	178.33333	178.33333	181.0	175.66667	167.33333	165.0	161.66667	135.66667	96.666664	117.0	142.66667	149.66667	174.66667	211.0	233.0	212.33333	101.333336	65.666664	
19.666666	23.0	28.666666	27.666666	27.666666	80.666664	193.0	215.0	190.0	168.0	162.0	161.0	156.0	153.0	158.33333	166.66667	169.33333	171.0	170.33333	170.33333	170.33333	165.33333	155.66667	149.33333	138.66667	107.666664	110.0	138.0	151.0	167.33333	200.33333	223.0	231.33333	211.33333	100.333336	59.0	
22.333334	24.666666	27.0	26.666666	29.333334	85.333336	191.66667	222.0	208.66667	179.33333	169.33333	166.33333	161.33333	148.0	140.66667	142.33333	144.33333	150.0	156.0	155.33333	148.66667	136.66667	125.666664	124.666664	121.0	116.333336	135.0	148.0	161.33333	193.33333	224.33333	225.33333	230.33333	208.66667	99.333336	55.0	
