93.666664	78.666664	91.0	84.333336	109.666664	147.66667	154.0	161.33333	171.66667	173.33333	171.33333	177.0	183.33333	182.66667	176.66667	182.66667	193.0	199.0	204.33333	207.66667	206.0	202.0	196.66667	192.33333	187.66667	182.33333	180.0	176.66667	172.66667	162.0	156.66667	161.0	147.66667	122.0	107.666664	92.333336	
88.333336	72.333336	88.0	74.0	121.333336	147.0	158.0	168.33333	172.0	174.66667	173.66667	180.33333	190.0	191.66667	191.0	199.0	203.0	208.33333	211.0	208.66667	206.33333	200.33333	195.66667	190.66667	188.0	181.33333	174.33333	170.0	166.0	156.33333	153.0	156.66667	155.33333	140.0	121.666664	104.333336	
72.0	72.666664	96.333336	94.666664	131.33333	144.33333	156.66667	163.33333	171.0	179.33333	182.0	190.33333	197.33333	198.0	201.0	204.66667	206.33333	208.33333	210.0	207.0	203.66667	198.33333	192.0	187.33333	183.33333	176.33333	165.33333	161.0	159.33333	151.66667	152.0	151.0	153.33333	145.66667	133.66667	124.333336	
62.333332	75.333336	96.333336	106.333336	131.0	138.33333	150.66667	160.33333	173.0	178.66667	177.33333	179.66667	180.66667	182.66667	183.66667	185.33333	188.0	187.33333	188.33333	190.33333	189.0	186.33333	176.66667	177.33333	180.0	175.0	163.33333	158.33333	154.66667	148.33333	149.66667	146.33333	146.0	146.33333	146.66667	147.66667	
63.333332	83.0	105.333336	122.0	134.66667	135.0	151.66667	160.0	170.0	181.0	186.66667	188.66667	190.0	191.33333	189.66667	188.33333	192.33333	196.0	198.33333	200.33333	199.33333	197.66667	188.0	176.33333	173.33333	166.33333	155.66667	149.66667	148.66667	150.33333	152.0	140.0	138.0	146.66667	152.0	154.0	
78.666664	95.0	110.666664	126.333336	135.0	138.0	143.66667	161.0	178.0	184.66667	183.0	180.33333	186.33333	192.33333	191.33333	188.66667	189.0	188.0	189.33333	189.0	188.0	189.66667	186.0	180.66667	176.66667	172.0	162.33333	147.66667	141.0	140.0	143.0	136.0	137.33333	149.66667	159.0	156.0	
88.666664	99.666664	115.333336	122.666664	128.0	135.33333	154.0	168.33333	173.0	173.0	170.33333	172.33333	177.66667	183.66667	181.66667	177.0	181.0	185.33333	189.0	194.0	191.33333	181.33333	174.66667	166.33333	160.0	155.0	152.33333	156.33333	156.33333	147.0	140.0	137.66667	145.33333	155.66667	162.33333	152.66667	
97.333336	107.0	118.333336	122.666664	127.333336	137.33333	142.66667	149.0	162.33333	177.33333	184.66667	189.0	190.33333	192.0	189.66667	189.0	188.33333	187.33333	185.66667	187.66667	189.0	187.33333	189.33333	181.0	171.66667	159.66667	151.66667	147.33333	149.66667	153.66667	145.66667	143.66667	154.66667	159.33333	159.0	147.33333	
107.333336	117.0	119.666664	122.666664	128.33333	136.66667	145.0	159.66667	176.0	187.66667	190.33333	192.33333	195.0	193.33333	188.33333	186.0	185.0	184.66667	188.0	190.66667	188.66667	180.66667	175.66667	166.66667	160.33333	160.33333	157.0	152.33333	148.33333	145.33333	141.66667	139.66667	150.33333	154.66667	153.33333	143.66667	
106.666664	129.0	122.0	119.666664	125.0	141.0	156.0	160.33333	163.33333	174.66667	185.33333	191.0	190.33333	188.66667	184.66667	186.0	188.0	187.0	188.66667	194.33333	194.66667	195.33333	188.0	179.33333	172.0	167.33333	159.33333	150.33333	151.0	153.33333	140.66667	136.33333	148.33333	151.33333	152.0	136.66667	
107.666664	135.66667	116.0	117.0	132.0	141.33333	158.33333	174.0	178.66667	184.66667	192.33333	198.66667	196.0	192.66667	188.66667	187.0	185.66667	185.0	184.33333	180.33333	188.33333	195.33333	192.66667	189.0	184.33333	176.0	166.66667	160.0	151.33333	153.33333	144.33333	142.66667	152.0	147.0	144.66667	123.0	
104.666664	123.666664	98.0	110.333336	136.33333	143.66667	157.66667	173.0	176.66667	179.0	183.66667	190.66667	196.66667	199.33333	195.33333	190.33333	185.0	177.0	172.0	161.0	162.66667	167.0	169.0	161.66667	156.0	146.66667	136.33333	136.0	149.66667	154.66667	146.33333	145.0	150.0	148.66667	140.0	115.666664	
88.666664	104.666664	88.666664	105.333336	128.33333	113.666664	121.666664	134.0	136.66667	144.33333	158.66667	176.33333	183.66667	191.33333	192.0	188.33333	186.66667	179.33333	176.0	159.33333	146.66667	139.0	122.0	107.666664	104.333336	112.333336	111.666664	115.666664	140.33333	153.66667	151.33333	149.66667	150.33333	155.33333	146.66667	121.666664	
74.333336	87.0	89.333336	102.333336	122.0	102.666664	98.333336	100.0	100.333336	116.666664	135.0	161.33333	173.66667	179.33333	184.33333	185.0	189.66667	182.33333	171.33333	152.33333	121.666664	95.666664	82.333336	79.333336	86.0	99.666664	115.0	130.33333	142.66667	153.0	156.33333	152.66667	149.33333	155.33333	154.66667	139.66667	
82.666664	87.666664	89.0	105.666664	122.0	111.0	99.666664	80.333336	70.0	77.333336	96.0	126.0	149.66667	163.66667	173.66667	179.0	184.0	175.33333	157.0	132.33333	99.666664	74.666664	72.666664	86.0	104.666664	118.0	137.66667	151.0	154.66667	152.66667	151.66667	146.66667	148.33333	156.0	155.66667	148.66667	
106.0	108.666664	100.666664	115.666664	126.0	133.33333	113.333336	78.666664	66.666664	60.333332	64.333336	80.0	102.0	124.333336	152.0	174.0	176.66667	154.0	128.33333	104.333336	84.666664	62.333332	47.666668	55.0	68.0	83.666664	109.0	135.33333	148.0	149.66667	141.66667	137.0	145.66667	157.33333	155.66667	152.0	
97.333336	98.666664	96.333336	119.333336	117.0	121.333336	83.0	51.666668	41.666668	27.0	29.0	46.666668	67.333336	84.333336	125.333336	176.33333	178.33333	135.0	96.333336	79.0	65.0	53.666668	49.333332	35.333332	41.333332	54.333332	72.0	85.333336	119.0	130.66667	128.66667	135.0	147.66667	159.33333	154.66667	149.33333	
89.666664	93.333336	87.0	118.666664	111.333336	100.333336	64.333336	60.666668	71.666664	39.0	32.0	46.333332	49.333332	57.0	109.333336	181.0	183.0	144.0	115.333336	97.0	97.333336	111.0	137.0	103.333336	77.333336	101.0	107.333336	87.666664	99.0	127.666664	138.0	144.33333	155.33333	158.0	154.0	142.66667	
86.333336	99.0	95.0	122.666664	128.0	118.333336	108.333336	126.666664	147.66667	124.666664	127.333336	141.33333	122.0	122.666664	145.33333	193.66667	191.33333	171.33333	166.33333	168.33333	174.0	179.0	190.0	176.33333	161.0	175.66667	174.66667	160.33333	156.66667	151.66667	155.66667	163.33333	162.33333	154.33333	149.66667	140.0	
89.333336	115.0	114.333336	133.66667	152.33333	150.66667	167.33333	176.0	179.33333	178.33333	183.33333	191.0	191.66667	185.33333	174.33333	191.33333	190.66667	178.33333	180.33333	186.33333	193.0	191.33333	190.66667	190.66667	190.33333	192.66667	193.33333	192.0	189.0	183.33333	185.0	185.66667	177.33333	160.33333	145.66667	134.66667	
76.666664	101.666664	121.666664	141.66667	171.33333	174.66667	177.0	177.66667	179.0	178.66667	181.0	186.66667	193.0	180.0	171.66667	184.66667	183.66667	173.66667	177.66667	186.66667	192.0	187.66667	186.0	192.66667	196.0	195.66667	191.66667	188.33333	187.0	195.33333	196.33333	189.0	179.66667	161.0	144.33333	128.33333	
57.0	69.333336	117.0	147.0	175.0	177.33333	169.66667	164.66667	163.0	166.0	176.0	188.66667	188.33333	167.66667	173.0	188.0	174.0	163.66667	170.0	183.66667	200.0	194.0	180.0	174.66667	173.33333	174.0	173.66667	177.66667	188.66667	199.0	194.33333	188.33333	178.66667	162.0	145.66667	134.33333	
47.0	50.666668	102.0	149.33333	178.0	184.33333	176.66667	170.0	172.66667	178.66667	188.33333	192.33333	179.0	161.33333	179.66667	198.0	171.66667	156.0	167.0	176.66667	195.66667	206.0	201.33333	189.66667	182.0	183.33333	185.66667	193.33333	197.66667	198.33333	190.0	178.0	169.0	158.0	143.66667	128.66667	
35.333332	38.0	89.666664	148.0	177.0	192.0	191.0	186.0	187.0	192.33333	194.66667	186.66667	169.66667	162.33333	184.66667	198.0	172.0	159.0	169.66667	174.66667	188.33333	201.0	207.66667	204.33333	207.0	212.66667	210.33333	205.0	198.66667	187.33333	178.0	165.0	155.66667	142.66667	129.66667	120.333336	
30.333334	30.0	67.333336	130.0	164.33333	183.0	189.0	191.0	192.33333	192.33333	190.33333	174.66667	161.66667	166.33333	191.66667	198.66667	172.66667	160.0	165.33333	167.0	177.66667	193.33333	206.66667	207.33333	210.66667	216.66667	215.0	202.0	188.0	169.0	164.0	155.66667	143.66667	130.66667	119.0	120.666664	
27.333334	26.333334	48.0	109.333336	147.33333	169.66667	181.66667	188.33333	192.0	189.66667	184.66667	159.0	147.0	163.33333	196.66667	201.0	171.66667	160.33333	156.0	153.66667	159.33333	175.0	193.0	200.0	204.0	207.66667	204.66667	190.0	172.0	160.66667	155.0	149.0	139.33333	129.0	124.0	125.666664	
24.666666	24.333334	38.666668	98.666664	132.66667	157.33333	172.66667	182.33333	187.0	184.33333	173.33333	157.33333	156.33333	158.0	188.66667	190.66667	166.0	157.0	163.33333	164.33333	159.0	161.0	170.33333	182.66667	189.33333	193.0	191.33333	178.66667	164.33333	154.66667	146.33333	140.33333	138.33333	134.0	124.666664	124.666664	
25.0	26.0	32.0	84.666664	118.0	139.0	162.0	175.0	179.33333	177.0	159.0	155.66667	162.66667	162.0	187.33333	188.33333	167.66667	170.66667	182.0	174.33333	158.0	151.33333	157.33333	168.0	178.0	184.0	180.0	173.0	163.33333	151.33333	140.66667	138.33333	144.0	139.33333	128.66667	128.33333	
26.0	24.666666	27.0	66.333336	110.0	122.0	149.66667	167.66667	172.66667	165.66667	147.66667	135.66667	130.0	151.0	172.66667	174.66667	157.66667	153.66667	133.66667	117.0	121.666664	131.0	150.33333	154.33333	165.66667	174.66667	174.33333	167.33333	158.0	146.33333	136.33333	140.33333	147.66667	139.33333	131.33333	131.66667	
25.666666	25.0	25.333334	43.333332	108.333336	120.666664	136.33333	158.0	164.0	155.33333	145.0	134.66667	80.0	96.666664	128.0	128.0	115.333336	87.666664	51.0	44.333332	70.333336	126.0	162.0	155.0	154.33333	166.33333	168.66667	162.66667	152.66667	140.66667	134.0	143.66667	147.33333	136.33333	133.0	131.33333	
26.666666	25.333334	23.666666	34.333332	104.333336	128.0	128.33333	149.0	156.66667	149.0	150.33333	151.0	106.0	80.0	68.333336	68.0	65.0	63.0	96.666664	111.0	123.333336	154.33333	174.66667	169.33333	154.0	156.0	160.66667	157.66667	151.0	140.0	138.0	147.33333	149.0	137.0	131.66667	126.0	
27.0	26.0	23.333334	29.666666	92.666664	132.66667	128.0	143.0	151.0	145.33333	156.66667	161.33333	145.33333	118.0	79.0	43.666668	52.666668	107.333336	154.33333	167.0	165.66667	170.0	176.0	176.0	166.0	156.33333	157.66667	156.0	150.66667	139.33333	142.0	152.33333	149.66667	136.33333	128.0	121.0	
27.666666	26.333334	24.666666	26.0	79.666664	132.0	128.33333	140.0	149.66667	147.0	157.33333	158.66667	157.33333	143.66667	123.333336	98.0	106.333336	153.0	171.66667	174.0	170.33333	170.0	168.66667	169.66667	166.33333	159.0	157.33333	155.0	150.33333	144.0	147.33333	154.33333	147.0	135.66667	127.666664	117.0	
28.0	27.333334	26.0	24.666666	66.666664	127.0	127.0	138.0	151.33333	150.66667	155.66667	149.33333	154.0	160.0	163.33333	165.66667	169.0	183.33333	187.33333	182.66667	172.33333	163.0	158.66667	159.66667	159.33333	157.66667	158.33333	157.33333	154.0	147.0	148.33333	149.0	144.33333	134.33333	126.333336	114.666664	
27.666666	28.0	27.666666	27.0	53.0	114.333336	124.0	135.66667	149.0	149.33333	147.66667	137.33333	147.33333	163.0	169.66667	180.66667	184.66667	184.66667	186.0	178.0	167.66667	156.66667	147.0	149.0	152.66667	156.0	159.0	158.0	155.0	147.66667	145.0	141.0	144.66667	134.33333	122.666664	108.666664	
28.0	28.333334	28.0	28.333334	42.666668	100.333336	119.333336	133.0	149.0	147.33333	133.66667	120.0	131.33333	141.0	141.0	158.0	169.0	163.0	156.66667	155.66667	155.33333	150.0	140.0	139.33333	143.33333	152.0	161.33333	163.0	159.33333	149.66667	138.66667	131.66667	138.0	130.0	117.333336	99.0	
30.0	29.666666	29.666666	31.0	35.333332	80.0	109.0	126.666664	150.66667	148.66667	124.666664	92.0	73.333336	53.666668	42.666668	55.333332	69.0	64.333336	57.0	62.333332	76.333336	94.666664	112.0	126.0	135.33333	148.66667	161.33333	166.33333	161.0	148.66667	130.0	123.0	132.0	126.333336	111.333336	89.666664	
34.0	33.666668	33.333332	33.0	34.333332	65.333336	103.333336	120.666664	152.66667	156.33333	128.66667	69.333336	28.333334	11.0	5.6666665	8.666667	13.0	12.666667	11.0	12.333333	15.333333	24.333334	40.666668	71.0	106.666664	138.0	159.66667	168.33333	162.33333	147.0	125.333336	117.333336	130.66667	129.0	106.0	76.0	
49.333332	51.333332	53.666668	55.666668	59.333332	69.333336	100.666664	111.666664	149.33333	161.33333	135.66667	95.666664	69.666664	36.0	17.333334	13.0	11.333333	10.0	8.0	9.666667	12.666667	12.666667	17.333334	38.333332	74.0	111.0	149.0	169.0	163.0	145.33333	120.0	115.0	137.33333	131.0	97.333336	66.333336	
73.666664	74.333336	69.333336	65.0	60.333332	57.0	85.666664	105.333336	141.0	156.33333	143.0	141.33333	138.66667	117.333336	97.666664	82.666664	60.333332	54.666668	62.0	74.333336	77.666664	65.333336	87.666664	122.0	134.0	132.0	144.0	161.33333	158.0	140.0	112.0	113.666664	140.33333	127.666664	86.666664	61.666668	
73.0	65.333336	55.666668	48.0	39.0	30.666666	52.333332	97.333336	126.333336	150.33333	151.66667	157.0	157.33333	160.66667	164.0	167.0	159.33333	162.0	167.0	171.33333	168.0	154.66667	164.0	166.33333	156.0	153.66667	149.33333	153.0	149.0	127.333336	102.0	116.0	141.0	117.666664	74.666664	57.666668	
58.333332	52.0	44.666668	37.333332	29.666666	23.666666	29.333334	73.333336	110.333336	148.0	161.0	157.66667	153.0	149.66667	160.66667	168.33333	174.33333	183.66667	187.66667	190.0	183.0	174.33333	171.33333	157.33333	153.33333	160.66667	160.0	154.0	144.33333	116.666664	94.666664	121.666664	137.66667	105.666664	61.666668	48.333332	
50.333332	47.333332	43.666668	34.666668	31.0	24.666666	20.666666	41.666668	88.666664	134.33333	162.66667	164.33333	149.0	133.33333	135.0	151.66667	166.0	177.0	180.33333	181.66667	177.66667	164.33333	151.0	142.66667	153.0	166.0	170.0	166.33333	143.66667	103.333336	88.333336	128.0	132.66667	94.0	45.333332	37.0	
46.0	43.666668	43.333332	38.333332	31.666666	26.333334	20.666666	28.333334	62.666668	116.0	157.33333	170.33333	153.33333	137.0	121.0	112.333336	113.0	122.666664	131.66667	138.66667	142.0	139.33333	136.66667	138.66667	155.33333	169.33333	175.66667	170.0	141.0	87.666664	92.0	137.33333	125.333336	72.666664	38.333332	27.666666	
48.0	46.666668	43.666668	40.666668	34.0	26.333334	21.666666	21.333334	36.666668	91.0	147.0	172.33333	167.33333	146.66667	137.0	125.666664	109.0	98.333336	98.333336	106.0	118.0	128.33333	132.33333	143.33333	163.66667	178.0	179.66667	166.0	125.666664	79.0	111.333336	139.33333	107.333336	50.666668	27.0	10.333333	
47.666668	47.0	42.666668	41.333332	35.0	26.666666	19.666666	19.0	27.0	56.0	118.666664	168.33333	182.33333	169.33333	158.0	152.66667	146.33333	135.66667	127.666664	129.0	133.0	141.0	145.66667	158.66667	176.66667	184.66667	180.0	156.33333	106.0	80.0	124.0	122.666664	73.0	30.0	9.333333	5.3333335	
48.666668	46.0	42.666668	41.666668	32.0	24.666666	21.0	21.0	22.666666	29.333334	72.333336	144.0	181.33333	184.66667	177.0	172.66667	173.0	175.0	176.66667	174.33333	168.66667	164.66667	169.0	177.33333	184.0	182.66667	176.0	134.66667	77.666664	82.333336	112.333336	84.666664	37.333332	11.333333	5.3333335	7.6666665	
47.666668	46.666668	43.333332	36.666668	27.666666	25.333334	26.666666	21.666666	24.666666	27.0	37.666668	95.0	148.66667	171.0	182.0	187.33333	187.33333	188.33333	187.0	186.66667	186.0	185.66667	189.0	190.66667	189.33333	183.66667	155.33333	92.666664	51.666668	77.0	81.666664	42.666668	11.333333	2.6666667	2.6666667	9.333333	
47.666668	43.0	35.0	30.666666	28.666666	28.333334	24.0	21.666666	25.333334	32.0	39.333332	48.333332	60.666668	76.333336	109.0	156.66667	185.66667	190.0	189.0	190.0	190.66667	191.33333	188.66667	191.0	187.33333	168.0	110.0	46.666668	40.0	53.0	34.666668	11.333333	4.6666665	2.6666667	4.3333335	13.666667	
