23.0	28.333334	77.666664	161.0	172.66667	149.0	159.66667	163.33333	164.66667	164.66667	168.33333	162.33333	160.66667	168.33333	174.0	185.33333	197.66667	203.33333	207.0	208.0	208.66667	209.33333	206.0	204.0	201.0	195.33333	193.0	189.66667	182.66667	176.33333	169.33333	158.33333	147.33333	136.0	126.333336	123.333336	
23.333334	31.333334	118.333336	183.33333	160.66667	153.66667	161.0	161.66667	158.66667	165.0	179.0	187.66667	196.33333	202.66667	206.66667	208.66667	209.0	209.0	208.33333	210.0	211.66667	210.33333	206.33333	204.0	199.0	194.33333	194.66667	191.66667	185.0	180.66667	172.0	160.0	148.33333	138.66667	127.0	126.333336	
34.333332	67.666664	163.0	182.33333	166.0	156.66667	156.33333	162.0	168.66667	182.66667	198.66667	207.0	209.33333	209.0	206.66667	207.66667	207.66667	208.66667	209.66667	208.33333	210.0	209.33333	203.66667	199.0	196.33333	194.33333	195.66667	193.66667	189.0	185.33333	174.66667	161.0	150.66667	143.0	131.33333	125.666664	
36.666668	105.0	177.66667	175.33333	160.33333	144.33333	161.33333	176.66667	187.66667	193.33333	201.0	207.33333	207.0	210.0	205.66667	204.33333	206.66667	209.33333	208.66667	205.66667	208.33333	207.66667	202.33333	200.0	198.0	194.66667	195.66667	195.33333	192.0	185.0	173.33333	160.0	151.33333	146.66667	136.33333	126.333336	
63.666668	152.33333	184.0	177.66667	154.0	153.66667	179.33333	185.66667	192.66667	197.33333	201.33333	205.66667	206.66667	210.66667	210.0	208.66667	210.0	210.33333	208.66667	208.33333	210.66667	206.66667	199.66667	197.66667	199.0	198.0	197.0	193.66667	191.33333	183.66667	172.66667	161.33333	154.0	151.0	141.33333	121.666664	
91.0	170.66667	180.66667	173.33333	147.66667	172.0	187.66667	187.0	193.33333	201.33333	204.0	207.0	209.33333	212.66667	213.0	212.0	213.0	212.0	212.33333	212.0	210.0	207.66667	200.66667	197.66667	197.33333	199.33333	198.33333	194.66667	191.66667	185.0	174.0	164.33333	158.66667	154.66667	145.33333	117.333336	
125.0	176.0	180.33333	169.0	157.33333	183.66667	185.33333	186.66667	193.66667	201.33333	205.66667	208.0	212.0	214.0	212.66667	211.0	210.33333	210.33333	211.66667	208.66667	205.0	208.33333	207.0	203.66667	200.33333	202.33333	200.0	196.0	192.66667	186.33333	175.66667	167.66667	163.0	158.0	147.33333	121.0	
133.66667	169.0	177.33333	168.66667	168.0	185.66667	182.0	183.66667	194.66667	204.66667	208.33333	211.33333	214.0	214.66667	214.0	211.0	206.0	201.0	202.0	203.66667	203.33333	205.0	206.66667	206.33333	208.0	211.33333	199.66667	196.0	192.33333	186.66667	175.33333	166.66667	164.0	156.66667	140.0	117.666664	
143.0	167.66667	173.66667	166.66667	172.66667	187.0	185.33333	183.66667	196.0	204.66667	212.0	212.66667	213.0	216.0	213.33333	211.66667	206.33333	200.33333	196.66667	199.33333	205.33333	208.0	209.33333	210.66667	212.0	211.0	206.66667	204.0	194.66667	186.66667	177.66667	167.0	162.66667	155.66667	135.0	115.333336	
143.33333	165.33333	174.66667	168.33333	176.66667	184.33333	180.33333	180.66667	198.66667	208.66667	209.66667	208.33333	210.0	218.0	211.33333	217.0	217.33333	210.66667	196.66667	194.0	200.0	201.0	203.33333	206.66667	209.0	192.66667	182.33333	177.33333	168.0	163.33333	163.33333	161.33333	157.66667	154.66667	137.0	118.666664	
146.0	167.66667	180.0	176.0	175.0	177.33333	196.0	212.0	218.33333	212.0	194.0	183.66667	183.0	187.33333	181.0	197.33333	204.33333	204.33333	186.66667	172.66667	170.33333	168.66667	173.66667	175.33333	164.66667	138.33333	126.666664	135.33333	138.66667	141.33333	144.33333	138.0	134.33333	137.0	132.33333	123.666664	
159.66667	175.66667	186.66667	179.0	179.33333	197.33333	211.66667	205.33333	194.33333	187.33333	181.0	171.33333	154.33333	152.33333	152.33333	159.66667	162.66667	157.33333	157.66667	170.0	167.66667	172.0	195.0	175.0	141.33333	130.33333	130.0	141.0	138.66667	134.0	122.333336	110.333336	106.666664	112.666664	115.666664	111.666664	
172.0	181.66667	184.66667	170.66667	178.33333	189.0	192.33333	191.0	194.33333	197.33333	195.0	181.0	162.33333	156.33333	162.33333	173.0	185.66667	169.66667	163.66667	195.0	184.0	178.33333	200.0	165.33333	161.66667	165.33333	157.33333	141.66667	119.333336	109.333336	106.333336	104.0	101.0	99.666664	100.0	105.0	
176.66667	179.33333	179.33333	164.66667	172.33333	173.33333	173.66667	181.33333	194.0	201.0	197.33333	175.33333	156.0	144.33333	148.0	153.0	170.0	190.66667	182.0	199.33333	181.33333	169.66667	177.0	156.33333	170.66667	176.66667	170.0	145.66667	119.0	108.666664	103.333336	101.0	104.666664	109.0	99.666664	96.0	
179.0	179.33333	164.0	158.0	173.0	167.66667	160.66667	171.0	188.33333	197.66667	199.66667	183.0	170.33333	168.0	168.33333	165.0	157.0	182.0	186.33333	188.0	179.0	173.66667	149.33333	131.33333	160.0	189.0	197.66667	182.33333	166.0	153.0	133.33333	117.333336	104.0	94.333336	91.333336	90.666664	
171.0	172.66667	146.33333	145.66667	163.66667	170.0	163.33333	165.0	174.33333	177.33333	170.33333	150.33333	132.33333	141.0	156.66667	169.66667	157.66667	184.33333	194.33333	195.33333	187.0	168.0	135.66667	109.333336	132.0	183.0	187.0	174.66667	172.0	167.33333	153.33333	143.0	125.666664	101.666664	92.333336	92.333336	
173.33333	169.66667	149.33333	143.66667	157.0	166.33333	161.66667	163.66667	153.0	134.0	115.666664	93.666664	79.666664	104.666664	120.333336	132.0	153.66667	197.33333	200.66667	193.33333	187.0	166.66667	132.66667	105.666664	94.0	123.666664	133.66667	152.66667	157.0	134.33333	111.0	114.0	121.0	103.666664	91.333336	99.666664	
176.33333	171.66667	170.33333	150.0	164.0	179.33333	163.66667	170.0	166.33333	155.0	145.66667	113.333336	106.666664	136.0	141.33333	146.66667	180.0	203.33333	197.66667	190.66667	182.0	155.66667	107.0	99.333336	96.666664	112.0	140.0	174.66667	177.0	121.0	89.666664	95.0	101.0	97.0	94.333336	106.666664	
178.66667	181.66667	191.33333	160.66667	162.66667	189.66667	182.33333	183.33333	190.0	190.0	187.0	179.33333	176.66667	176.33333	168.0	174.66667	193.0	196.0	199.0	193.0	172.66667	135.0	94.0	95.333336	108.0	122.0	157.0	172.0	179.33333	154.33333	129.66667	135.33333	135.33333	124.333336	112.333336	113.666664	
172.33333	187.66667	195.66667	172.33333	169.0	191.33333	196.66667	192.0	196.33333	202.0	202.33333	199.66667	200.0	189.0	181.66667	190.0	192.33333	189.66667	197.66667	187.33333	152.66667	112.333336	95.666664	97.0	110.666664	123.666664	163.66667	181.0	184.0	180.0	168.33333	162.66667	154.0	142.66667	126.0	120.666664	
161.0	188.0	191.66667	182.66667	183.0	196.0	205.33333	198.33333	197.0	201.33333	206.66667	200.0	195.0	191.66667	193.0	196.33333	189.33333	188.33333	193.66667	180.33333	141.66667	105.333336	98.666664	101.666664	112.666664	129.66667	159.0	180.33333	191.66667	189.66667	176.33333	164.33333	150.33333	142.33333	128.66667	126.666664	
180.0	191.66667	188.33333	185.0	190.33333	200.33333	207.0	199.66667	198.0	200.33333	201.33333	199.66667	196.0	200.0	202.66667	197.0	189.66667	189.66667	192.66667	182.0	141.66667	104.333336	100.0	110.333336	126.666664	146.0	164.66667	176.66667	182.33333	181.0	172.66667	159.66667	148.66667	139.33333	132.66667	138.33333	
187.33333	192.33333	187.66667	183.66667	191.0	200.33333	208.33333	205.33333	204.0	203.0	203.0	207.66667	204.66667	203.0	201.66667	196.0	194.33333	194.33333	202.0	191.0	149.66667	104.0	95.666664	120.666664	146.0	158.33333	173.66667	187.0	183.33333	178.33333	176.0	169.66667	161.0	147.66667	140.33333	137.0	
192.0	194.0	187.0	180.0	184.66667	196.0	206.33333	207.0	207.33333	207.33333	206.0	204.66667	199.33333	201.66667	203.66667	198.0	196.0	203.66667	215.33333	203.66667	161.33333	114.333336	99.0	117.666664	148.66667	166.0	171.0	188.66667	198.33333	192.0	184.0	176.66667	166.66667	152.33333	138.0	119.666664	
186.66667	187.66667	182.0	175.66667	180.33333	190.33333	198.66667	199.33333	200.33333	199.66667	202.66667	205.33333	205.33333	206.33333	201.0	194.0	197.66667	209.0	209.33333	192.66667	158.66667	127.333336	111.666664	108.666664	129.66667	163.33333	174.0	181.66667	199.33333	199.33333	190.0	176.0	158.66667	145.66667	131.0	108.666664	
168.33333	185.33333	179.33333	169.33333	178.0	189.66667	196.33333	199.33333	205.66667	210.33333	213.33333	212.33333	210.0	201.33333	189.0	170.33333	161.33333	180.0	182.66667	162.0	140.0	111.0	94.666664	97.666664	103.666664	134.33333	171.0	179.33333	186.66667	196.33333	194.0	182.0	166.33333	151.33333	131.0	104.0	
145.0	187.0	183.33333	167.33333	175.66667	186.0	193.66667	198.66667	205.66667	208.33333	210.0	208.33333	202.0	199.0	185.0	141.66667	113.666664	135.0	145.0	121.666664	90.333336	61.333332	54.333332	78.666664	89.666664	102.0	155.33333	179.33333	180.66667	184.66667	187.0	180.0	166.66667	147.0	127.0	101.666664	
126.0	189.33333	189.33333	169.66667	173.66667	185.33333	193.66667	199.66667	205.33333	207.66667	207.66667	200.0	196.0	199.66667	192.66667	182.0	175.66667	174.66667	156.66667	121.666664	94.333336	85.333336	74.666664	81.0	89.333336	105.666664	150.0	173.0	180.0	176.33333	179.33333	175.0	159.0	136.33333	121.666664	96.666664	
118.666664	198.33333	194.33333	170.0	170.66667	186.66667	193.0	198.66667	205.33333	206.66667	204.33333	194.66667	194.0	195.0	194.0	194.66667	194.33333	192.33333	182.0	174.33333	171.33333	162.33333	141.66667	132.0	127.333336	134.0	148.33333	160.0	179.66667	178.33333	171.0	167.33333	149.33333	122.666664	115.0	96.666664	
100.0	185.0	191.66667	171.66667	169.0	187.0	194.33333	199.0	206.0	206.66667	202.0	196.66667	198.0	198.66667	198.0	196.66667	198.0	197.33333	193.33333	194.66667	199.33333	190.66667	173.0	163.33333	159.33333	155.66667	151.33333	152.0	169.66667	176.33333	162.33333	159.0	142.66667	114.333336	112.0	100.333336	
68.0	152.0	192.0	176.33333	167.0	186.33333	193.33333	195.0	202.33333	204.33333	200.33333	199.33333	201.0	204.0	205.66667	205.0	204.66667	201.33333	198.0	197.33333	199.33333	194.33333	183.66667	173.66667	168.33333	161.66667	150.66667	147.0	155.66667	166.66667	155.0	150.33333	136.0	112.333336	115.666664	107.666664	
47.333332	133.0	201.66667	186.0	168.33333	183.0	193.0	193.66667	197.0	200.0	199.66667	200.33333	201.0	205.0	208.66667	209.0	208.66667	204.0	198.66667	199.0	200.66667	196.33333	190.66667	181.66667	172.33333	161.66667	146.33333	139.0	143.33333	159.33333	152.33333	140.66667	124.0	108.333336	119.333336	110.0	
37.333332	114.0	193.66667	192.33333	173.66667	181.33333	193.66667	194.33333	195.33333	198.0	200.0	199.0	198.0	202.66667	209.66667	210.66667	210.33333	208.66667	206.33333	205.0	204.66667	196.0	190.66667	179.66667	167.33333	158.66667	141.66667	129.66667	129.33333	148.66667	150.66667	134.33333	114.0	108.0	123.333336	107.0	
28.666666	96.666664	194.66667	197.33333	176.33333	182.33333	192.66667	196.0	194.33333	199.0	199.0	198.0	193.33333	192.0	187.66667	180.33333	175.0	174.33333	179.33333	179.33333	175.66667	169.66667	168.66667	162.66667	154.66667	143.66667	124.666664	114.333336	117.666664	134.33333	149.33333	121.333336	112.0	118.666664	127.666664	101.333336	
28.0	58.666668	158.0	188.0	174.0	183.0	189.33333	195.33333	195.0	201.33333	198.0	191.66667	182.0	151.66667	118.666664	94.333336	95.0	108.666664	115.333336	120.0	112.0	102.333336	93.333336	99.666664	112.333336	111.666664	98.666664	100.666664	111.666664	130.66667	156.66667	120.0	115.666664	128.33333	126.0	91.0	
22.666666	23.666666	64.666664	97.666664	113.0	170.0	185.0	194.66667	199.33333	204.0	196.0	184.0	146.0	90.0	66.0	81.0	126.333336	159.33333	164.33333	162.66667	152.66667	129.66667	91.333336	61.333332	52.666668	60.0	75.333336	106.0	121.333336	134.33333	167.33333	124.0	120.333336	131.33333	116.333336	82.333336	
20.666666	22.0	21.333334	26.333334	48.333332	140.33333	179.33333	189.0	197.0	203.0	198.33333	187.66667	165.0	133.66667	127.666664	153.33333	177.33333	185.33333	183.33333	178.33333	168.66667	155.33333	131.0	98.333336	72.666664	60.666668	79.333336	115.0	128.33333	153.33333	181.33333	132.33333	119.0	125.333336	103.333336	76.0	
19.333334	22.666666	21.666666	22.333334	31.333334	111.0	172.33333	185.66667	192.33333	201.0	201.0	197.66667	198.33333	198.33333	202.0	206.0	204.0	209.66667	198.0	195.66667	191.33333	175.0	164.33333	149.66667	127.666664	108.0	109.0	118.333336	141.0	180.33333	196.66667	149.0	116.666664	116.333336	91.333336	68.666664	
18.666666	21.333334	22.333334	20.333334	24.0	82.666664	159.33333	182.33333	193.0	203.0	202.33333	199.66667	199.33333	200.0	196.66667	194.66667	190.33333	189.0	182.0	186.33333	185.66667	171.0	156.33333	143.66667	124.666664	111.333336	112.666664	125.333336	159.66667	196.0	202.0	154.33333	113.333336	106.0	82.333336	65.0	
18.666666	22.0	19.333334	20.666666	18.333334	56.333332	144.33333	184.0	192.0	199.0	202.66667	201.0	199.66667	197.33333	190.66667	186.66667	180.33333	181.33333	181.0	183.0	177.0	160.33333	142.33333	127.666664	112.0	115.666664	124.666664	128.33333	163.0	189.66667	195.66667	153.0	109.666664	98.333336	77.666664	63.333332	
18.0	18.333334	19.0	21.333334	19.0	46.333332	135.0	177.0	189.0	192.0	198.0	198.0	198.0	197.66667	189.33333	188.0	185.0	185.33333	184.33333	183.66667	174.66667	162.66667	153.0	139.66667	126.333336	131.0	135.0	136.0	167.0	182.0	182.33333	154.66667	109.0	90.333336	70.666664	56.666668	
19.0	19.0	20.0	21.0	20.333334	54.333332	148.0	175.33333	184.66667	187.0	192.0	197.33333	197.33333	200.33333	194.66667	194.0	193.33333	191.33333	187.66667	188.33333	184.0	171.0	158.0	156.0	147.66667	144.66667	146.0	148.66667	157.0	164.0	169.66667	144.0	101.333336	84.333336	64.666664	51.666668	
19.0	19.666666	20.333334	21.666666	22.333334	73.333336	171.0	174.33333	184.66667	186.0	187.0	197.0	195.66667	201.33333	201.0	199.0	197.66667	196.0	194.0	190.33333	188.0	179.33333	162.0	157.0	157.33333	151.66667	155.0	151.66667	145.66667	141.0	142.66667	118.666664	91.666664	79.0	59.333332	49.0	
18.666666	20.0	20.666666	21.0	20.666666	70.666664	175.0	177.66667	180.33333	189.0	187.66667	196.0	195.0	200.0	201.33333	199.0	199.0	198.66667	198.66667	195.0	188.0	182.66667	171.33333	162.0	154.33333	149.66667	157.0	146.0	132.33333	112.666664	111.333336	101.0	87.0	70.666664	54.0	45.666668	
17.666666	19.333334	21.333334	22.333334	34.0	71.666664	161.33333	183.0	170.33333	179.0	179.66667	192.0	196.66667	199.66667	202.33333	203.66667	202.0	199.33333	198.66667	194.0	188.0	180.33333	169.33333	161.33333	154.66667	148.66667	144.33333	130.0	111.333336	89.0	89.0	87.666664	74.0	58.333332	49.0	42.0	
16.666666	20.0	26.0	45.333332	75.0	86.666664	158.33333	191.66667	172.66667	168.33333	170.33333	182.66667	195.66667	200.66667	203.0	200.0	192.33333	190.66667	190.33333	180.66667	171.66667	164.0	157.0	155.0	152.0	138.0	119.666664	106.333336	87.0	71.0	72.666664	72.666664	60.0	51.333332	47.666668	43.666668	
47.666668	63.333332	81.333336	89.666664	84.333336	95.0	190.0	201.66667	187.0	167.33333	160.66667	166.0	186.0	194.66667	193.33333	187.0	178.0	179.0	179.66667	166.0	154.33333	147.33333	147.66667	148.66667	134.33333	111.333336	92.666664	79.333336	64.666664	58.333332	61.0	57.0	47.666668	44.666668	43.333332	41.666668	
98.333336	96.333336	83.333336	73.666664	62.0	121.333336	210.66667	212.33333	200.66667	188.33333	168.33333	153.66667	164.66667	176.0	182.33333	178.0	168.0	166.66667	165.66667	148.0	124.666664	119.0	124.333336	119.666664	99.666664	79.333336	69.0	59.333332	52.333332	52.0	53.666668	46.666668	42.666668	42.333332	41.666668	41.666668	
68.333336	58.333332	56.666668	56.666668	50.333332	140.0	211.0	221.0	217.33333	202.66667	185.66667	163.66667	151.66667	143.0	141.33333	140.33333	132.33333	125.0	119.666664	108.333336	91.333336	89.666664	91.666664	83.0	71.333336	64.0	59.666668	52.666668	49.0	50.0	46.666668	42.333332	41.0	40.666668	41.0	41.0	
