0.0	1.0	2.0	10.0	23.666666	29.0	27.0	40.333332	51.333332	56.333332	54.333332	53.0	44.0	45.0	44.333332	40.333332	42.0	39.333332	41.0	41.666668	39.333332	35.666668	31.666666	24.666666	20.666666	19.666666	20.666666	18.0	24.666666	34.0	43.333332	49.0	39.0	44.0	39.666668	37.0	
0.0	0.0	2.6666667	13.0	26.666666	29.666666	31.0	49.333332	54.333332	59.333332	58.333332	54.666668	49.333332	52.0	48.0	42.666668	44.333332	43.333332	45.666668	47.666668	46.0	39.0	33.333332	29.666666	27.666666	26.666666	24.666666	24.666666	28.666666	40.0	44.666668	49.666668	46.666668	45.666668	41.0	38.333332	
0.0	0.0	4.0	15.0	26.333334	28.0	34.333332	48.333332	54.333332	62.333332	65.0	53.333332	52.666668	56.333332	50.666668	45.666668	46.333332	47.666668	48.333332	51.0	47.333332	41.0	37.0	39.333332	38.0	37.0	31.333334	31.0	34.0	46.666668	49.0	48.333332	52.333332	50.333332	41.333332	43.666668	
0.0	1.0	3.6666667	13.666667	26.0	29.0	37.0	45.333332	51.666668	57.666668	59.666668	54.666668	57.333332	59.666668	54.0	50.333332	51.666668	52.333332	50.333332	55.333332	51.0	48.0	45.0	50.0	48.0	43.666668	34.666668	34.666668	37.666668	50.333332	54.333332	52.666668	59.333332	52.333332	42.666668	48.0	
1.3333334	2.0	4.6666665	12.0	24.333334	28.666666	36.333332	40.666668	44.333332	44.666668	46.333332	51.0	56.333332	60.333332	54.333332	52.666668	55.0	52.0	51.0	60.666668	56.333332	58.0	56.333332	57.333332	56.333332	46.333332	40.666668	43.0	45.666668	56.666668	58.666668	58.333332	65.0	59.333332	49.333332	52.333332	
2.6666667	3.3333333	5.6666665	11.666667	20.666666	27.666666	31.333334	33.0	34.0	36.333332	40.666668	48.333332	54.666668	60.666668	58.0	54.0	56.0	54.0	55.0	62.0	58.0	61.333332	60.0	62.666668	63.666668	48.666668	44.666668	46.666668	52.666668	58.666668	64.666664	62.333332	65.666664	65.333336	57.333332	57.333332	
3.0	4.3333335	5.3333335	10.0	18.0	25.666666	29.333334	26.0	28.666666	31.0	39.666668	47.333332	53.333332	60.666668	61.0	58.0	60.666668	60.0	59.0	59.0	58.333332	63.666668	61.0	60.666668	63.666668	45.666668	48.666668	49.0	54.333332	60.0	64.666664	65.0	66.666664	70.0	64.333336	60.666668	
3.6666667	5.3333335	5.6666665	7.6666665	15.666667	24.333334	26.666666	20.0	27.0	25.666666	33.666668	42.333332	52.0	60.333332	61.0	57.666668	58.666668	53.0	53.0	52.666668	51.666668	58.333332	57.0	61.0	63.333332	51.0	55.333332	58.333332	62.333332	64.0	62.666668	69.666664	72.666664	72.0	68.0	62.0	
3.6666667	4.6666665	4.6666665	5.3333335	11.333333	19.333334	16.666666	13.0	22.333334	20.333334	26.666666	36.0	44.333332	55.0	58.0	51.666668	49.666668	39.0	43.0	43.0	41.333332	48.333332	48.333332	56.666668	58.333332	53.666668	58.333332	64.666664	67.0	65.0	64.0	70.333336	77.666664	72.333336	68.0	56.0	
3.3333333	4.3333335	4.0	3.6666667	6.3333335	11.333333	9.333333	7.6666665	13.333333	13.666667	22.666666	30.333334	38.333332	46.0	50.0	43.0	38.666668	30.0	34.0	34.0	33.333332	39.333332	40.666668	47.333332	54.333332	56.666668	59.0	67.666664	67.666664	64.666664	61.666668	65.333336	74.0	72.666664	67.666664	55.333332	
1.3333334	2.6666667	3.0	2.0	2.0	4.0	3.6666667	4.3333335	8.666667	10.0	20.333334	25.0	33.666668	38.333332	43.666668	41.0	33.0	27.333334	24.666666	24.0	23.333334	26.666666	29.333334	34.333332	45.666668	47.0	52.666668	67.0	64.333336	63.333332	60.0	60.666668	65.333336	64.333336	61.666668	46.666668	
0.33333334	0.6666667	0.6666667	0.33333334	0.33333334	0.6666667	1.0	4.3333335	7.3333335	7.3333335	13.333333	19.0	25.0	28.666666	34.0	33.666668	25.666666	23.333334	19.666666	16.333334	15.333333	17.0	16.0	20.666666	33.333332	35.333332	46.333332	61.0	52.333332	52.666668	52.666668	53.666668	50.0	49.333332	49.666668	39.666668	
0.0	0.0	0.0	0.0	0.0	0.0	0.33333334	5.3333335	10.0	7.3333335	8.0	10.0	11.0	19.0	27.0	26.0	20.666666	21.0	15.666667	10.0	7.6666665	9.0	8.0	12.0	20.666666	24.666666	35.0	41.0	36.0	39.333332	47.333332	51.666668	43.333332	38.0	40.333332	36.0	
0.0	0.0	0.0	0.0	0.0	0.0	0.33333334	3.3333333	5.3333335	2.6666667	2.3333333	2.6666667	4.3333335	11.666667	20.333334	26.0	24.666666	21.666666	14.333333	6.6666665	4.3333335	5.6666665	5.0	6.6666665	11.333333	14.333333	18.0	21.0	22.666666	28.666666	37.333332	48.666668	41.0	33.333332	36.666668	32.666668	
0.0	0.0	0.0	0.0	0.33333334	1.0	1.6666666	2.3333333	3.0	3.0	2.0	2.3333333	3.0	6.3333335	15.0	27.0	28.0	23.0	13.0	5.6666665	4.0	4.3333335	3.3333333	4.0	5.6666665	9.666667	9.0	10.0	16.666666	23.333334	31.666666	39.0	31.666666	29.333334	32.0	27.666666	
0.0	0.0	0.33333334	0.6666667	0.6666667	0.6666667	2.0	6.0	10.333333	12.0	8.666667	4.6666665	2.6666667	5.0	14.333333	30.666666	31.333334	23.333334	12.0	6.3333335	4.6666665	4.3333335	4.0	5.3333335	7.6666665	9.333333	10.0	12.666667	20.0	26.333334	38.0	45.333332	33.0	27.666666	31.333334	26.0	
0.0	0.33333334	1.3333334	1.6666666	2.6666667	2.3333333	10.333333	20.0	25.0	25.333334	17.666666	9.666667	7.3333335	15.0	26.666666	44.333332	48.666668	31.333334	17.333334	13.333333	14.0	10.333333	10.666667	11.666667	10.333333	9.666667	14.666667	28.333334	42.666668	50.666668	55.0	49.333332	32.333332	31.333334	31.0	24.0	
0.0	0.33333334	1.3333334	2.0	4.0	7.0	22.333334	25.0	21.666666	13.0	6.3333335	7.0	13.0	24.0	35.333332	58.666668	84.666664	68.666664	38.333332	31.666666	26.333334	22.333334	23.666666	21.0	15.333333	13.333333	19.666666	37.0	52.666668	62.666668	69.666664	52.333332	35.0	37.333332	32.0	20.666666	
0.0	0.33333334	0.6666667	2.0	3.3333333	11.0	27.666666	25.0	35.0	40.666668	22.333334	22.666666	36.0	32.333332	41.333332	66.666664	115.333336	137.33333	111.666664	72.0	44.333332	39.0	31.666666	32.333332	38.333332	26.0	21.666666	29.0	40.0	50.666668	58.666668	56.666668	59.333332	62.0	47.333332	28.0	
0.0	0.33333334	0.6666667	1.6666666	4.6666665	21.666666	50.0	47.0	52.666668	67.666664	72.333336	69.333336	67.333336	61.0	66.333336	84.333336	138.0	188.66667	191.33333	132.0	79.333336	56.666668	50.666668	59.333332	74.333336	73.0	61.666668	74.333336	73.0	65.0	76.0	95.333336	107.333336	101.333336	75.666664	42.666668	
0.33333334	0.6666667	0.6666667	1.6666666	8.333333	45.0	78.666664	74.666664	73.333336	83.333336	93.0	92.666664	87.333336	89.666664	97.0	109.0	156.0	210.33333	224.33333	183.0	132.33333	98.666664	80.333336	91.0	110.666664	121.666664	121.666664	125.333336	118.333336	127.0	135.66667	143.0	147.66667	129.66667	97.333336	63.333332	
0.33333334	1.3333334	1.6666666	2.0	20.0	75.0	102.333336	100.0	106.0	117.333336	122.0	118.666664	116.0	122.333336	123.666664	129.66667	168.66667	219.33333	235.66667	211.66667	180.0	166.66667	137.33333	127.333336	134.66667	137.66667	141.66667	149.66667	173.0	182.66667	182.0	191.0	186.0	163.0	128.66667	94.0	
0.33333334	2.0	2.0	4.6666665	38.0	99.0	125.0	127.0	132.66667	137.33333	142.66667	143.33333	145.66667	145.33333	139.33333	142.0	174.0	226.0	238.66667	220.33333	202.33333	203.33333	195.33333	178.66667	171.0	174.0	181.0	194.66667	211.33333	210.0	210.0	210.0	200.66667	183.33333	159.33333	128.0	
0.33333334	2.0	2.0	7.6666665	51.666668	110.0	135.33333	143.66667	151.66667	158.0	161.0	167.0	161.33333	147.33333	140.66667	149.0	174.33333	226.0	238.66667	225.66667	213.0	218.66667	224.66667	223.33333	212.33333	198.33333	198.66667	212.0	220.33333	227.0	226.0	219.66667	207.66667	191.33333	174.66667	155.66667	
0.0	1.0	1.6666666	11.0	62.666668	111.666664	129.0	147.33333	161.66667	171.66667	173.0	173.0	163.66667	145.0	140.66667	151.33333	177.0	226.0	240.33333	229.33333	217.33333	221.66667	229.33333	236.66667	233.66667	228.66667	221.33333	223.33333	228.33333	230.66667	227.33333	219.33333	205.0	191.33333	178.0	162.33333	
0.0	1.6666666	2.0	11.333333	63.666668	106.666664	126.333336	146.33333	161.66667	174.33333	177.66667	176.66667	162.66667	143.33333	135.33333	150.0	188.0	229.0	244.0	232.33333	218.33333	219.0	225.0	234.0	235.0	233.0	227.66667	227.66667	227.33333	222.66667	216.33333	208.66667	195.66667	182.66667	171.66667	159.33333	
0.0	2.0	2.3333333	9.0	54.0	95.0	121.666664	140.33333	156.33333	169.66667	175.66667	172.0	159.0	133.0	118.333336	138.33333	195.66667	232.66667	240.33333	222.33333	203.33333	202.0	209.0	220.33333	228.66667	231.33333	228.66667	228.0	226.0	220.0	212.66667	201.66667	188.0	175.66667	166.0	157.33333	
0.6666667	2.3333333	2.0	6.6666665	46.0	82.666664	104.666664	125.0	144.0	158.66667	168.33333	163.0	146.66667	123.333336	128.33333	137.0	194.33333	237.66667	239.0	214.66667	202.33333	202.33333	196.66667	201.66667	216.33333	224.33333	228.33333	228.66667	224.33333	218.0	209.33333	195.33333	180.66667	170.66667	162.0	149.33333	
0.0	0.6666667	1.0	4.6666665	37.666668	73.0	88.333336	106.333336	125.333336	144.0	152.33333	148.0	131.0	119.333336	142.33333	146.0	190.0	232.66667	232.0	216.0	215.0	216.33333	194.33333	180.66667	197.0	209.66667	216.33333	219.33333	213.66667	205.66667	200.66667	189.66667	173.0	161.33333	154.0	139.33333	
0.0	0.0	0.33333334	2.3333333	27.666666	65.0	79.0	93.0	109.333336	127.666664	139.33333	137.0	128.0	125.666664	133.66667	142.0	184.33333	220.33333	223.0	212.33333	209.66667	211.66667	194.33333	174.0	174.66667	189.33333	199.33333	203.0	198.33333	191.33333	184.66667	177.0	168.0	157.33333	147.0	131.33333	
0.0	0.0	0.33333334	2.3333333	17.333334	52.333332	68.666664	80.333336	98.666664	118.333336	135.0	139.33333	142.0	134.66667	90.0	105.666664	160.33333	193.33333	198.66667	174.0	137.0	137.33333	178.0	197.66667	180.0	178.33333	185.66667	187.66667	187.0	187.33333	178.33333	171.33333	164.33333	152.66667	147.33333	132.66667	
0.0	1.0	2.3333333	2.3333333	10.0	40.333332	59.333332	71.666664	89.333336	113.333336	134.33333	142.0	144.33333	137.33333	92.666664	73.666664	98.666664	117.666664	129.0	109.333336	96.666664	125.0	195.0	220.0	207.66667	188.0	181.66667	179.33333	180.0	177.66667	173.33333	161.33333	154.33333	142.66667	142.0	131.33333	
0.6666667	1.0	2.6666667	3.6666667	5.6666665	32.666668	54.0	67.0	83.666664	107.0	128.33333	141.0	145.66667	136.33333	117.0	93.666664	83.333336	77.666664	91.666664	121.666664	157.66667	188.66667	213.0	217.33333	219.66667	207.0	187.0	178.66667	173.33333	166.0	157.66667	152.0	143.66667	134.33333	134.33333	128.33333	
0.0	0.6666667	1.6666666	3.6666667	4.0	26.333334	48.333332	60.666668	76.0	93.666664	111.666664	122.666664	128.0	127.666664	119.0	110.333336	104.333336	97.333336	103.333336	143.66667	172.66667	194.33333	208.0	210.66667	213.0	205.0	193.0	185.33333	175.0	163.66667	153.66667	144.33333	137.0	132.33333	129.66667	119.666664	
0.0	0.0	0.6666667	3.6666667	3.0	14.666667	38.666668	51.0	69.333336	83.0	91.333336	97.666664	108.0	111.666664	111.666664	120.0	131.0	125.666664	126.333336	162.0	175.0	184.66667	193.0	190.66667	191.0	187.66667	183.0	184.0	172.66667	161.33333	148.66667	139.0	134.33333	130.33333	123.0	107.666664	
0.0	0.0	0.6666667	3.3333333	2.0	7.3333335	31.0	48.0	61.666668	76.666664	77.333336	75.666664	80.666664	89.666664	100.333336	118.333336	143.0	168.0	169.0	177.33333	188.66667	185.33333	175.0	163.66667	163.66667	167.66667	166.66667	172.0	167.66667	158.66667	144.0	136.33333	131.33333	126.333336	115.333336	96.666664	
0.0	0.0	0.33333334	1.6666666	1.6666666	3.3333333	20.0	42.0	55.333332	72.0	73.666664	64.333336	54.0	55.0	60.666668	62.333332	72.666664	105.666664	120.333336	108.666664	116.0	127.666664	134.0	122.0	119.333336	143.33333	156.0	167.0	169.66667	157.66667	143.0	137.0	129.0	121.333336	105.333336	81.333336	
0.0	0.0	0.33333334	0.6666667	1.0	1.6666666	8.333333	29.333334	47.333332	66.0	74.0	71.0	77.0	69.666664	57.666668	61.333332	73.333336	79.333336	89.333336	104.666664	110.333336	105.333336	109.0	119.0	113.666664	125.0	145.33333	159.66667	164.66667	151.66667	138.66667	131.0	122.0	110.0	89.666664	71.333336	
0.0	0.0	0.0	0.6666667	0.33333334	1.3333334	4.0	16.333334	33.666668	53.0	67.0	77.666664	98.666664	96.666664	85.0	88.333336	104.0	125.333336	142.0	158.33333	157.0	158.33333	168.0	182.33333	175.66667	158.33333	146.0	144.66667	149.0	140.0	131.0	121.333336	110.333336	93.333336	73.666664	69.0	
0.0	0.33333334	0.33333334	0.0	0.0	1.0	2.3333333	7.0	21.666666	42.333332	58.666668	72.333336	87.666664	90.0	83.666664	75.0	69.333336	72.333336	80.333336	92.666664	108.666664	136.66667	153.33333	164.33333	173.66667	166.33333	147.66667	133.66667	128.33333	120.666664	119.0	111.666664	94.666664	76.333336	64.333336	70.0	
0.0	0.33333334	0.33333334	0.33333334	0.0	1.0	1.3333334	3.3333333	13.0	34.0	52.333332	66.666664	79.666664	88.0	85.0	76.0	67.333336	64.666664	68.0	73.666664	90.0	117.666664	136.0	142.0	149.66667	150.0	136.66667	127.0	117.333336	109.333336	104.0	94.0	75.666664	61.0	66.0	75.0	
0.0	0.33333334	0.33333334	0.33333334	0.33333334	1.0	2.0	3.0	8.333333	20.666666	44.666668	65.666664	80.0	94.666664	103.0	101.666664	96.0	90.666664	92.333336	96.333336	104.0	119.0	137.33333	142.66667	147.0	149.33333	139.33333	127.0	113.666664	101.333336	87.0	71.666664	55.666668	58.0	67.333336	75.333336	
0.0	0.0	0.0	0.0	0.0	1.0	1.3333334	3.3333333	5.3333335	8.666667	27.333334	53.666668	76.0	98.0	119.0	144.66667	153.0	147.66667	149.0	153.66667	157.66667	157.66667	158.66667	157.33333	156.0	150.33333	135.33333	119.0	103.666664	86.0	67.666664	54.333332	55.333332	61.0	67.0	72.0	
0.0	0.0	0.0	0.0	0.0	1.0	1.0	1.6666666	2.3333333	2.6666667	9.0	33.666668	64.666664	94.333336	120.333336	147.0	162.0	163.33333	166.66667	174.0	180.33333	178.66667	175.33333	166.66667	157.0	146.0	127.333336	104.333336	80.666664	62.333332	53.333332	53.333332	58.666668	64.333336	68.666664	71.666664	
0.0	0.0	0.0	0.0	0.0	0.0	1.0	1.0	1.6666666	1.3333334	3.0	14.333333	43.0	77.333336	102.666664	126.0	144.33333	150.33333	157.66667	165.33333	171.66667	168.66667	161.33333	149.66667	136.66667	123.0	101.666664	76.666664	57.666668	51.333332	55.333332	57.0	60.666668	62.666668	68.333336	52.333332	
0.0	0.0	0.0	0.0	0.0	0.0	1.0	1.0	1.3333334	1.6666666	3.0	4.3333335	17.0	49.666668	73.333336	93.0	111.333336	124.333336	135.0	141.0	144.33333	142.66667	132.66667	121.333336	109.666664	93.333336	68.333336	50.666668	48.0	56.0	57.333332	59.0	60.0	63.666668	51.333332	17.666666	
0.0	0.0	0.0	0.0	0.0	0.0	0.0	0.33333334	0.33333334	0.6666667	1.6666666	1.0	3.6666667	19.333334	42.0	58.0	68.333336	83.0	94.666664	100.0	100.0	98.666664	92.0	83.666664	73.333336	55.666668	40.333332	40.666668	47.666668	55.0	57.333332	56.666668	55.0	39.666668	16.333334	3.3333333	
0.0	0.0	0.0	0.0	0.0	0.0	0.0	0.0	0.0	0.0	0.33333334	0.33333334	1.0	4.0	10.333333	20.0	29.333334	38.0	44.333332	47.333332	48.666668	49.0	45.666668	40.333332	35.0	31.666666	32.333332	38.333332	45.0	50.666668	52.333332	49.666668	33.0	9.666667	2.6666667	2.6666667	
0.0	0.0	0.0	0.0	0.0	0.0	0.0	0.0	0.33333334	0.33333334	0.33333334	0.33333334	0.0	1.0	1.3333334	2.3333333	4.0	7.0	8.666667	9.666667	10.666667	12.333333	16.333334	21.0	23.0	25.333334	28.666666	32.333332	38.333332	40.333332	35.0	21.666666	6.3333335	2.0	1.3333334	1.6666666	
