79.333336	93.0	76.0	72.333336	83.0	98.666664	131.0	168.33333	185.33333	193.66667	197.66667	195.66667	192.66667	198.0	196.66667	195.33333	192.33333	190.0	193.33333	192.33333	192.33333	193.66667	193.33333	193.33333	194.33333	191.33333	189.33333	174.0	140.33333	79.333336	34.0	26.666666	64.666664	97.333336	82.666664	66.666664	
93.333336	82.0	62.666668	74.0	109.666664	163.33333	201.0	209.33333	207.33333	205.0	201.66667	197.66667	195.33333	202.0	201.66667	198.0	195.66667	194.33333	196.0	196.0	191.0	191.0	193.0	198.0	197.66667	198.0	198.66667	196.33333	188.66667	163.66667	107.0	41.0	40.333332	77.333336	86.0	69.333336	
89.666664	72.666664	67.0	96.666664	158.0	205.33333	220.66667	216.0	209.0	204.66667	202.33333	200.33333	202.0	204.66667	201.0	197.33333	194.33333	195.66667	197.33333	194.66667	191.66667	194.66667	196.66667	202.33333	202.66667	204.33333	206.0	206.0	202.66667	203.33333	193.66667	125.333336	53.333332	54.666668	86.666664	79.666664	
84.333336	71.333336	74.666664	122.0	186.33333	216.33333	221.0	212.66667	203.66667	201.33333	205.0	207.33333	204.66667	203.66667	199.0	192.33333	190.66667	192.0	193.33333	193.66667	194.66667	199.33333	200.66667	202.33333	206.33333	209.33333	210.66667	210.33333	208.0	210.0	213.33333	194.66667	133.33333	63.0	69.666664	86.666664	
78.0	72.666664	92.333336	149.66667	201.33333	218.66667	216.0	207.66667	200.0	201.33333	203.66667	206.66667	204.66667	199.33333	196.0	191.0	187.0	188.0	189.33333	187.33333	191.33333	197.33333	202.0	204.33333	204.33333	205.0	206.66667	207.0	204.66667	209.0	215.33333	210.66667	198.66667	126.666664	64.333336	77.333336	
75.0	79.666664	116.0	169.66667	210.66667	216.0	214.33333	204.33333	199.0	199.66667	200.0	202.66667	203.66667	198.0	196.33333	193.0	187.66667	189.0	193.33333	190.0	190.0	197.66667	205.0	207.33333	202.66667	198.66667	201.33333	201.0	198.33333	204.0	209.0	209.33333	207.66667	189.33333	105.333336	75.666664	
86.0	93.333336	125.666664	187.66667	211.0	201.0	205.0	200.33333	198.33333	195.33333	193.33333	197.66667	198.33333	196.66667	195.66667	191.66667	188.66667	189.66667	193.66667	196.33333	196.33333	198.0	202.0	204.66667	200.66667	198.33333	198.66667	196.33333	195.0	198.0	199.66667	200.33333	202.66667	208.66667	156.66667	81.0	
100.0	114.666664	152.33333	203.33333	212.66667	203.33333	201.66667	196.0	191.33333	190.66667	190.66667	194.66667	194.66667	195.33333	194.33333	195.66667	196.0	193.33333	195.0	201.0	201.0	198.66667	196.66667	201.33333	200.33333	200.66667	200.33333	197.66667	199.0	196.33333	196.0	194.66667	197.66667	209.33333	184.33333	95.0	
106.333336	149.33333	193.66667	211.33333	211.33333	202.66667	199.0	197.0	197.33333	198.0	193.66667	188.33333	187.33333	185.0	188.0	188.66667	189.0	191.0	197.0	201.66667	204.0	201.0	197.66667	200.66667	202.66667	204.0	206.33333	203.33333	203.66667	201.66667	195.33333	191.66667	196.0	204.66667	192.66667	112.666664	
130.33333	185.0	208.33333	207.33333	202.33333	200.33333	203.0	206.0	196.0	179.66667	166.33333	154.33333	149.66667	150.0	157.66667	160.66667	162.33333	174.66667	189.0	197.0	201.66667	201.0	199.66667	204.33333	204.66667	205.33333	207.66667	204.33333	199.66667	198.33333	198.0	196.33333	197.0	200.33333	190.0	125.0	
151.66667	193.66667	200.66667	200.33333	194.0	197.33333	202.33333	177.0	133.0	110.666664	90.333336	71.333336	66.333336	75.333336	92.333336	106.333336	109.333336	136.0	164.33333	183.33333	188.66667	188.0	190.0	199.66667	202.0	204.33333	204.33333	199.66667	196.0	197.0	200.66667	199.33333	196.33333	193.66667	187.33333	134.0	
166.66667	192.66667	194.66667	191.0	191.0	190.0	147.33333	85.666664	61.666668	57.666668	38.333332	29.333334	26.0	28.0	46.666668	66.0	75.666664	101.0	140.0	161.66667	169.0	168.66667	172.66667	181.33333	186.0	188.33333	184.33333	177.66667	175.66667	182.66667	196.33333	202.0	199.0	189.66667	179.66667	142.33333	
173.33333	192.0	192.0	189.0	188.33333	154.0	92.333336	64.666664	78.333336	88.333336	79.666664	74.333336	59.333332	49.0	53.666668	64.0	79.0	101.333336	125.0	141.66667	153.0	147.66667	148.33333	157.33333	162.66667	164.33333	159.33333	139.0	113.666664	120.0	151.66667	190.66667	208.66667	198.33333	179.0	151.0	
174.66667	188.33333	194.0	192.66667	168.66667	134.33333	118.666664	104.0	111.0	121.666664	123.666664	114.0	95.0	73.0	66.333336	67.333336	82.666664	101.0	116.333336	128.33333	135.33333	132.0	127.666664	136.66667	142.33333	140.66667	134.33333	90.0	50.666668	48.333332	65.0	111.0	162.33333	194.66667	184.0	157.66667	
173.0	186.0	194.33333	190.33333	158.66667	135.0	121.333336	109.333336	118.666664	138.33333	143.66667	133.33333	112.666664	93.666664	72.0	56.0	61.0	78.0	96.666664	114.666664	133.0	139.66667	128.33333	121.333336	116.0	113.666664	105.0	74.333336	40.666668	26.0	22.333334	35.0	65.333336	113.333336	156.66667	160.66667	
173.66667	198.0	199.0	184.66667	154.33333	123.0	103.0	109.0	135.66667	152.66667	149.33333	136.66667	119.333336	97.666664	74.333336	54.0	45.666668	58.0	90.666664	133.33333	163.66667	172.0	150.33333	112.333336	90.0	83.666664	75.666664	67.666664	58.666668	47.333332	39.333332	34.333332	32.0	43.0	81.666664	140.0	
185.0	208.0	206.66667	187.33333	147.33333	117.0	109.666664	126.666664	143.33333	142.66667	136.66667	131.0	117.333336	92.666664	67.666664	48.333332	42.0	57.333332	104.0	159.66667	189.0	196.66667	178.66667	116.333336	70.333336	59.666668	62.333332	72.333336	80.0	87.0	91.0	88.0	76.666664	66.0	61.333332	100.0	
194.0	213.66667	212.0	187.33333	143.0	118.0	109.333336	112.666664	121.666664	122.333336	117.666664	113.666664	98.333336	77.333336	60.333332	53.666668	67.333336	91.666664	129.33333	175.33333	198.33333	198.66667	188.33333	117.333336	58.333332	55.0	71.666664	89.333336	107.666664	123.0	131.0	132.0	120.0	111.0	100.333336	97.0	
210.66667	223.0	217.33333	190.66667	153.0	127.666664	111.666664	89.333336	56.666668	52.666668	49.0	42.666668	36.666668	31.666666	33.666668	57.666668	106.666664	136.33333	157.33333	189.0	201.33333	196.33333	196.0	135.33333	74.333336	64.333336	76.333336	90.333336	104.666664	118.666664	135.66667	144.0	130.66667	117.0	124.666664	122.333336	
223.0	222.33333	213.33333	195.0	172.0	156.0	149.66667	127.333336	83.0	54.666668	40.666668	36.0	43.333332	52.333332	67.0	99.666664	140.66667	166.33333	182.33333	195.0	198.0	198.33333	197.0	163.33333	112.333336	72.0	66.0	78.0	95.333336	116.666664	134.66667	137.0	130.33333	107.0	122.0	133.66667	
220.66667	214.33333	209.33333	199.0	189.66667	178.66667	173.66667	163.33333	141.0	121.0	101.666664	91.666664	93.0	103.666664	117.333336	140.0	168.66667	187.66667	193.33333	191.0	188.33333	196.33333	196.0	175.0	147.66667	98.333336	52.0	40.333332	54.0	84.666664	126.0	137.33333	131.66667	106.0	121.0	138.0	
209.66667	209.66667	211.33333	206.0	203.0	196.33333	198.33333	196.33333	186.33333	172.0	162.66667	156.0	147.0	150.33333	163.33333	180.0	190.0	199.0	194.0	185.33333	190.66667	199.33333	198.33333	179.66667	165.66667	142.0	86.333336	47.333332	27.666666	28.0	52.666668	88.333336	108.333336	108.666664	132.66667	148.66667	
201.66667	210.0	215.66667	213.33333	214.0	208.0	204.33333	202.33333	195.66667	181.0	167.66667	164.0	165.66667	181.33333	193.33333	198.0	196.66667	194.33333	179.66667	184.33333	198.66667	201.33333	200.0	183.66667	172.0	172.66667	136.0	86.666664	51.333332	34.333332	36.0	49.666668	73.333336	104.333336	141.33333	154.33333	
197.66667	207.66667	215.66667	213.33333	212.66667	208.33333	203.66667	200.33333	191.0	183.33333	177.0	169.0	175.33333	191.66667	198.66667	201.33333	195.33333	189.0	180.0	199.0	207.66667	202.66667	205.66667	189.66667	174.33333	185.33333	173.66667	138.66667	110.0	87.666664	85.0	100.333336	125.333336	138.0	165.0	169.0	
197.66667	204.66667	208.0	203.66667	201.66667	200.33333	199.33333	198.0	193.66667	191.66667	187.0	176.66667	183.33333	194.66667	192.66667	196.33333	204.66667	190.33333	186.0	194.0	188.0	181.66667	186.66667	184.0	178.0	185.33333	189.0	172.66667	159.0	157.33333	160.66667	175.0	186.0	185.66667	189.33333	186.33333	
200.0	202.33333	199.0	196.66667	194.66667	193.33333	193.0	196.0	198.33333	197.66667	195.0	196.33333	192.33333	189.66667	184.33333	183.0	166.33333	116.0	99.0	132.0	150.66667	147.0	155.0	168.0	168.0	181.66667	193.0	195.33333	182.33333	171.66667	183.33333	202.66667	209.33333	209.33333	206.66667	202.66667	
202.0	200.0	192.33333	190.0	187.33333	185.66667	189.0	192.33333	197.66667	202.0	203.33333	202.33333	191.0	182.66667	179.66667	155.66667	120.666664	69.666664	47.0	72.666664	113.0	113.666664	111.666664	98.0	91.0	146.33333	183.0	194.0	194.0	186.0	185.66667	195.66667	207.66667	212.66667	209.0	201.33333	
200.0	196.0	190.66667	188.66667	183.66667	184.33333	189.0	189.33333	194.66667	201.33333	203.33333	201.33333	187.33333	178.66667	181.33333	149.33333	108.333336	107.666664	123.0	106.666664	90.0	84.666664	79.333336	63.333332	75.0	131.0	176.0	190.0	198.66667	197.66667	195.66667	197.0	203.33333	207.0	200.0	185.66667	
196.33333	196.33333	193.33333	188.33333	187.0	189.33333	192.0	190.66667	195.33333	200.66667	202.33333	198.0	185.66667	184.33333	186.33333	177.0	156.0	155.66667	166.0	147.66667	104.666664	109.666664	137.33333	122.0	111.333336	153.33333	182.0	191.0	202.66667	207.0	207.0	203.0	199.0	198.33333	192.33333	179.0	
195.66667	194.33333	189.0	186.33333	186.66667	189.66667	192.66667	193.66667	195.66667	196.33333	197.66667	191.33333	185.0	188.66667	194.0	187.0	183.33333	183.33333	183.66667	176.66667	148.0	161.0	183.66667	173.33333	164.66667	184.0	190.0	193.66667	205.0	210.0	209.66667	205.33333	197.0	192.33333	185.66667	167.0	
197.33333	196.66667	191.0	186.66667	185.33333	189.33333	189.66667	192.0	195.66667	194.66667	193.66667	190.66667	189.33333	196.0	198.33333	192.33333	187.0	191.33333	189.0	181.66667	168.66667	175.0	192.0	192.0	190.33333	197.0	197.33333	196.66667	207.0	209.66667	204.33333	198.33333	190.33333	188.0	184.33333	158.33333	
199.33333	198.66667	195.33333	187.66667	186.0	189.0	186.66667	188.0	191.66667	190.33333	192.33333	197.0	201.33333	205.0	205.66667	201.66667	190.0	171.66667	156.0	149.33333	153.66667	160.66667	169.0	187.33333	200.66667	201.66667	200.0	197.0	205.66667	209.0	202.66667	194.66667	186.66667	185.33333	179.66667	157.33333	
202.0	202.66667	199.0	189.0	185.33333	187.0	185.33333	186.0	190.66667	195.0	201.0	208.33333	209.33333	203.66667	198.0	174.33333	137.0	123.333336	124.0	120.0	115.666664	119.666664	132.0	148.33333	185.0	201.0	201.33333	197.33333	199.0	204.0	200.66667	196.33333	189.66667	187.33333	177.66667	172.0	
204.33333	206.66667	203.66667	193.0	189.66667	187.33333	183.33333	183.0	189.66667	196.66667	202.33333	206.33333	191.66667	166.0	139.66667	99.0	78.0	76.333336	78.333336	79.666664	78.0	81.666664	98.333336	111.0	142.33333	184.0	197.33333	198.0	195.66667	200.0	198.0	194.66667	187.33333	186.0	177.33333	185.0	
203.66667	206.0	203.33333	194.66667	189.66667	185.0	182.66667	184.66667	192.66667	201.0	204.0	192.33333	167.33333	127.333336	101.0	96.666664	106.0	104.0	90.0	79.0	67.666664	66.333336	69.666664	71.333336	92.0	151.66667	187.0	197.33333	191.66667	194.66667	194.33333	189.0	185.0	182.66667	176.66667	200.33333	
195.0	199.66667	200.33333	198.66667	192.33333	186.33333	184.33333	188.66667	198.33333	208.0	198.66667	174.33333	166.33333	166.66667	152.0	151.33333	156.0	150.0	147.33333	144.33333	137.33333	137.0	139.33333	120.0	79.0	104.333336	154.66667	188.33333	188.0	187.66667	186.33333	184.0	183.66667	179.66667	170.0	185.33333	
182.0	191.66667	193.66667	196.0	192.66667	187.66667	187.0	190.33333	199.33333	206.0	190.66667	171.0	164.0	164.66667	166.66667	154.0	136.33333	122.666664	126.666664	139.0	147.0	151.0	155.0	151.33333	131.66667	126.666664	144.0	174.0	186.33333	182.66667	177.0	181.66667	183.66667	175.66667	175.66667	169.33333	
160.66667	180.33333	190.0	186.0	185.66667	186.33333	185.33333	190.33333	198.66667	196.66667	183.0	167.66667	157.0	148.33333	152.33333	141.33333	116.666664	98.333336	96.333336	102.333336	108.666664	110.666664	119.333336	132.0	152.0	162.0	158.0	167.33333	186.0	181.66667	174.0	180.66667	182.66667	161.0	130.66667	102.333336	
160.66667	163.0	174.33333	172.33333	175.33333	185.33333	187.0	187.33333	192.0	189.0	177.0	161.66667	154.66667	152.66667	147.66667	131.0	113.333336	98.0	83.0	69.333336	73.666664	87.666664	107.0	132.66667	156.33333	162.0	162.0	170.0	185.0	179.0	177.66667	182.66667	182.33333	135.33333	67.0	54.333332	
174.33333	152.0	146.33333	149.66667	164.0	177.66667	184.66667	184.66667	188.33333	183.0	169.66667	155.33333	151.33333	152.33333	143.66667	125.666664	115.333336	112.666664	112.0	105.0	103.666664	113.0	124.333336	137.33333	152.0	157.33333	159.0	170.33333	182.0	178.0	179.33333	181.0	174.33333	114.333336	63.666668	59.0	
177.66667	156.0	133.33333	120.0	137.66667	157.66667	177.0	184.0	189.0	184.0	171.66667	160.0	157.33333	153.66667	142.66667	136.33333	152.0	169.33333	175.0	176.66667	173.0	155.0	136.33333	141.0	154.33333	153.66667	152.0	167.0	179.66667	180.33333	178.0	177.33333	157.0	94.666664	67.0	65.0	
179.0	159.0	143.66667	128.0	121.333336	128.66667	152.0	167.66667	179.33333	178.66667	171.0	173.33333	175.0	173.33333	176.66667	183.33333	194.33333	193.0	191.66667	192.0	199.66667	199.33333	177.0	155.0	154.66667	152.66667	153.0	169.33333	177.0	176.0	172.33333	169.66667	142.66667	84.666664	74.333336	72.0	
180.33333	156.33333	134.66667	132.0	132.33333	130.66667	129.66667	126.0	150.0	166.0	169.66667	185.66667	194.33333	196.66667	195.66667	194.0	186.66667	172.0	171.0	171.0	180.33333	194.0	198.66667	183.33333	169.0	164.66667	168.33333	175.66667	174.33333	167.33333	160.0	151.66667	146.66667	101.0	82.0	79.0	
182.33333	155.0	126.0	113.333336	115.666664	124.0	125.333336	111.0	117.0	135.0	155.66667	174.0	185.33333	189.33333	186.33333	179.66667	164.66667	148.33333	145.0	150.0	160.33333	175.66667	193.66667	192.66667	186.66667	179.66667	176.66667	174.0	164.66667	155.66667	139.0	143.33333	173.66667	123.333336	86.333336	85.666664	
186.66667	160.33333	122.666664	98.333336	95.0	101.666664	108.333336	113.666664	113.0	108.0	119.333336	146.0	163.66667	159.66667	157.0	147.0	134.33333	130.66667	126.0	129.33333	142.0	159.0	176.33333	189.0	187.33333	178.66667	168.66667	157.0	138.0	139.33333	130.0	156.66667	192.33333	146.0	93.333336	88.666664	
185.66667	168.66667	136.66667	103.0	88.666664	88.0	89.0	95.333336	106.333336	100.0	86.666664	97.0	118.0	118.333336	115.0	109.666664	109.0	113.666664	111.333336	114.666664	126.666664	136.33333	153.0	169.66667	170.33333	158.0	140.33333	122.0	104.333336	122.333336	141.0	165.66667	193.33333	159.0	96.666664	91.666664	
190.33333	175.66667	159.0	134.66667	109.333336	97.333336	95.0	94.333336	94.666664	94.0	77.666664	59.333332	54.0	64.0	60.666668	63.0	70.666664	72.0	71.666664	80.0	94.0	107.666664	122.666664	138.0	131.33333	110.666664	90.333336	85.0	107.333336	132.33333	151.33333	168.0	193.0	170.66667	103.333336	97.0	
196.33333	179.33333	165.33333	149.0	127.666664	112.666664	100.666664	100.666664	102.666664	97.0	86.666664	66.666664	48.333332	45.0	37.333332	34.333332	33.666668	34.333332	32.333332	39.0	52.666668	61.666668	66.333336	76.666664	68.0	58.0	74.666664	101.333336	125.333336	138.66667	154.0	171.33333	194.33333	177.33333	108.0	100.333336	
196.0	185.0	169.66667	156.0	138.0	124.333336	111.0	104.0	105.0	100.333336	95.0	81.666664	71.0	60.666668	52.666668	45.666668	36.666668	27.666666	25.0	29.666666	34.333332	39.0	38.666668	46.666668	52.333332	72.666664	96.666664	115.333336	125.666664	134.66667	158.66667	177.0	195.33333	179.0	110.333336	100.0	
