102.0	94.333336	100.0	62.0	53.666668	57.0	79.666664	85.333336	128.66667	177.66667	200.33333	202.66667	203.0	205.0	205.66667	211.66667	212.0	211.0	206.33333	208.33333	211.0	210.33333	212.33333	211.66667	206.33333	199.0	191.33333	184.33333	175.66667	163.66667	129.33333	87.333336	72.666664	61.333332	42.666668	35.0	
98.333336	101.666664	86.333336	41.666668	51.666668	84.0	106.0	104.333336	153.66667	192.66667	203.33333	210.0	213.0	211.33333	214.0	216.66667	218.0	217.66667	217.0	215.0	215.33333	215.33333	214.66667	213.33333	211.33333	205.0	199.66667	193.33333	184.0	175.0	160.66667	125.666664	96.666664	83.666664	71.0	47.333332	
100.0	105.333336	68.333336	40.0	75.333336	133.33333	148.33333	134.0	173.0	202.33333	211.66667	218.0	220.33333	220.0	221.66667	222.0	222.66667	223.0	222.66667	220.33333	220.33333	223.33333	222.66667	221.0	217.66667	211.66667	202.66667	197.66667	189.33333	180.33333	171.66667	155.66667	134.66667	109.333336	85.333336	68.666664	
96.0	100.0	65.333336	62.333332	124.333336	170.0	183.66667	184.0	204.0	216.33333	222.66667	226.66667	226.66667	225.66667	226.66667	227.66667	226.66667	227.66667	228.33333	228.0	226.33333	228.33333	228.33333	225.33333	221.0	215.66667	206.33333	199.0	191.33333	185.0	178.33333	166.33333	156.33333	142.66667	104.666664	72.666664	
91.0	92.666664	73.666664	99.666664	165.0	187.33333	201.33333	210.66667	217.66667	221.66667	226.0	228.66667	230.33333	229.0	227.33333	229.0	229.33333	229.66667	231.0	233.33333	230.0	227.66667	227.66667	226.0	220.66667	216.66667	209.66667	201.0	191.33333	187.33333	184.0	175.33333	164.0	158.66667	130.66667	86.0	
77.666664	87.333336	85.666664	135.33333	184.66667	198.33333	207.66667	213.33333	219.0	221.33333	222.66667	225.66667	229.0	229.33333	226.33333	227.0	229.0	229.66667	229.33333	229.0	226.33333	224.66667	222.33333	221.33333	216.66667	212.33333	209.33333	201.33333	191.66667	189.33333	187.66667	180.66667	168.66667	161.33333	141.33333	101.333336	
69.333336	84.333336	108.333336	161.66667	195.0	205.33333	208.33333	214.0	219.33333	221.0	221.33333	222.66667	224.33333	225.33333	224.33333	223.66667	225.33333	224.0	221.33333	222.33333	222.0	220.66667	218.0	216.0	213.66667	210.33333	209.66667	204.33333	195.66667	191.0	188.33333	183.0	167.66667	157.33333	144.66667	109.333336	
77.666664	96.666664	127.0	176.0	197.33333	208.66667	214.66667	218.33333	220.33333	220.66667	221.33333	221.0	221.66667	225.0	225.0	222.0	223.0	222.33333	221.66667	223.66667	224.33333	223.0	219.33333	211.66667	208.0	205.0	201.66667	199.66667	198.33333	192.66667	186.0	183.33333	169.33333	158.33333	147.66667	112.666664	
101.0	120.666664	132.0	181.0	203.33333	212.66667	214.0	216.33333	217.33333	217.0	219.66667	224.0	227.0	229.0	229.33333	226.66667	227.0	227.0	228.0	231.33333	229.66667	221.0	201.66667	184.33333	174.0	171.33333	173.33333	174.66667	177.66667	180.66667	180.66667	180.66667	173.33333	161.33333	142.66667	107.666664	
119.0	140.0	137.66667	178.66667	200.0	194.66667	187.33333	188.33333	179.33333	178.0	188.66667	205.0	221.66667	229.33333	231.0	232.66667	234.0	235.66667	234.33333	234.0	217.0	193.33333	157.33333	132.66667	127.666664	133.66667	145.66667	160.33333	169.0	169.66667	171.66667	173.66667	172.66667	165.33333	149.33333	112.666664	
130.0	150.33333	158.0	182.33333	185.0	176.0	167.66667	154.66667	130.0	125.333336	133.66667	152.33333	183.66667	206.66667	216.0	227.66667	231.66667	235.66667	233.0	220.0	194.33333	167.33333	135.33333	123.666664	129.66667	127.333336	132.33333	148.33333	161.33333	164.33333	160.0	158.0	168.66667	169.0	156.0	126.666664	
138.66667	165.0	183.33333	183.33333	184.33333	183.0	169.66667	153.33333	140.66667	142.0	138.0	142.66667	156.66667	173.0	194.33333	215.0	225.66667	228.33333	215.0	194.0	170.33333	152.0	144.0	150.0	162.0	165.0	165.66667	164.0	161.0	163.66667	162.0	156.0	159.33333	163.33333	157.0	136.33333	
155.33333	181.33333	184.66667	175.66667	177.33333	179.66667	186.0	183.33333	182.0	177.66667	168.33333	162.0	159.66667	160.0	176.66667	202.33333	219.33333	220.66667	201.66667	180.0	163.33333	159.33333	163.66667	181.66667	172.0	152.0	140.66667	129.0	122.0	142.0	139.0	131.33333	136.66667	148.33333	157.0	148.66667	
175.66667	187.0	169.0	151.66667	140.66667	147.0	175.0	169.33333	146.66667	140.0	132.66667	134.0	142.33333	157.66667	176.66667	195.66667	213.33333	214.0	196.33333	179.66667	170.66667	150.33333	140.0	147.66667	148.0	132.33333	115.666664	104.666664	100.333336	109.333336	110.333336	113.333336	111.333336	129.33333	153.33333	154.66667	
182.33333	167.0	150.33333	140.66667	134.66667	136.66667	146.66667	149.66667	128.33333	116.0	108.333336	110.0	111.0	126.0	177.66667	197.0	208.0	205.66667	186.66667	172.33333	152.33333	127.0	117.333336	99.666664	96.333336	82.333336	64.666664	54.333332	53.666668	65.333336	81.333336	95.666664	106.666664	108.666664	115.0	110.333336	
162.33333	149.0	157.33333	138.0	122.0	105.333336	90.333336	74.333336	57.666668	47.666668	45.666668	52.666668	69.333336	88.333336	120.666664	151.0	180.66667	187.0	167.66667	134.66667	101.333336	91.333336	60.666668	53.0	44.0	34.0	25.333334	21.333334	24.333334	30.0	45.666668	76.0	110.0	103.0	86.666664	81.666664	
106.333336	135.33333	151.0	122.333336	88.0	62.333332	49.333332	40.0	33.666668	28.0	28.0	31.0	37.0	50.666668	77.666664	151.0	192.33333	204.0	185.66667	144.66667	84.333336	63.0	54.0	55.666668	56.0	49.0	44.0	46.0	52.0	58.666668	65.333336	80.666664	96.333336	93.333336	116.333336	139.33333	
145.0	140.33333	129.33333	110.0	104.0	98.0	94.666664	87.0	76.333336	76.333336	72.666664	67.0	59.666668	58.666668	66.0	150.33333	212.0	221.33333	205.0	158.0	75.333336	58.333332	84.666664	93.0	105.0	102.0	97.0	95.0	88.666664	86.666664	95.0	100.333336	93.0	86.333336	102.0	129.33333	
157.66667	124.333336	102.333336	111.0	115.666664	106.333336	96.0	87.333336	84.0	83.333336	78.666664	76.666664	77.0	73.666664	83.0	177.33333	220.33333	223.33333	208.33333	174.0	109.666664	77.666664	98.0	94.0	94.666664	91.333336	87.333336	82.666664	85.0	96.333336	107.333336	107.0	94.333336	83.0	83.0	84.333336	
154.33333	113.666664	107.666664	120.666664	126.0	117.333336	105.666664	94.333336	82.666664	76.666664	78.333336	86.0	91.333336	86.0	133.33333	201.66667	221.0	220.66667	206.66667	182.66667	154.66667	108.0	99.333336	106.666664	106.333336	104.0	103.0	104.333336	108.333336	112.0	110.333336	102.333336	92.333336	97.333336	94.666664	80.333336	
149.33333	142.33333	116.333336	121.333336	122.333336	114.333336	111.666664	106.666664	106.0	108.0	110.666664	109.0	102.333336	106.333336	177.33333	211.0	218.0	217.66667	206.66667	186.0	179.66667	151.0	104.666664	108.333336	119.333336	119.333336	110.333336	101.666664	102.666664	103.0	96.333336	88.0	88.333336	105.0	119.0	128.33333	
179.0	182.33333	140.33333	131.33333	116.333336	110.0	123.666664	106.0	101.666664	105.666664	112.666664	111.666664	116.333336	154.33333	200.0	213.0	218.0	217.66667	209.33333	193.66667	189.33333	186.66667	158.66667	134.66667	137.0	135.33333	133.66667	144.33333	166.33333	173.33333	164.0	149.66667	139.0	143.66667	149.0	146.33333	
185.33333	191.66667	175.33333	151.33333	146.66667	144.0	147.33333	138.0	131.0	131.66667	142.0	154.33333	173.0	199.33333	209.0	215.66667	222.0	224.66667	214.66667	195.33333	178.0	182.33333	188.66667	193.66667	199.0	202.66667	209.66667	222.33333	232.33333	227.0	211.33333	197.0	180.33333	168.33333	157.66667	146.0	
183.33333	192.0	194.66667	193.66667	200.66667	211.0	215.0	211.33333	205.0	205.0	207.33333	206.0	201.0	204.33333	207.0	218.0	228.66667	234.0	218.66667	193.0	176.33333	184.33333	185.66667	196.33333	205.66667	210.0	218.33333	224.33333	224.66667	217.0	210.0	199.66667	188.0	175.0	160.0	145.33333	
180.66667	189.66667	202.33333	212.0	215.66667	218.66667	219.0	219.66667	222.33333	216.0	202.33333	194.66667	205.66667	211.0	211.33333	220.33333	227.66667	231.0	211.33333	188.0	184.33333	192.66667	185.66667	185.33333	194.0	197.0	204.66667	212.33333	209.33333	203.33333	202.0	194.0	185.33333	173.33333	158.0	142.0	
179.33333	190.0	203.66667	212.0	212.66667	210.33333	210.0	212.66667	207.66667	184.0	174.33333	187.33333	194.0	192.66667	192.66667	202.33333	208.33333	205.33333	184.33333	158.66667	148.0	153.66667	154.33333	162.66667	189.33333	189.0	193.33333	202.0	203.66667	199.66667	194.0	187.0	180.66667	170.0	153.66667	137.33333	
174.0	187.33333	200.0	206.33333	207.66667	205.33333	204.66667	201.33333	174.66667	153.0	177.66667	181.0	153.33333	117.0	109.0	144.33333	158.66667	151.33333	124.0	80.333336	57.666668	73.333336	102.0	149.0	196.0	194.33333	184.0	187.0	193.66667	193.33333	187.66667	181.33333	173.0	162.0	145.33333	129.66667	
165.66667	180.0	193.0	200.66667	201.66667	201.0	195.66667	173.33333	154.33333	174.66667	195.66667	192.33333	159.66667	129.66667	123.0	119.0	113.666664	96.0	64.666664	42.0	54.666668	83.666664	123.333336	174.33333	198.0	195.0	178.0	171.33333	179.0	183.0	180.33333	174.0	164.33333	154.0	137.0	118.0	
158.33333	172.66667	185.66667	190.33333	190.66667	189.0	175.66667	152.33333	157.0	188.66667	205.33333	207.33333	202.33333	197.33333	194.0	178.33333	146.33333	116.666664	105.333336	128.66667	162.66667	180.0	188.66667	193.33333	195.33333	191.33333	173.66667	155.33333	158.33333	167.33333	168.0	164.66667	156.0	145.33333	128.0	113.666664	
158.33333	166.0	176.33333	181.66667	180.66667	175.33333	157.66667	136.0	159.66667	192.66667	212.0	216.0	216.0	213.66667	211.33333	211.0	212.0	211.33333	211.0	210.0	207.66667	205.33333	201.33333	195.33333	192.33333	185.33333	172.0	153.66667	141.66667	147.66667	152.66667	152.33333	148.33333	140.0	126.333336	118.0	
167.66667	164.0	168.66667	170.66667	169.66667	159.0	134.33333	126.333336	168.33333	194.0	209.66667	216.66667	221.0	223.33333	222.33333	220.66667	225.0	227.0	224.66667	217.33333	212.0	209.33333	203.0	196.33333	186.33333	177.66667	170.0	165.33333	142.33333	129.0	138.0	144.33333	142.66667	139.66667	131.0	126.333336	
178.66667	165.66667	162.0	161.33333	157.66667	143.0	114.333336	142.33333	171.66667	192.0	202.33333	209.33333	208.66667	205.66667	199.66667	199.0	204.66667	204.66667	193.66667	182.66667	178.66667	176.33333	174.33333	174.0	167.66667	163.66667	160.0	160.0	154.33333	137.0	147.0	152.0	145.0	144.33333	137.66667	135.33333	
185.0	170.0	156.33333	152.33333	153.66667	141.33333	136.0	158.66667	166.66667	179.0	174.0	158.33333	150.66667	141.33333	142.66667	158.0	171.0	160.66667	152.33333	139.0	131.33333	118.333336	111.333336	105.0	108.0	121.0	130.33333	141.0	146.66667	156.33333	168.66667	159.66667	145.33333	150.33333	143.66667	142.66667	
188.33333	176.0	158.0	147.0	151.33333	151.0	158.33333	161.0	158.33333	128.33333	88.333336	82.0	125.666664	163.0	185.0	204.33333	215.33333	193.66667	206.33333	202.0	196.66667	174.0	150.66667	94.333336	59.666668	52.333332	68.0	113.333336	153.33333	174.0	162.0	154.33333	145.33333	159.66667	156.33333	147.66667	
187.0	182.66667	173.0	154.33333	149.66667	153.33333	171.66667	166.0	142.0	75.0	46.333332	105.0	188.66667	223.0	225.66667	230.33333	235.0	228.33333	229.66667	220.33333	212.0	200.0	189.0	148.0	82.666664	53.666668	71.666664	139.0	185.0	191.0	175.33333	165.0	164.33333	177.66667	168.66667	147.66667	
182.33333	187.33333	190.33333	175.33333	166.33333	174.33333	190.0	193.66667	197.0	169.66667	117.666664	133.0	176.33333	191.33333	186.66667	191.66667	199.66667	197.0	196.66667	183.0	173.0	176.0	167.0	139.33333	130.0	143.0	170.66667	200.66667	209.33333	208.0	204.66667	191.66667	194.33333	195.0	174.66667	141.66667	
170.66667	185.33333	200.0	203.0	190.66667	211.33333	215.33333	212.66667	215.66667	212.0	198.33333	187.33333	191.33333	195.33333	204.66667	210.33333	211.66667	214.33333	207.33333	202.66667	200.66667	192.33333	175.0	170.66667	176.66667	181.66667	194.66667	209.33333	213.66667	214.33333	215.0	212.33333	212.33333	197.0	166.66667	123.666664	
154.0	176.66667	200.33333	217.33333	213.33333	217.66667	224.33333	219.66667	217.0	213.0	210.33333	205.66667	203.66667	203.33333	205.66667	208.33333	209.0	206.66667	199.0	196.66667	193.33333	185.33333	178.33333	180.33333	183.33333	188.66667	199.66667	205.0	209.66667	213.66667	214.0	212.66667	211.66667	187.66667	149.66667	96.0	
124.666664	159.33333	192.0	217.0	223.66667	220.33333	225.66667	221.33333	215.66667	214.0	213.66667	212.0	208.66667	208.33333	205.0	204.66667	205.33333	203.0	201.0	201.66667	197.0	193.0	191.66667	191.33333	191.33333	196.0	200.0	199.33333	204.33333	207.66667	205.66667	211.0	201.66667	167.33333	118.333336	65.0	
94.0	131.0	174.33333	207.66667	226.33333	223.0	222.33333	222.66667	216.0	212.33333	214.0	215.33333	215.33333	214.0	213.66667	215.66667	217.0	217.66667	218.33333	218.66667	215.0	210.0	205.0	201.66667	197.33333	195.33333	194.33333	194.66667	199.33333	197.66667	199.33333	206.66667	177.66667	130.33333	77.0	41.333332	
74.333336	93.0	138.0	184.33333	216.66667	225.33333	218.33333	223.0	218.66667	213.33333	215.0	217.0	218.33333	221.33333	222.33333	227.0	230.33333	233.66667	238.0	238.33333	233.0	225.0	212.0	204.0	199.66667	193.33333	190.33333	188.33333	188.33333	183.33333	193.0	184.0	136.66667	79.666664	40.0	28.333334	
69.0	74.333336	97.0	148.0	192.66667	219.66667	216.0	216.33333	218.66667	215.0	216.33333	219.0	220.66667	223.33333	227.0	233.66667	237.0	240.66667	246.33333	246.33333	240.0	229.0	212.0	202.0	195.33333	189.0	183.0	177.33333	166.66667	169.33333	178.33333	142.66667	85.0	41.0	22.666666	18.333334	
69.0	70.0	74.333336	96.666664	144.0	190.33333	206.33333	200.0	207.66667	211.33333	213.33333	218.33333	220.33333	221.66667	227.33333	238.0	241.33333	240.66667	245.0	244.0	231.0	213.33333	199.33333	191.0	186.33333	178.66667	164.33333	144.33333	131.33333	159.66667	139.66667	85.0	41.0	20.333334	14.333333	7.6666665	
68.666664	69.0	69.666664	72.333336	90.0	131.0	172.66667	184.0	181.33333	192.66667	200.66667	205.0	210.66667	214.66667	219.0	225.33333	223.33333	220.33333	229.33333	225.66667	206.33333	188.66667	180.66667	176.66667	169.33333	150.66667	115.0	86.666664	113.333336	125.0	77.0	38.0	19.666666	11.0	5.6666665	3.3333333	
68.666664	68.666664	68.666664	68.666664	69.0	77.0	104.666664	139.33333	150.66667	151.33333	165.33333	178.33333	186.0	195.0	195.0	194.66667	193.0	192.33333	197.33333	192.66667	180.33333	172.66667	166.0	154.66667	130.0	83.0	48.0	54.0	79.333336	54.666668	26.666666	14.666667	8.666667	6.6666665	2.6666667	4.6666665	
69.0	69.0	69.0	68.666664	68.333336	66.333336	65.666664	75.666664	93.666664	98.0	102.333336	124.666664	147.33333	161.0	170.66667	172.66667	171.66667	169.0	167.33333	160.0	150.33333	139.0	117.666664	94.333336	56.666668	25.0	19.666666	27.333334	27.333334	15.666667	11.666667	8.666667	7.6666665	6.0	5.0	9.0	
68.666664	68.333336	68.333336	69.333336	68.333336	68.333336	67.0	66.0	63.0	57.666668	52.333332	54.666668	75.333336	94.0	106.666664	118.666664	122.666664	126.666664	118.333336	93.0	72.0	57.333332	40.666668	27.333334	18.0	13.666667	12.0	10.0	9.0	8.0	8.666667	9.666667	10.0	11.0	12.0	18.0	
67.333336	66.666664	66.666664	68.666664	67.333336	67.666664	68.0	70.666664	76.666664	67.333336	52.666668	44.0	43.666668	45.666668	44.333332	44.666668	50.0	53.0	42.666668	29.0	20.666666	16.333334	14.333333	12.666667	12.666667	10.666667	8.666667	12.0	12.666667	13.0	14.0	16.666666	21.0	25.333334	17.0	11.666667	
66.333336	66.0	67.0	68.0	67.666664	68.0	67.666664	67.0	73.666664	82.666664	71.0	59.0	56.333332	56.666668	47.666668	35.333332	23.0	18.0	16.333334	14.666667	12.666667	12.0	11.0	9.666667	9.333333	10.0	21.666666	32.666668	27.0	21.333334	21.666666	20.333334	20.0	17.0	10.666667	6.0	
