74.0	83.0	105.666664	165.66667	226.66667	245.0	243.0	239.66667	235.66667	231.33333	227.66667	226.66667	223.33333	220.0	217.0	213.33333	211.0	211.33333	214.66667	216.66667	214.33333	214.0	214.33333	214.66667	215.66667	215.33333	213.66667	213.33333	217.0	217.33333	221.66667	218.33333	129.66667	56.333332	65.0	82.666664	
74.666664	83.333336	117.666664	185.33333	234.66667	243.66667	238.33333	234.33333	228.0	222.0	221.0	221.33333	217.0	213.66667	212.33333	208.33333	206.66667	208.66667	211.66667	214.66667	212.0	209.66667	211.0	209.66667	207.66667	204.66667	202.0	199.0	204.33333	210.0	215.66667	221.0	180.0	70.666664	58.0	72.0	
79.333336	94.666664	142.66667	207.33333	235.33333	237.66667	233.0	228.33333	220.66667	212.33333	210.33333	210.0	207.0	203.66667	204.33333	201.0	200.0	204.0	206.66667	208.33333	206.0	200.66667	202.33333	202.0	193.0	187.66667	189.33333	193.0	193.33333	192.0	201.0	214.66667	204.66667	122.333336	53.333332	56.0	
77.333336	104.333336	169.0	218.0	233.33333	233.33333	227.66667	220.66667	213.0	206.33333	202.33333	200.66667	199.0	197.33333	197.66667	197.33333	198.0	201.33333	204.33333	206.0	202.66667	199.66667	196.66667	191.33333	178.33333	173.66667	175.33333	179.66667	181.66667	187.33333	197.0	205.33333	208.33333	167.66667	83.0	47.333332	
85.0	125.333336	186.66667	222.33333	232.0	231.33333	222.33333	213.33333	206.0	201.0	196.66667	193.66667	191.0	189.33333	191.66667	195.66667	196.66667	198.66667	201.0	202.0	201.33333	203.0	201.0	190.33333	183.0	180.0	173.66667	173.33333	172.0	179.0	195.0	200.33333	200.0	184.0	128.33333	63.333332	
100.333336	142.66667	196.66667	223.66667	227.33333	221.66667	213.0	204.33333	198.0	195.33333	191.0	185.33333	182.66667	184.66667	191.33333	196.33333	196.33333	198.0	199.0	197.66667	196.66667	200.0	199.0	193.33333	193.33333	200.33333	199.33333	193.33333	186.33333	180.33333	175.66667	178.0	177.0	175.33333	150.0	81.0	
111.666664	149.66667	194.33333	217.66667	218.0	209.33333	203.33333	198.0	193.33333	191.0	189.0	187.0	185.0	185.66667	194.0	198.33333	199.0	200.33333	202.33333	202.66667	202.0	201.33333	191.0	183.66667	189.0	201.33333	202.66667	202.0	195.66667	186.33333	177.0	172.0	170.33333	165.66667	162.66667	105.333336	
116.333336	150.0	190.66667	210.66667	211.33333	202.0	197.66667	197.33333	195.66667	191.33333	190.66667	193.0	195.0	194.66667	199.33333	203.0	205.33333	202.66667	201.66667	204.66667	208.0	210.33333	204.33333	204.66667	207.66667	206.33333	199.33333	194.33333	187.66667	179.0	174.66667	173.66667	170.66667	168.0	169.66667	126.0	
118.333336	150.0	182.33333	201.33333	205.66667	199.66667	198.0	195.66667	190.0	185.33333	190.0	197.33333	202.0	203.0	205.33333	209.33333	210.0	203.0	196.66667	194.0	193.0	197.0	197.33333	199.66667	199.33333	198.66667	195.66667	191.33333	184.33333	174.33333	166.33333	163.33333	165.0	170.66667	173.0	137.0	
117.333336	147.0	173.0	193.33333	198.66667	199.33333	198.0	191.33333	186.33333	184.0	188.66667	194.33333	197.33333	200.33333	206.33333	212.66667	211.66667	207.0	203.33333	200.33333	193.66667	195.66667	193.66667	187.66667	192.66667	203.0	200.0	188.0	176.33333	169.0	166.66667	166.0	163.33333	154.66667	148.33333	134.66667	
111.666664	142.0	164.0	185.66667	197.33333	195.66667	191.66667	189.0	188.66667	188.0	183.33333	179.66667	179.0	181.0	187.0	195.33333	202.66667	202.0	200.66667	197.33333	189.33333	198.0	193.0	181.0	191.0	190.33333	179.66667	165.0	152.0	152.66667	165.0	173.0	177.0	160.33333	143.66667	133.33333	
102.333336	134.33333	157.33333	171.33333	173.33333	174.0	181.0	182.66667	184.33333	182.33333	174.66667	166.0	161.33333	158.66667	162.33333	174.33333	187.33333	194.66667	197.0	195.0	184.66667	193.33333	190.33333	175.33333	189.0	179.66667	166.33333	157.0	158.33333	170.33333	184.0	193.66667	193.0	171.33333	153.33333	139.0	
90.666664	121.666664	153.66667	164.33333	164.33333	165.0	170.33333	174.66667	174.0	175.66667	173.33333	167.33333	163.0	157.0	156.0	169.0	180.0	188.0	197.0	195.0	179.66667	182.66667	187.66667	166.66667	175.0	170.66667	173.33333	174.66667	171.0	165.0	171.33333	178.33333	185.33333	179.0	155.0	126.0	
80.666664	108.666664	140.66667	163.0	168.33333	169.66667	175.33333	180.0	183.33333	189.66667	192.33333	188.33333	182.0	171.33333	164.66667	173.33333	180.0	178.66667	189.66667	182.66667	165.66667	170.33333	181.33333	151.33333	149.0	143.33333	148.33333	156.66667	151.0	134.0	125.0	133.33333	151.66667	172.33333	154.66667	121.666664	
81.333336	114.666664	136.66667	148.33333	162.0	175.33333	187.0	194.0	196.66667	193.66667	186.66667	175.66667	170.66667	163.0	164.0	168.33333	175.33333	172.0	165.33333	162.0	145.66667	151.66667	161.33333	124.666664	117.0	108.0	94.666664	95.0	92.333336	85.333336	83.333336	86.666664	107.333336	141.33333	151.0	121.333336	
91.333336	126.666664	149.66667	157.33333	170.0	184.0	192.0	184.66667	170.0	151.33333	130.0	114.333336	115.0	120.666664	134.0	137.66667	137.0	127.666664	125.666664	123.666664	117.0	150.0	149.33333	100.666664	81.0	69.666664	58.666668	55.0	57.666668	67.333336	77.666664	83.666664	85.333336	109.666664	143.0	124.0	
93.333336	133.66667	157.33333	166.66667	173.66667	177.66667	173.66667	154.33333	132.0	111.0	90.666664	78.666664	75.666664	79.666664	85.333336	83.333336	80.0	81.333336	83.333336	84.0	111.666664	154.33333	142.66667	84.0	58.666668	54.666668	55.0	58.666668	73.333336	89.333336	94.666664	96.0	87.0	95.333336	127.0	128.33333	
86.0	132.33333	160.0	163.66667	168.0	163.0	145.66667	124.0	104.666664	93.666664	90.0	89.333336	76.666664	65.333336	60.0	57.0	58.666668	65.333336	76.0	91.666664	126.666664	173.33333	167.0	91.666664	63.333332	69.666664	64.666664	59.333332	67.333336	85.0	98.0	88.666664	84.0	95.666664	125.0	129.0	
84.666664	135.0	162.0	159.0	159.33333	147.66667	122.333336	105.0	93.0	85.333336	82.333336	77.0	67.666664	57.666668	66.333336	73.666664	82.333336	80.0	83.333336	105.666664	153.0	194.33333	192.0	128.0	79.333336	75.666664	61.666668	46.333332	41.333332	50.0	71.333336	78.666664	87.0	97.0	124.666664	133.33333	
84.666664	134.0	158.0	162.33333	156.66667	136.66667	116.333336	103.0	84.333336	69.333336	65.333336	51.666668	52.666668	75.666664	98.666664	91.666664	91.333336	100.333336	99.0	121.666664	174.33333	202.0	203.66667	171.66667	105.666664	89.0	90.0	89.333336	81.333336	90.666664	94.0	98.0	107.333336	118.0	139.0	145.66667	
86.333336	140.0	165.0	173.0	165.0	144.33333	132.66667	128.0	117.666664	101.333336	106.666664	104.666664	104.0	118.333336	123.666664	109.666664	107.333336	116.333336	115.0	138.33333	187.66667	209.66667	211.0	193.33333	134.66667	109.666664	109.666664	117.666664	118.333336	120.0	122.0	133.66667	151.0	156.33333	164.0	157.33333	
89.666664	149.33333	180.0	188.66667	182.66667	173.0	164.66667	165.0	158.0	144.66667	141.0	143.33333	153.0	158.66667	145.0	129.0	124.333336	125.666664	133.66667	152.33333	194.33333	211.33333	214.33333	201.33333	154.66667	133.33333	135.0	127.0	120.0	123.666664	134.33333	149.33333	167.66667	179.0	176.0	161.0	
89.333336	146.66667	185.0	192.33333	190.0	187.0	188.0	189.0	182.66667	175.33333	171.33333	167.66667	169.66667	169.0	157.33333	149.0	149.0	150.33333	155.33333	166.0	195.66667	211.33333	211.66667	199.33333	159.33333	149.0	164.66667	165.33333	160.0	167.33333	174.66667	181.0	187.33333	190.33333	183.33333	159.66667	
96.0	146.66667	179.66667	187.66667	193.0	195.33333	197.66667	200.33333	199.0	197.66667	196.0	191.33333	185.33333	180.66667	174.66667	174.0	173.0	169.66667	171.0	177.0	194.66667	212.0	213.33333	201.33333	166.33333	152.66667	170.33333	175.0	172.66667	175.0	180.0	184.33333	183.66667	182.66667	174.66667	149.33333	
116.666664	149.0	167.0	173.0	183.33333	193.66667	198.66667	202.66667	202.33333	200.66667	198.0	199.33333	195.33333	190.66667	188.66667	187.66667	179.66667	172.33333	175.66667	185.66667	206.0	218.66667	213.0	209.0	185.66667	161.0	168.0	172.33333	168.33333	162.66667	160.66667	165.66667	162.33333	159.0	151.33333	135.66667	
123.666664	141.33333	150.33333	156.33333	168.0	179.0	184.33333	183.0	182.33333	185.33333	186.33333	194.33333	195.66667	194.66667	195.66667	191.66667	176.33333	172.0	183.0	199.33333	220.33333	219.66667	205.66667	204.0	202.33333	175.0	164.33333	170.33333	169.0	165.33333	153.66667	146.66667	141.33333	138.33333	136.66667	126.666664	
125.666664	135.0	138.33333	145.0	154.0	161.66667	161.66667	158.66667	164.33333	176.33333	181.66667	188.33333	191.0	192.66667	193.0	186.33333	170.66667	164.66667	189.66667	210.66667	214.33333	207.33333	194.33333	197.0	203.33333	178.33333	156.66667	163.66667	166.0	162.66667	153.33333	140.0	131.33333	128.66667	126.333336	121.0	
125.666664	132.0	130.66667	135.0	140.33333	142.66667	143.66667	149.0	160.33333	172.33333	177.66667	185.33333	188.0	185.33333	182.66667	176.33333	162.66667	181.66667	201.33333	200.33333	197.0	195.66667	193.66667	197.33333	186.66667	168.33333	152.66667	154.33333	161.0	159.0	150.66667	137.33333	126.666664	120.666664	119.0	115.333336	
117.666664	129.66667	127.666664	128.33333	131.0	131.0	134.33333	146.0	159.33333	169.66667	173.66667	177.33333	180.0	173.33333	172.0	160.0	147.33333	182.0	178.66667	173.66667	177.66667	184.66667	184.66667	170.0	154.66667	145.0	142.33333	139.0	147.33333	152.0	148.33333	136.33333	122.333336	117.0	121.333336	111.666664	
103.0	122.666664	126.333336	126.333336	128.66667	126.666664	124.666664	132.0	148.0	160.66667	167.33333	169.66667	170.33333	166.33333	159.0	141.33333	129.33333	124.666664	109.666664	116.333336	140.66667	151.0	146.0	131.66667	108.666664	104.0	120.0	130.33333	140.66667	147.66667	146.0	134.33333	119.333336	115.666664	123.0	108.0	
98.333336	117.333336	125.333336	126.333336	131.0	127.0	121.333336	119.666664	130.66667	145.66667	157.33333	159.66667	156.66667	155.0	147.0	137.66667	128.0	89.333336	63.333332	59.0	90.666664	105.666664	100.0	75.333336	52.666668	85.666664	129.0	137.0	136.0	140.0	139.66667	130.33333	120.333336	119.666664	124.333336	107.0	
90.333336	113.333336	130.0	133.66667	134.66667	132.33333	124.333336	118.666664	121.333336	131.0	141.33333	145.0	147.66667	149.0	148.33333	157.0	152.0	114.0	95.0	93.0	84.666664	74.666664	64.333336	46.0	69.333336	124.666664	158.0	146.66667	139.33333	136.66667	135.33333	129.33333	121.333336	123.666664	122.666664	99.333336	
77.666664	99.0	129.0	137.0	131.33333	131.66667	130.0	126.333336	126.0	130.66667	138.66667	143.66667	144.66667	147.0	157.33333	169.66667	162.33333	126.333336	95.0	88.333336	93.666664	85.666664	73.333336	59.0	62.333332	96.333336	139.0	145.33333	138.0	135.0	132.66667	128.33333	121.666664	123.0	118.0	93.0	
80.666664	91.0	128.0	133.66667	124.666664	123.666664	128.33333	131.0	131.0	134.66667	135.66667	139.33333	142.66667	147.66667	151.33333	156.0	136.0	96.0	72.666664	64.666664	80.0	82.333336	75.0	61.333332	59.0	66.0	96.666664	119.333336	120.0	124.333336	129.66667	124.333336	120.0	118.333336	111.333336	80.666664	
84.666664	97.333336	127.0	134.66667	126.333336	122.333336	125.666664	133.0	137.33333	138.0	135.33333	137.33333	139.0	136.66667	130.66667	118.333336	97.0	77.666664	66.333336	59.0	64.0	67.0	67.666664	67.333336	64.0	68.0	78.0	89.666664	92.0	104.666664	125.333336	123.0	115.333336	110.666664	103.666664	107.333336	
70.666664	90.666664	124.0	136.33333	126.333336	119.333336	121.333336	130.0	136.33333	137.0	139.0	136.66667	120.333336	100.0	90.0	89.666664	82.333336	64.333336	69.666664	68.666664	61.0	74.0	73.0	78.666664	83.333336	87.666664	85.666664	73.666664	68.0	82.0	115.333336	118.0	109.333336	105.333336	100.0	106.0	
74.666664	72.333336	111.666664	131.0	123.666664	117.0	119.333336	125.333336	130.33333	135.0	139.0	128.66667	92.0	65.666664	64.333336	81.0	87.666664	76.333336	87.0	95.666664	90.333336	101.0	105.333336	95.333336	95.333336	100.0	90.333336	64.333336	52.0	64.666664	106.0	111.666664	102.0	99.333336	98.333336	98.0	
96.0	61.666668	93.0	119.333336	121.333336	118.0	117.666664	119.666664	123.666664	131.0	132.0	112.0	66.666664	52.666668	60.0	82.333336	100.0	97.666664	90.666664	78.333336	65.0	64.0	66.333336	59.333332	54.0	55.0	57.666668	59.333332	50.666668	58.666668	101.666664	106.0	99.666664	100.0	106.666664	105.666664	
124.0	78.666664	74.0	109.666664	116.666664	118.0	116.333336	115.333336	118.333336	122.666664	118.666664	88.666664	54.666668	53.666668	65.333336	71.0	71.333336	66.333336	59.666668	58.333332	59.0	65.333336	73.333336	79.333336	89.333336	88.333336	88.333336	76.0	53.0	64.333336	100.0	98.666664	91.666664	99.333336	106.666664	93.666664	
127.333336	109.666664	67.0	91.666664	106.333336	112.666664	113.0	111.333336	114.333336	117.0	113.0	76.333336	54.666668	70.333336	99.0	102.0	95.666664	94.333336	103.0	110.333336	113.0	117.666664	125.0	122.666664	111.333336	103.333336	105.666664	89.666664	57.333332	62.333332	87.666664	88.0	82.0	104.0	109.333336	93.333336	
138.66667	137.33333	84.0	70.666664	90.333336	103.333336	104.0	102.666664	104.333336	110.333336	98.666664	60.333332	57.666668	93.666664	119.666664	120.333336	116.333336	112.666664	110.333336	110.666664	118.666664	125.0	121.0	109.666664	98.0	102.0	103.0	87.666664	51.666668	48.666668	70.666664	76.333336	84.666664	94.0	94.0	102.666664	
120.666664	146.33333	109.0	67.666664	75.666664	88.0	94.333336	96.0	96.333336	94.666664	76.666664	51.666668	65.333336	99.0	113.666664	116.0	109.666664	102.0	94.333336	85.0	79.0	81.666664	83.333336	83.666664	84.666664	88.666664	95.0	75.666664	44.333332	46.666668	67.333336	77.333336	97.0	101.0	93.0	81.333336	
104.333336	146.66667	123.666664	95.666664	68.0	66.666664	81.333336	90.0	90.666664	80.333336	60.666668	51.666668	69.333336	98.666664	109.666664	110.333336	109.333336	107.333336	99.333336	82.666664	62.0	55.333332	67.333336	81.0	90.333336	98.0	99.333336	70.333336	41.333332	44.666668	68.666664	72.0	103.333336	114.0	122.0	108.0	
102.666664	148.33333	129.0	118.0	85.0	57.0	58.0	71.666664	79.333336	75.0	59.333332	53.333332	66.333336	92.666664	117.666664	127.333336	131.66667	134.33333	129.33333	116.333336	84.333336	77.333336	98.333336	120.333336	121.333336	122.333336	100.666664	57.666668	38.0	47.333332	61.0	50.0	83.333336	109.666664	120.0	114.666664	
132.0	146.66667	133.0	123.666664	109.333336	82.666664	51.0	48.333332	60.0	66.333336	61.0	54.333332	58.0	80.666664	114.666664	136.66667	144.33333	148.66667	148.0	132.66667	115.333336	118.333336	128.66667	140.33333	133.0	125.333336	91.0	49.333332	36.333332	45.333332	49.333332	32.333332	60.666668	97.0	109.666664	104.333336	
162.33333	144.0	136.66667	125.0	117.333336	103.666664	76.0	53.666668	45.0	49.666668	53.666668	49.666668	45.666668	59.666668	88.333336	109.333336	115.666664	124.0	124.0	109.0	96.0	103.0	117.666664	109.666664	95.666664	90.666664	68.333336	41.333332	39.0	61.333332	50.0	18.666666	46.0	71.666664	96.0	93.0	
156.0	142.66667	137.0	127.333336	121.0	115.0	96.0	75.333336	59.0	42.0	41.666668	42.333332	35.333332	42.666668	62.666668	69.333336	71.666664	82.666664	85.333336	81.666664	79.0	87.333336	90.333336	72.666664	55.333332	55.666668	49.0	30.333334	47.0	81.666664	54.0	17.333334	36.666668	60.666668	82.0	85.666664	
150.0	142.33333	138.66667	129.0	125.666664	123.666664	110.333336	89.666664	74.0	50.666668	39.666668	34.0	27.666666	32.0	43.0	44.666668	43.666668	51.0	62.666668	69.666664	64.0	68.333336	63.666668	48.0	37.333332	40.0	40.0	49.666668	69.666664	86.333336	57.666668	22.666666	33.0	54.0	72.666664	91.666664	
161.66667	149.0	144.33333	136.0	128.33333	126.0	123.0	106.333336	87.333336	72.666664	53.333332	35.666668	24.666666	21.333334	27.666666	36.0	33.666668	37.0	50.0	49.333332	45.0	47.333332	41.333332	32.333332	27.0	34.0	48.0	72.666664	82.666664	87.333336	69.333336	35.0	36.0	53.333332	69.0	88.333336	
