29.333334	29.666666	30.333334	36.666668	33.666668	33.666668	72.666664	149.66667	167.66667	152.66667	137.66667	135.66667	148.0	161.33333	168.66667	168.33333	176.33333	175.66667	172.0	173.33333	167.66667	156.66667	148.66667	146.66667	148.66667	148.0	143.66667	143.0	152.0	163.33333	160.66667	129.66667	65.0	44.333332	38.666668	36.333332	
25.666666	26.666666	27.333334	36.333332	34.666668	58.666668	135.0	170.33333	152.33333	139.33333	146.0	161.33333	178.33333	186.33333	189.33333	190.33333	193.33333	190.33333	185.33333	183.33333	175.33333	170.0	169.66667	169.0	169.0	165.0	153.0	139.33333	144.0	154.66667	157.66667	159.66667	126.333336	72.666664	44.0	43.333332	
24.0	24.666666	24.333334	37.0	60.0	129.33333	169.0	166.33333	162.0	167.66667	180.66667	191.33333	193.66667	194.33333	195.33333	194.33333	192.33333	189.33333	186.33333	182.0	172.66667	169.66667	166.66667	163.33333	166.0	172.33333	172.0	167.66667	154.66667	142.66667	145.0	148.33333	155.66667	122.0	60.0	41.333332	
24.333334	23.0	25.0	48.333332	118.0	172.0	172.33333	178.33333	188.0	196.0	198.0	194.0	193.66667	192.66667	192.66667	191.0	189.33333	186.33333	184.0	177.33333	169.0	167.0	163.33333	159.66667	160.0	162.33333	168.33333	176.66667	176.33333	171.0	157.0	150.33333	155.0	152.66667	99.0	57.333332	
25.666666	22.333334	29.666666	85.333336	164.33333	181.33333	196.0	201.66667	198.33333	198.33333	194.33333	191.0	192.0	189.33333	189.33333	189.0	187.0	182.0	176.66667	169.66667	163.0	160.33333	158.33333	156.33333	155.0	152.66667	156.66667	166.66667	178.66667	189.0	188.0	163.66667	151.0	155.66667	134.0	77.0	
26.0	22.666666	53.0	142.0	179.0	195.0	212.66667	205.33333	202.33333	197.33333	191.0	188.0	186.66667	182.66667	182.33333	184.33333	182.66667	177.66667	174.66667	167.66667	160.66667	155.0	149.0	148.0	149.0	147.33333	149.0	157.0	167.66667	179.66667	191.0	184.0	160.33333	151.33333	145.66667	114.666664	
32.666668	30.666666	93.666664	163.0	171.66667	198.0	211.33333	202.33333	195.33333	190.33333	183.66667	180.33333	183.0	181.0	181.33333	183.33333	182.66667	179.66667	179.0	173.66667	164.66667	156.0	148.33333	145.66667	144.33333	141.66667	138.66667	142.66667	152.66667	164.66667	179.33333	184.0	163.33333	141.66667	135.66667	136.66667	
39.666668	73.0	140.0	155.0	169.0	199.0	205.66667	197.66667	191.0	187.0	183.66667	183.0	185.66667	183.66667	183.33333	185.66667	185.66667	183.0	184.0	181.66667	168.66667	158.33333	156.0	153.0	151.0	147.66667	142.33333	142.0	148.0	154.66667	165.66667	172.0	158.33333	137.33333	125.666664	131.33333	
85.0	118.333336	153.0	146.0	163.66667	191.0	197.0	195.0	192.33333	188.0	188.33333	188.66667	190.33333	189.66667	188.66667	188.0	187.33333	186.0	187.66667	185.0	172.66667	163.66667	159.33333	157.33333	155.66667	151.66667	148.66667	148.0	149.33333	151.0	155.33333	156.33333	149.66667	129.0	119.666664	118.666664	
195.33333	157.66667	147.33333	144.66667	165.66667	187.0	189.33333	192.33333	196.66667	192.0	191.0	192.66667	193.33333	192.66667	189.66667	189.66667	190.66667	190.0	191.66667	186.0	173.0	164.0	160.33333	159.33333	157.33333	153.33333	154.0	157.66667	157.33333	153.66667	149.0	147.66667	140.0	116.0	113.333336	125.0	
211.0	152.0	138.0	137.0	166.0	190.0	197.66667	204.33333	206.33333	197.66667	192.0	190.66667	187.0	184.33333	181.66667	184.0	183.0	178.66667	178.0	173.0	165.0	158.0	154.33333	155.33333	154.66667	151.66667	155.33333	160.66667	169.66667	169.0	155.0	140.0	133.66667	113.333336	98.333336	108.666664	
182.33333	136.66667	126.333336	139.0	167.66667	187.66667	201.0	205.33333	196.0	181.0	172.66667	171.66667	169.66667	167.33333	166.33333	167.66667	167.0	162.33333	157.0	149.66667	146.0	144.66667	143.0	145.33333	138.33333	130.66667	130.66667	134.33333	148.33333	162.66667	172.33333	162.66667	138.66667	122.666664	101.0	97.333336	
119.0	118.666664	121.0	149.0	174.66667	184.66667	170.66667	155.66667	138.33333	124.0	110.0	102.666664	106.333336	118.0	133.66667	145.66667	151.66667	150.0	142.66667	133.0	124.333336	119.333336	111.666664	95.666664	75.666664	65.333336	62.333332	68.333336	79.0	93.0	122.0	157.66667	153.66667	130.66667	112.333336	93.0	
106.666664	104.666664	126.666664	163.66667	169.33333	136.66667	99.666664	86.666664	77.0	68.0	52.0	41.333332	43.333332	60.666668	93.333336	118.666664	131.0	130.33333	118.333336	109.0	96.333336	82.666664	60.666668	40.333332	31.666666	29.0	31.333334	37.333332	43.666668	43.666668	55.0	86.666664	119.0	126.0	117.333336	90.0	
98.333336	103.0	137.33333	165.33333	133.0	84.666664	75.666664	81.333336	75.666664	65.666664	53.0	45.333332	40.333332	44.333332	65.0	87.0	106.0	108.666664	97.333336	89.333336	73.666664	58.0	42.333332	37.666668	41.666668	41.333332	47.0	52.666668	56.666668	54.0	53.0	56.666668	77.0	115.333336	124.666664	99.666664	
92.666664	105.666664	149.0	165.66667	110.666664	82.0	97.0	103.0	100.333336	95.0	77.333336	63.0	58.666668	56.666668	59.666668	67.333336	89.666664	100.333336	94.0	82.666664	65.0	54.666668	49.666668	50.333332	47.666668	44.0	50.0	55.666668	60.333332	61.666668	65.0	61.666668	68.0	105.0	131.0	110.666664	
84.333336	109.333336	156.66667	155.66667	101.666664	91.333336	96.0	89.666664	88.666664	93.666664	78.333336	59.666668	55.0	54.666668	58.333332	61.333332	85.666664	109.0	111.0	87.666664	58.666668	47.666668	43.333332	40.0	34.666668	45.333332	61.0	59.333332	58.0	54.666668	59.666668	66.333336	72.666664	94.0	125.333336	119.333336	
80.333336	112.666664	159.33333	143.66667	98.0	82.666664	66.666664	62.0	65.666664	50.666668	43.0	43.333332	45.333332	40.0	45.0	53.333332	101.0	149.33333	145.66667	100.666664	53.333332	36.333332	30.666666	28.333334	29.0	32.0	34.666668	37.0	48.333332	46.333332	48.0	57.0	65.666664	79.666664	111.333336	122.333336	
72.666664	113.666664	159.66667	144.33333	108.0	81.666664	62.333332	58.666668	67.333336	41.0	29.666666	54.666668	68.333336	43.666668	42.0	62.666668	127.333336	177.33333	168.66667	117.666664	55.666668	28.333334	24.333334	32.333332	44.0	35.0	25.0	41.333332	57.0	39.333332	37.333332	46.0	57.666668	74.0	103.0	126.666664	
119.0	122.333336	161.0	156.33333	136.0	124.333336	120.0	108.0	104.0	87.0	76.333336	90.0	89.666664	73.666664	78.666664	107.666664	156.66667	181.0	172.0	131.33333	80.0	46.333332	40.666668	55.333332	73.666664	67.666664	54.0	64.333336	63.666668	47.666668	45.0	46.0	57.333332	75.333336	102.0	126.333336	
167.0	147.33333	166.33333	174.0	172.66667	169.33333	154.33333	128.33333	112.333336	102.333336	95.0	94.333336	98.0	110.333336	129.66667	147.0	169.66667	179.66667	165.0	131.33333	104.0	91.333336	87.333336	84.666664	81.666664	78.666664	73.0	68.666664	66.0	67.333336	74.666664	84.0	92.0	101.666664	111.0	125.333336	
146.0	147.66667	175.66667	193.0	198.33333	190.66667	171.66667	147.66667	130.0	118.0	117.333336	126.666664	140.66667	157.33333	163.66667	166.0	178.66667	181.33333	160.0	122.666664	105.333336	120.666664	127.0	113.333336	94.333336	81.0	69.333336	67.0	72.333336	84.333336	106.0	127.333336	139.33333	142.0	131.0	125.666664	
132.66667	144.66667	180.0	199.0	202.66667	194.0	184.0	177.0	173.0	171.66667	172.66667	177.66667	180.66667	182.33333	171.33333	174.0	185.66667	179.66667	154.66667	122.333336	103.333336	118.333336	137.0	147.66667	145.66667	134.66667	119.666664	111.0	113.666664	124.0	139.0	154.66667	161.66667	158.33333	145.0	130.0	
140.66667	140.33333	179.0	198.33333	207.0	204.33333	201.33333	196.66667	194.33333	194.0	192.33333	189.33333	181.66667	175.66667	172.33333	185.66667	193.0	183.0	160.66667	134.33333	110.666664	115.666664	131.66667	148.0	162.0	161.0	159.66667	159.33333	162.0	163.66667	163.66667	164.33333	159.66667	150.33333	144.66667	132.33333	
129.0	142.33333	176.66667	194.0	206.66667	205.33333	201.66667	199.0	194.0	184.33333	169.0	153.0	162.0	179.33333	181.33333	186.0	185.0	176.0	157.33333	137.33333	126.0	134.66667	135.66667	139.33333	153.66667	160.33333	162.33333	162.66667	163.33333	163.33333	160.0	151.0	143.0	141.66667	144.0	136.33333	
130.0	154.66667	174.0	187.66667	193.0	188.33333	183.0	177.33333	166.33333	144.33333	120.333336	121.333336	162.33333	177.33333	164.66667	149.66667	143.66667	138.66667	123.333336	110.333336	117.666664	134.66667	132.66667	124.0	129.66667	143.33333	150.0	148.66667	150.66667	152.66667	147.66667	140.66667	133.0	125.666664	129.33333	133.0	
148.33333	169.33333	172.33333	172.66667	171.0	165.33333	157.33333	143.33333	122.666664	92.666664	86.333336	109.333336	134.66667	118.0	94.666664	95.333336	107.0	99.0	82.666664	70.666664	74.333336	88.0	100.333336	90.333336	87.666664	106.333336	124.0	131.33333	133.66667	135.66667	130.66667	125.0	120.0	107.333336	109.0	127.0	
185.66667	183.33333	162.33333	155.66667	152.33333	143.0	129.0	106.333336	80.333336	69.0	95.0	124.666664	106.0	57.333332	37.333332	48.0	70.333336	75.0	60.0	41.0	36.0	43.0	62.0	62.666668	67.333336	79.333336	91.0	105.666664	116.0	117.0	111.333336	103.666664	99.666664	91.0	99.0	120.0	
199.0	171.66667	147.0	137.33333	129.33333	115.666664	100.333336	74.666664	60.0	86.333336	131.0	144.33333	127.0	81.666664	57.0	50.666668	56.333332	61.666668	51.333332	44.0	42.0	43.0	43.0	51.666668	77.666664	88.0	84.333336	82.666664	90.666664	96.666664	94.0	87.333336	84.666664	82.0	92.666664	114.666664	
191.33333	161.33333	141.66667	126.333336	116.666664	104.0	77.333336	57.0	77.666664	118.333336	143.0	149.66667	145.33333	130.66667	111.333336	94.333336	71.333336	58.0	46.666668	42.0	43.666668	43.0	43.666668	56.0	79.666664	96.0	96.666664	85.333336	78.0	80.333336	80.666664	77.0	77.333336	80.333336	94.333336	111.333336	
178.66667	169.66667	144.0	121.666664	117.333336	101.666664	76.666664	81.333336	114.0	133.0	143.0	150.33333	151.0	147.0	146.33333	139.33333	121.666664	98.0	78.666664	67.333336	66.333336	69.0	69.333336	69.0	82.666664	94.0	98.333336	95.0	83.666664	74.0	73.333336	70.333336	70.666664	75.333336	93.333336	104.666664	
142.0	124.333336	117.666664	118.333336	116.333336	101.333336	87.333336	101.333336	116.0	127.666664	136.0	133.66667	133.66667	134.66667	138.33333	136.0	130.0	119.0	103.666664	89.666664	79.333336	78.333336	82.333336	87.666664	87.333336	89.0	92.333336	94.666664	85.333336	74.0	71.0	67.666664	67.0	73.333336	93.0	99.666664	
73.333336	61.0	72.333336	112.666664	113.333336	104.666664	86.666664	82.0	89.333336	99.333336	100.333336	95.333336	99.333336	99.0	102.333336	100.666664	102.333336	96.666664	93.0	84.666664	76.666664	69.333336	70.333336	73.333336	77.666664	78.0	79.0	81.666664	77.666664	70.333336	68.0	65.666664	65.0	73.333336	95.0	103.333336	
57.333332	37.666668	52.333332	108.0	112.0	107.333336	87.0	63.333332	51.333332	50.666668	53.0	59.666668	75.333336	84.666664	93.0	103.0	119.666664	94.666664	93.333336	77.0	65.0	61.0	59.666668	60.333332	58.0	55.666668	56.0	61.0	65.0	63.666668	63.333332	63.0	63.0	71.333336	94.333336	105.0	
43.333332	34.666668	42.0	97.666664	112.333336	110.666664	98.333336	75.333336	55.0	41.333332	35.333332	67.333336	123.0	154.66667	175.33333	187.66667	194.33333	162.66667	167.66667	136.66667	110.666664	89.333336	71.333336	64.666664	47.0	32.666668	31.0	44.0	63.0	65.333336	61.666668	62.333332	63.333332	72.666664	94.0	106.0	
26.0	30.666666	41.333332	87.666664	112.666664	110.666664	111.0	96.666664	93.666664	102.0	69.0	90.333336	146.0	171.0	185.0	195.66667	194.66667	187.33333	191.66667	163.66667	144.33333	123.666664	91.0	75.333336	52.666668	31.666666	38.0	56.666668	72.333336	70.666664	63.333332	62.666668	67.0	73.333336	90.666664	88.666664	
33.333332	35.666668	36.0	74.333336	112.0	107.333336	111.666664	106.666664	109.0	135.66667	118.666664	77.333336	74.666664	80.0	80.333336	84.0	93.333336	97.333336	97.666664	87.666664	85.0	81.0	64.333336	53.333332	42.666668	54.333332	69.666664	75.333336	81.333336	72.666664	63.666668	66.0	69.666664	72.0	80.0	65.666664	
44.0	42.666668	33.333332	64.0	115.0	105.333336	108.0	107.0	112.0	131.66667	140.66667	118.333336	75.666664	56.666668	50.666668	40.0	36.333332	31.333334	26.666666	28.0	36.0	37.666668	42.0	53.333332	73.666664	82.0	79.666664	80.333336	80.0	69.0	64.666664	67.666664	68.333336	74.0	79.333336	50.0	
39.0	44.0	37.0	57.333332	118.666664	106.0	103.0	106.666664	113.666664	130.0	138.33333	152.0	145.33333	141.0	134.33333	132.0	121.0	102.333336	94.0	84.666664	76.333336	76.333336	92.333336	94.0	85.0	80.0	83.666664	81.333336	70.333336	65.333336	65.333336	66.333336	68.666664	76.0	75.666664	51.666668	
56.333332	53.333332	45.333332	71.0	126.666664	112.0	99.0	105.0	111.0	129.0	137.33333	135.66667	149.66667	166.0	172.33333	178.0	179.66667	170.66667	160.66667	148.66667	136.33333	128.66667	110.666664	85.333336	72.333336	80.333336	85.666664	77.0	66.0	64.0	62.666668	61.666668	69.666664	100.666664	123.0	138.33333	
118.333336	117.333336	122.333336	152.0	156.33333	123.0	98.666664	100.333336	106.333336	119.666664	134.33333	127.666664	127.666664	149.0	164.33333	166.66667	169.33333	168.33333	164.0	152.33333	127.333336	100.0	77.333336	69.0	75.0	81.333336	74.666664	68.666664	65.0	62.666668	62.0	64.333336	79.666664	141.66667	150.0	188.33333	
218.66667	224.33333	232.33333	236.0	188.33333	130.66667	106.666664	100.333336	106.0	115.0	128.66667	127.333336	111.333336	110.0	120.333336	125.333336	130.66667	129.0	120.333336	103.333336	79.666664	67.666664	69.0	73.0	72.666664	69.0	65.0	64.0	63.0	60.0	59.0	67.333336	92.0	152.0	135.0	167.66667	
249.66667	249.66667	249.66667	248.66667	195.66667	139.33333	115.666664	105.333336	107.0	123.666664	133.33333	128.66667	112.0	86.666664	79.0	79.0	77.333336	75.333336	72.0	66.666664	65.333336	68.333336	71.0	72.0	68.333336	63.666668	61.666668	62.0	60.666668	60.333332	61.666668	70.333336	96.666664	151.0	124.333336	149.33333	
250.33333	250.0	249.33333	247.66667	200.66667	146.0	123.666664	107.666664	108.666664	124.333336	144.66667	139.0	118.666664	93.0	77.0	67.0	61.333332	60.666668	64.333336	67.333336	69.0	69.333336	67.666664	67.333336	67.0	62.666668	60.0	60.0	59.666668	63.666668	67.333336	71.0	103.666664	149.33333	115.333336	113.666664	
244.66667	242.0	241.33333	234.33333	198.0	150.0	131.0	110.666664	109.0	120.333336	143.0	147.66667	132.0	114.666664	96.333336	80.333336	67.0	61.666668	64.0	65.0	65.666664	67.666664	69.0	68.333336	64.333336	60.666668	58.0	57.666668	60.0	66.333336	67.333336	71.0	97.333336	109.0	96.666664	106.666664	
162.33333	152.66667	140.0	128.0	142.66667	145.0	133.66667	115.0	108.0	114.333336	133.33333	151.0	146.66667	138.66667	134.33333	124.333336	105.666664	92.333336	85.0	84.666664	82.666664	83.0	82.666664	71.0	60.666668	60.0	58.333332	60.0	65.0	66.0	64.0	71.0	106.0	143.33333	159.66667	175.0	
60.0	62.333332	59.0	62.0	115.333336	141.33333	132.0	119.333336	102.666664	104.333336	123.333336	142.33333	155.66667	158.33333	154.66667	145.66667	132.66667	123.333336	119.333336	112.666664	104.0	94.333336	80.0	66.0	60.333332	61.0	60.0	63.666668	63.666668	58.666668	61.333332	75.666664	138.66667	185.66667	186.66667	183.33333	
49.666668	52.0	51.666668	57.0	111.0	141.33333	131.66667	121.666664	104.333336	91.666664	104.0	124.666664	144.0	155.66667	150.66667	142.66667	134.66667	131.0	129.66667	119.666664	103.333336	87.0	70.0	62.666668	59.333332	59.333332	60.333332	58.333332	53.333332	55.0	61.333332	77.666664	128.0	180.66667	185.0	183.66667	
27.666666	32.666668	44.333332	51.666668	106.0	140.33333	136.33333	126.666664	114.333336	93.666664	85.0	100.333336	116.666664	129.66667	136.0	135.33333	131.66667	126.666664	124.0	109.333336	86.666664	71.0	61.333332	59.0	58.666668	56.666668	53.0	50.0	48.0	56.0	63.333332	75.333336	102.333336	159.0	180.0	179.33333	
