48.666668	92.333336	135.33333	160.0	181.0	199.66667	208.33333	211.66667	209.0	205.66667	208.0	212.66667	216.66667	219.0	223.66667	228.33333	230.66667	234.0	235.33333	234.66667	233.66667	234.0	231.66667	228.0	227.33333	225.33333	223.0	217.66667	209.33333	201.33333	187.0	168.66667	141.0	115.666664	86.0	61.0	
77.0	129.33333	168.66667	185.33333	201.0	212.66667	214.66667	218.0	218.66667	218.0	220.33333	225.66667	229.33333	229.66667	229.33333	234.0	237.33333	240.33333	242.0	241.33333	239.0	237.33333	234.66667	232.33333	229.66667	228.33333	226.66667	224.0	219.33333	212.0	197.66667	177.66667	155.33333	128.66667	102.0	76.333336	
110.0	156.0	183.66667	198.0	209.66667	216.33333	214.66667	216.66667	220.0	225.66667	226.66667	226.0	229.33333	232.0	233.66667	235.0	237.0	241.66667	245.33333	246.0	243.0	241.0	238.66667	235.33333	231.66667	230.0	229.66667	226.0	222.0	216.33333	206.33333	192.66667	172.33333	140.66667	113.333336	88.333336	
130.66667	166.66667	186.66667	199.66667	208.66667	215.0	216.0	218.33333	220.66667	226.0	227.66667	227.33333	230.33333	234.33333	236.66667	238.0	240.0	243.33333	246.0	247.0	244.66667	244.0	242.0	238.66667	233.33333	230.33333	229.0	225.33333	221.66667	218.66667	211.33333	202.66667	187.33333	156.33333	123.666664	95.666664	
140.0	166.33333	184.66667	197.33333	206.33333	213.33333	216.0	218.66667	221.66667	225.33333	225.33333	226.66667	230.33333	235.0	238.33333	240.66667	242.66667	245.0	247.0	246.66667	244.0	243.66667	242.66667	238.33333	231.66667	229.0	227.66667	224.0	221.66667	219.0	213.66667	206.0	197.33333	173.33333	137.0	100.333336	
142.66667	167.0	182.66667	195.33333	204.0	211.0	214.0	217.66667	221.0	223.33333	224.66667	227.33333	231.0	235.0	237.66667	239.33333	241.66667	243.33333	245.66667	245.33333	243.0	243.33333	242.66667	237.0	230.0	228.33333	227.33333	226.0	223.33333	217.66667	210.66667	206.0	202.33333	186.33333	153.33333	106.666664	
140.33333	165.66667	182.33333	192.66667	201.66667	208.66667	211.66667	215.66667	218.66667	221.66667	225.0	227.66667	230.33333	232.66667	234.33333	235.66667	237.66667	239.66667	242.0	242.33333	242.33333	242.66667	241.0	235.66667	230.0	228.0	227.66667	226.33333	223.33333	218.0	209.66667	206.33333	199.33333	190.33333	167.33333	117.0	
136.66667	164.0	178.0	190.66667	201.0	207.33333	210.33333	214.66667	217.33333	220.33333	224.33333	227.0	229.0	230.33333	231.33333	232.33333	233.33333	235.0	237.0	238.66667	239.33333	239.33333	237.66667	232.66667	228.66667	227.0	226.0	222.66667	219.33333	215.33333	210.33333	205.33333	196.33333	187.0	170.33333	122.0	
134.66667	164.33333	175.33333	188.66667	198.66667	206.0	209.33333	212.0	215.0	219.66667	224.0	227.33333	228.0	228.33333	230.0	230.33333	231.0	232.33333	233.33333	234.66667	235.0	235.0	233.33333	230.0	226.66667	224.33333	223.33333	220.66667	216.66667	214.0	209.66667	204.33333	196.33333	188.33333	169.33333	120.333336	
119.666664	159.33333	176.66667	186.0	196.0	202.66667	206.66667	209.33333	212.33333	215.0	219.66667	223.33333	225.0	226.66667	229.66667	230.0	230.66667	231.0	231.33333	232.33333	231.66667	230.33333	229.33333	227.0	224.66667	223.33333	221.0	218.33333	216.0	213.0	208.66667	202.33333	195.66667	191.33333	167.66667	114.333336	
93.333336	148.0	174.66667	186.66667	194.66667	200.0	205.0	210.0	212.0	214.0	216.66667	220.33333	222.33333	225.66667	229.33333	230.66667	230.33333	230.33333	230.66667	229.66667	228.66667	227.0	226.0	225.0	224.66667	223.66667	221.33333	218.66667	217.0	214.66667	210.0	203.33333	198.0	193.33333	165.33333	110.0	
76.0	131.66667	170.66667	189.66667	198.33333	201.0	206.66667	212.33333	213.33333	215.0	216.66667	220.0	221.33333	223.33333	227.0	228.33333	227.0	226.33333	228.33333	229.0	227.0	226.0	225.33333	224.33333	223.33333	224.0	223.0	220.66667	219.0	216.66667	211.66667	206.0	200.33333	187.66667	160.66667	113.333336	
69.0	120.666664	165.66667	191.66667	202.0	202.66667	208.33333	213.33333	214.66667	216.0	218.0	220.0	220.33333	222.0	224.66667	224.66667	222.66667	223.33333	225.66667	227.66667	227.33333	227.66667	228.33333	227.66667	226.66667	225.66667	226.0	225.33333	222.0	217.66667	213.33333	211.0	199.33333	179.0	157.66667	123.0	
65.333336	113.333336	158.33333	188.66667	196.33333	199.66667	207.0	211.0	211.33333	213.33333	214.66667	217.0	218.33333	220.33333	222.66667	222.0	219.66667	221.33333	223.66667	225.33333	225.66667	226.0	226.33333	226.33333	227.33333	226.33333	223.0	220.66667	216.66667	212.33333	207.33333	204.33333	190.33333	170.66667	157.66667	132.0	
64.0	100.0	136.0	160.66667	163.66667	177.0	192.33333	201.0	208.0	210.33333	211.33333	211.66667	212.0	216.0	218.0	217.33333	216.0	218.0	219.33333	219.66667	221.33333	221.33333	219.66667	218.33333	215.66667	215.33333	211.66667	203.0	194.0	186.66667	180.66667	176.33333	168.0	155.33333	145.66667	136.0	
67.333336	86.0	105.666664	122.666664	127.666664	138.0	151.66667	168.66667	183.66667	196.0	206.0	206.0	203.66667	209.66667	214.0	213.0	212.0	214.0	216.66667	214.66667	212.66667	209.66667	206.33333	203.0	194.66667	182.0	168.66667	163.33333	162.0	165.33333	161.66667	154.0	149.33333	138.66667	129.66667	133.66667	
75.666664	94.666664	109.0	131.66667	150.33333	152.33333	146.33333	145.66667	145.0	151.0	162.0	177.33333	186.0	197.33333	208.0	209.66667	209.0	211.66667	214.66667	209.66667	198.33333	184.66667	176.0	162.66667	145.33333	139.66667	141.33333	152.0	166.66667	173.66667	169.66667	161.66667	154.0	146.33333	140.0	139.0	
89.666664	115.666664	117.333336	127.333336	146.0	156.0	153.33333	149.33333	152.0	145.66667	132.0	136.33333	154.0	172.66667	193.33333	205.33333	210.66667	211.33333	211.0	204.0	188.33333	171.33333	161.33333	149.0	131.33333	124.333336	135.33333	148.33333	149.0	149.0	142.33333	145.33333	152.33333	156.33333	157.0	152.66667	
100.333336	115.0	125.0	127.666664	117.0	104.666664	106.666664	114.0	135.33333	153.66667	149.0	142.66667	147.33333	158.66667	177.66667	203.66667	216.33333	218.66667	222.0	210.66667	193.33333	181.66667	165.0	146.0	129.66667	126.666664	141.0	153.33333	155.0	149.66667	126.333336	131.0	146.33333	158.0	168.33333	168.66667	
106.333336	86.0	118.0	144.33333	119.0	90.333336	110.666664	102.666664	90.0	117.666664	143.33333	145.33333	148.66667	155.66667	158.33333	182.66667	202.66667	214.66667	217.66667	200.33333	182.66667	171.33333	146.0	130.33333	134.66667	130.0	112.0	112.333336	131.0	134.0	122.333336	140.66667	151.66667	157.0	173.66667	179.66667	
105.333336	53.666668	98.666664	148.33333	143.0	120.333336	123.333336	119.666664	105.666664	124.0	151.66667	152.0	157.33333	161.66667	146.0	163.33333	193.0	217.33333	212.33333	181.33333	159.66667	161.66667	158.66667	149.0	150.66667	150.66667	120.0	112.666664	139.0	142.0	141.66667	165.33333	175.66667	175.0	174.66667	183.0	
99.0	47.0	91.333336	143.66667	165.0	155.66667	139.66667	138.0	146.66667	162.33333	173.33333	175.0	183.33333	175.0	155.66667	175.66667	212.66667	227.66667	218.66667	192.0	155.66667	161.0	185.33333	183.33333	179.0	180.33333	167.66667	158.0	161.66667	163.0	173.66667	189.66667	192.0	186.33333	186.66667	178.0	
85.0	61.0	85.0	154.66667	176.33333	180.66667	167.0	159.66667	169.0	177.0	188.33333	193.33333	194.66667	177.0	157.33333	180.0	216.33333	227.33333	222.0	203.33333	166.0	171.0	200.66667	203.0	193.33333	189.66667	191.33333	187.66667	187.66667	193.66667	199.66667	201.0	197.66667	192.0	178.33333	151.0	
57.666668	92.666664	99.666664	149.33333	179.0	190.33333	189.33333	190.0	196.0	193.33333	199.33333	208.66667	201.66667	184.0	169.66667	183.33333	211.66667	227.66667	228.0	207.33333	177.33333	181.33333	211.33333	219.66667	213.66667	208.0	208.0	209.33333	208.66667	209.33333	212.0	214.33333	208.66667	194.66667	173.0	148.0	
22.666666	82.0	133.66667	155.66667	177.66667	191.33333	198.66667	199.66667	206.33333	211.33333	214.0	214.0	195.66667	183.33333	182.33333	189.33333	206.66667	228.66667	230.33333	210.0	189.66667	184.66667	209.33333	222.66667	225.66667	226.66667	224.0	222.66667	222.0	218.0	217.0	216.0	205.66667	186.33333	174.0	170.66667	
12.666667	63.0	144.0	182.0	194.33333	195.0	201.66667	206.0	211.66667	216.33333	209.33333	200.33333	187.66667	181.33333	184.66667	194.0	208.0	229.33333	229.33333	211.66667	198.66667	188.66667	198.0	212.66667	226.33333	234.66667	237.33333	235.66667	230.66667	224.0	214.66667	200.0	185.0	177.0	183.0	171.66667	
17.333334	58.333332	147.33333	186.33333	197.0	204.0	206.0	205.0	204.33333	206.33333	207.33333	203.33333	197.66667	192.66667	186.0	193.33333	209.66667	230.66667	232.0	213.33333	199.66667	197.0	201.33333	209.66667	220.66667	228.33333	232.0	231.0	225.0	215.66667	203.0	191.66667	183.0	189.0	190.33333	167.0	
25.666666	40.333332	127.0	182.33333	201.33333	207.0	212.33333	215.0	216.0	217.33333	220.33333	217.0	204.66667	187.33333	180.0	191.0	212.33333	232.33333	233.66667	211.33333	195.0	199.33333	208.0	216.0	224.33333	227.66667	227.33333	225.33333	222.66667	216.66667	208.33333	207.0	206.33333	202.0	186.66667	157.0	
21.0	20.666666	89.0	159.33333	190.33333	201.66667	210.33333	215.0	218.0	221.33333	219.33333	215.33333	196.0	172.0	169.66667	188.0	216.33333	233.66667	230.33333	211.0	191.0	186.0	191.0	204.0	219.66667	228.0	229.33333	226.66667	223.0	222.66667	219.0	211.66667	207.0	198.0	173.66667	147.0	
10.0	12.666667	58.333332	133.33333	176.33333	195.0	206.33333	211.66667	212.33333	213.66667	209.33333	199.0	179.33333	164.66667	169.33333	188.0	217.66667	233.0	226.66667	205.66667	185.33333	185.33333	180.66667	181.33333	200.66667	217.66667	224.66667	224.0	217.66667	215.33333	215.66667	208.33333	201.0	188.0	160.66667	140.66667	
11.666667	14.0	32.666668	99.666664	152.33333	177.66667	194.0	202.33333	204.33333	203.66667	194.66667	183.66667	175.33333	168.33333	171.33333	191.33333	218.33333	233.33333	227.0	204.66667	183.33333	190.0	184.33333	180.0	188.66667	197.33333	206.33333	215.33333	215.33333	210.66667	206.0	200.66667	194.66667	173.66667	155.0	138.0	
23.666666	20.666666	29.666666	79.333336	128.0	158.33333	174.33333	182.66667	194.0	189.66667	183.0	183.66667	183.33333	160.66667	159.0	187.66667	217.33333	232.0	227.0	203.0	180.33333	182.33333	183.0	188.33333	196.66667	191.33333	188.0	200.0	210.0	208.66667	199.33333	193.33333	181.0	160.0	149.0	136.66667	
35.666668	32.333332	36.333332	66.666664	109.666664	133.66667	153.66667	166.33333	177.33333	174.0	183.66667	190.0	188.33333	163.66667	146.66667	177.0	208.0	220.33333	211.66667	184.66667	162.0	166.33333	182.0	199.0	207.0	202.66667	189.0	183.33333	192.33333	199.66667	193.33333	182.33333	168.33333	155.33333	141.66667	133.33333	
42.0	44.666668	39.333332	54.666668	106.666664	123.0	137.33333	150.66667	156.33333	169.33333	184.66667	190.66667	191.66667	184.0	155.66667	154.66667	186.66667	199.33333	180.66667	161.66667	166.0	185.0	199.33333	210.33333	209.33333	202.33333	189.33333	175.33333	175.0	184.33333	182.66667	170.33333	160.0	151.0	144.33333	138.33333	
46.333332	43.333332	29.333334	34.666668	92.0	126.0	140.66667	157.0	160.0	176.33333	179.0	175.66667	180.66667	192.33333	180.0	148.66667	149.33333	156.0	151.66667	173.0	197.66667	203.66667	205.33333	206.66667	202.66667	197.33333	193.0	178.33333	165.0	166.33333	168.33333	160.0	151.33333	145.66667	146.66667	126.666664	
43.666668	27.666666	16.333334	16.333334	62.333332	119.0	146.66667	173.0	174.33333	175.33333	166.66667	159.66667	171.0	189.0	194.33333	175.66667	154.0	159.33333	177.33333	203.0	212.66667	211.33333	211.33333	203.66667	192.66667	183.66667	180.66667	177.33333	169.0	169.0	164.0	155.33333	149.33333	146.66667	143.33333	102.666664	
26.0	13.333333	12.333333	15.666667	35.666668	95.333336	130.66667	170.66667	183.66667	176.0	168.66667	153.66667	148.0	157.66667	172.0	182.66667	194.0	203.0	208.66667	213.33333	210.0	203.0	195.66667	185.33333	172.33333	164.66667	165.66667	167.33333	171.0	180.66667	169.0	152.0	148.0	147.33333	124.666664	94.666664	
10.666667	12.0	23.333334	39.333332	35.333332	59.666668	107.333336	154.66667	179.66667	177.33333	182.66667	175.0	145.66667	124.666664	125.333336	136.33333	151.33333	170.66667	175.0	167.33333	157.0	154.0	148.66667	149.0	150.33333	161.33333	172.66667	171.66667	177.66667	185.66667	172.0	153.0	144.0	123.666664	109.0	120.333336	
21.333334	26.666666	41.0	59.0	56.333332	48.333332	80.333336	124.333336	162.66667	177.33333	182.66667	185.66667	164.66667	147.0	143.66667	148.33333	141.66667	129.33333	123.333336	123.333336	131.66667	149.33333	154.66667	154.66667	157.66667	172.66667	183.0	181.33333	182.66667	182.33333	162.33333	145.0	127.333336	98.0	124.333336	145.66667	
44.0	43.333332	49.666668	69.666664	83.666664	86.0	71.666664	84.0	137.0	169.0	178.33333	179.0	169.0	153.0	152.33333	167.33333	178.0	174.66667	169.0	169.0	179.0	184.33333	172.0	163.0	167.0	179.66667	185.66667	183.66667	183.66667	174.33333	150.33333	129.0	95.333336	91.666664	142.33333	159.66667	
54.666668	50.333332	55.666668	73.333336	88.0	113.0	94.666664	64.0	98.666664	151.66667	175.33333	175.66667	176.0	164.33333	151.0	154.0	165.33333	176.0	181.66667	182.66667	181.0	172.66667	162.0	164.0	171.66667	183.66667	187.0	184.0	182.33333	165.0	134.33333	98.0	85.0	112.0	147.33333	161.33333	
58.333332	55.333332	64.666664	72.666664	82.0	102.666664	112.0	77.333336	70.666664	113.666664	159.0	179.0	179.66667	174.0	164.33333	155.33333	154.33333	156.66667	158.33333	160.33333	161.0	158.33333	163.33333	174.0	179.0	183.33333	189.66667	184.0	171.33333	140.0	95.333336	71.666664	101.333336	146.0	168.66667	176.0	
60.333332	55.666668	62.333332	74.0	85.333336	91.0	98.666664	99.333336	84.333336	75.333336	117.333336	167.66667	188.33333	189.66667	186.0	178.33333	174.33333	171.66667	167.33333	170.66667	176.33333	178.0	185.0	191.66667	194.33333	192.33333	188.0	169.33333	128.0	85.0	85.666664	106.333336	117.333336	169.66667	192.66667	203.0	
57.0	56.666668	59.0	72.333336	85.666664	111.666664	113.333336	106.666664	112.666664	99.333336	90.666664	133.66667	176.66667	197.66667	203.33333	202.33333	202.66667	205.33333	208.33333	212.33333	210.33333	203.0	205.0	208.33333	201.33333	190.33333	165.0	114.333336	65.333336	67.666664	119.0	138.66667	133.33333	195.33333	207.33333	228.0	
52.666668	53.666668	61.333332	73.333336	89.666664	136.0	159.33333	133.66667	160.66667	166.0	143.33333	107.666664	134.33333	179.66667	198.66667	202.33333	210.66667	216.0	219.33333	218.66667	216.33333	212.66667	211.33333	207.0	192.0	165.33333	111.666664	70.333336	83.666664	117.333336	124.0	128.33333	156.33333	197.0	211.0	234.33333	
55.333332	56.333332	61.666668	72.0	87.333336	133.33333	194.66667	168.33333	201.66667	200.33333	194.33333	146.0	98.0	126.666664	172.0	195.0	198.33333	204.33333	205.66667	205.0	204.0	206.66667	199.33333	181.66667	157.33333	119.333336	101.0	116.333336	154.0	164.33333	132.0	142.0	173.0	186.33333	211.0	228.66667	
59.0	58.0	63.0	71.0	79.666664	109.666664	199.33333	198.33333	201.0	212.0	200.33333	201.33333	143.66667	90.333336	101.666664	149.33333	171.33333	178.66667	181.66667	183.33333	184.66667	174.66667	153.66667	129.33333	112.666664	129.66667	175.33333	193.33333	183.33333	166.33333	152.66667	164.33333	158.33333	169.0	187.0	217.66667	
60.0	62.666668	66.666664	74.0	85.0	96.0	184.66667	215.0	195.0	217.66667	203.0	198.33333	197.0	130.66667	65.333336	62.0	88.666664	104.0	108.0	111.0	105.666664	90.666664	75.666664	80.666664	134.66667	193.66667	223.33333	218.66667	200.0	182.66667	173.66667	168.66667	143.33333	155.66667	172.66667	221.66667	
58.0	59.666668	63.666668	77.0	96.0	103.0	163.33333	223.0	197.0	212.33333	213.0	177.33333	170.0	160.66667	114.0	69.0	61.333332	68.0	67.0	56.666668	46.333332	42.666668	57.333332	101.0	180.66667	215.66667	213.66667	205.0	193.66667	190.0	194.33333	177.66667	141.66667	144.33333	178.33333	230.66667	
