50.0	63.666668	84.333336	99.0	109.0	116.0	119.333336	122.0	124.0	123.333336	124.666664	129.0	130.33333	132.33333	136.33333	137.66667	140.0	142.33333	142.33333	144.0	144.33333	142.66667	141.66667	141.33333	142.0	142.66667	143.0	145.33333	145.0	142.66667	140.0	137.33333	134.33333	131.66667	127.666664	120.333336	
47.333332	69.333336	92.333336	104.0	113.0	119.666664	121.333336	123.0	124.666664	125.0	128.0	133.66667	136.66667	140.0	142.33333	143.0	147.33333	152.66667	154.0	155.0	152.66667	149.33333	145.0	143.66667	142.33333	141.33333	142.33333	145.0	145.0	143.33333	141.33333	139.66667	136.66667	134.33333	128.66667	121.333336	
52.333332	70.333336	86.333336	100.333336	115.0	123.666664	124.0	124.333336	126.0	127.666664	131.33333	136.33333	140.66667	146.0	147.66667	146.33333	151.66667	157.0	157.66667	157.66667	155.33333	151.66667	148.0	146.0	144.33333	140.66667	141.33333	144.66667	146.0	145.0	141.33333	138.66667	138.0	139.0	136.66667	129.66667	
60.666668	77.333336	90.333336	104.0	117.0	125.0	127.0	128.33333	130.0	131.0	134.33333	139.0	142.0	148.0	150.66667	150.0	153.0	154.66667	151.66667	150.0	149.66667	148.33333	146.0	146.66667	146.66667	142.33333	141.0	143.33333	145.33333	146.33333	144.0	141.33333	140.33333	142.33333	141.0	137.33333	
70.0	85.333336	96.666664	106.666664	116.0	123.666664	129.0	133.0	132.66667	131.33333	135.33333	140.66667	143.66667	148.0	150.0	148.0	149.66667	152.0	148.66667	148.66667	150.66667	149.0	144.66667	143.66667	145.0	145.0	143.33333	139.66667	139.0	142.0	144.0	142.33333	141.66667	143.0	141.33333	139.0	
79.0	86.0	89.333336	101.0	114.0	123.333336	128.66667	133.66667	132.66667	130.66667	134.33333	142.0	146.0	147.0	146.66667	144.0	143.33333	145.66667	143.66667	144.66667	147.33333	145.66667	142.0	138.66667	139.66667	143.0	142.66667	138.66667	136.33333	138.66667	142.0	140.66667	140.0	140.66667	138.33333	136.33333	
82.0	79.0	81.0	100.333336	115.666664	124.0	128.66667	134.66667	134.33333	132.33333	134.66667	142.0	147.0	146.33333	147.66667	146.33333	146.33333	147.0	145.66667	145.66667	146.0	144.33333	142.33333	138.66667	138.0	140.0	139.33333	140.33333	140.66667	141.0	140.66667	138.0	137.0	136.33333	133.0	129.33333	
72.333336	77.333336	91.333336	107.333336	116.666664	125.0	128.33333	133.33333	134.33333	133.0	134.33333	141.33333	143.0	143.33333	147.66667	147.66667	149.0	149.0	149.66667	150.33333	150.0	147.33333	145.0	143.0	141.33333	141.33333	140.33333	140.33333	141.0	140.66667	140.66667	139.33333	136.33333	135.0	131.33333	127.333336	
70.0	85.333336	105.333336	112.666664	117.333336	125.666664	126.666664	129.0	133.0	134.0	135.66667	139.33333	142.33333	143.66667	148.0	150.33333	151.0	149.0	149.66667	152.33333	155.0	153.33333	150.33333	147.33333	145.66667	144.33333	141.66667	140.0	140.0	139.66667	141.66667	140.66667	138.0	135.66667	132.0	128.33333	
80.333336	96.666664	112.666664	117.333336	120.666664	125.333336	125.666664	127.666664	132.33333	133.66667	134.33333	136.66667	142.0	138.66667	131.0	136.66667	144.33333	144.0	144.33333	147.66667	154.0	156.33333	154.0	149.33333	146.66667	145.33333	141.33333	140.66667	139.66667	140.0	143.33333	143.33333	138.0	136.0	133.0	128.66667	
88.0	102.666664	110.666664	117.333336	120.666664	124.333336	127.333336	128.66667	130.66667	127.666664	123.666664	124.0	122.0	103.333336	85.666664	87.666664	99.333336	105.333336	107.333336	115.333336	131.0	142.0	149.66667	149.33333	149.33333	148.0	143.0	143.0	140.66667	140.0	145.33333	145.66667	139.33333	137.33333	132.66667	128.33333	
96.666664	106.333336	109.0	115.333336	118.0	120.666664	125.666664	126.0	126.666664	122.333336	112.666664	99.666664	85.333336	70.0	68.0	65.333336	59.333332	57.666668	56.666668	66.333336	85.666664	104.666664	126.333336	139.33333	147.33333	149.0	145.0	145.66667	143.0	141.33333	146.66667	144.33333	138.0	135.0	130.33333	126.666664	
99.666664	104.0	109.0	114.666664	115.666664	117.666664	122.0	120.333336	121.0	119.666664	104.333336	83.666664	71.333336	74.333336	88.0	94.0	88.333336	82.0	73.0	61.333332	67.0	84.666664	105.333336	122.333336	133.66667	138.0	139.66667	142.0	137.0	136.66667	143.66667	141.66667	134.66667	130.66667	127.0	127.666664	
96.0	101.0	110.333336	115.0	114.0	113.333336	116.333336	117.333336	118.666664	110.666664	99.0	86.666664	80.333336	87.333336	96.333336	102.0	101.0	95.666664	90.333336	82.0	81.333336	89.0	100.0	115.333336	122.666664	128.66667	136.33333	137.33333	126.0	126.0	130.66667	126.333336	119.333336	109.666664	100.666664	101.666664	
95.333336	103.0	114.0	116.333336	111.0	102.666664	102.0	109.0	112.666664	103.0	97.0	92.333336	87.0	80.666664	71.666664	66.666664	61.666668	64.666664	73.666664	76.333336	79.333336	88.0	96.333336	109.333336	121.0	130.0	139.33333	133.66667	112.0	109.0	109.0	100.333336	88.333336	64.0	46.0	43.0	
105.0	111.333336	118.0	114.333336	103.0	93.666664	91.333336	96.666664	102.0	100.0	97.0	90.666664	66.0	57.666668	61.0	37.0	39.0	38.666668	73.333336	75.0	70.666664	79.666664	90.0	101.333336	121.0	132.66667	140.33333	130.33333	102.333336	92.0	89.666664	83.666664	75.333336	59.0	42.0	26.0	
115.666664	119.333336	120.666664	115.0	104.0	96.0	93.0	93.666664	93.666664	92.333336	88.666664	82.0	63.333332	69.333336	91.666664	55.0	33.666668	54.333332	109.0	92.666664	66.666664	69.333336	84.0	103.666664	124.0	135.0	137.33333	128.0	100.666664	87.0	89.0	91.666664	89.0	81.666664	74.666664	65.0	
123.666664	124.666664	121.333336	117.666664	110.333336	103.666664	98.666664	98.333336	96.666664	93.333336	90.333336	92.666664	93.0	92.333336	100.333336	89.0	71.333336	92.333336	118.666664	93.666664	72.333336	78.333336	92.666664	109.666664	126.666664	136.0	136.0	128.0	104.0	86.0	84.0	84.0	85.666664	84.0	80.0	80.333336	
123.333336	123.666664	119.666664	116.0	111.0	106.666664	106.333336	113.0	114.0	107.666664	105.0	106.666664	106.0	108.333336	111.0	112.0	106.333336	108.666664	100.333336	80.0	79.333336	97.0	112.333336	119.666664	127.333336	133.33333	131.66667	123.333336	100.666664	79.666664	88.0	73.0	60.333332	46.333332	51.333332	65.0	
118.666664	121.333336	120.333336	115.666664	110.333336	109.333336	115.0	125.0	127.0	120.333336	118.0	119.333336	115.666664	109.666664	112.333336	117.0	112.0	109.0	95.333336	86.666664	98.333336	113.0	121.333336	124.0	129.33333	131.0	129.0	121.666664	101.666664	85.333336	95.333336	76.666664	52.666668	30.0	49.0	56.666668	
112.333336	117.333336	119.666664	115.333336	107.666664	108.666664	118.0	127.333336	129.66667	127.0	127.666664	129.66667	127.666664	119.333336	113.333336	111.666664	110.0	105.666664	100.0	103.666664	114.666664	121.666664	125.0	127.333336	129.33333	126.666664	126.666664	123.0	106.666664	90.666664	97.666664	97.0	70.666664	47.333332	67.0	61.666668	
108.666664	113.666664	117.0	113.0	106.333336	109.666664	118.333336	125.666664	130.0	131.0	133.66667	138.0	138.66667	134.0	127.333336	123.666664	123.666664	124.333336	126.666664	131.33333	133.33333	133.66667	132.33333	128.66667	124.333336	123.333336	124.0	124.333336	109.666664	91.333336	100.0	108.666664	100.666664	79.333336	67.333336	58.0	
105.333336	110.0	113.666664	109.333336	105.333336	112.333336	118.666664	124.333336	128.66667	131.0	137.0	143.66667	144.66667	142.66667	137.0	135.66667	136.33333	137.66667	134.0	125.0	121.0	121.666664	124.666664	128.33333	126.666664	125.666664	127.0	127.333336	117.666664	99.666664	99.666664	101.666664	93.333336	86.0	75.333336	71.0	
104.0	108.666664	112.666664	108.333336	105.333336	111.666664	118.333336	123.0	128.0	132.66667	139.66667	145.66667	149.33333	148.0	144.66667	144.33333	142.0	133.33333	123.0	111.0	113.0	118.666664	123.666664	128.66667	128.0	129.66667	133.66667	134.66667	132.0	115.666664	105.0	107.0	98.333336	93.666664	88.0	82.666664	
105.333336	108.0	111.666664	108.0	104.0	110.666664	118.333336	122.333336	126.666664	134.0	141.33333	151.0	158.66667	157.33333	151.66667	145.0	135.33333	123.666664	122.0	117.666664	127.0	134.66667	135.33333	134.0	132.0	135.0	143.66667	147.66667	141.33333	122.666664	119.333336	119.666664	112.0	111.0	108.0	105.666664	
106.333336	107.333336	111.333336	107.666664	105.333336	113.333336	120.333336	121.0	125.333336	133.33333	142.0	153.33333	163.0	158.66667	149.0	135.66667	122.333336	127.333336	137.0	128.66667	131.66667	139.33333	140.33333	140.33333	139.33333	144.66667	155.33333	160.66667	151.0	125.0	116.0	130.66667	126.0	120.0	118.333336	119.666664	
108.666664	107.333336	112.333336	109.666664	109.0	117.0	120.666664	121.0	124.666664	132.33333	141.0	151.33333	157.0	146.0	129.33333	121.666664	122.0	139.0	146.0	131.66667	120.333336	122.666664	123.0	119.333336	120.666664	132.0	144.33333	147.66667	141.0	115.0	102.666664	128.33333	137.66667	132.33333	126.666664	126.333336	
109.333336	108.333336	113.333336	111.666664	113.0	121.333336	122.666664	122.0	125.666664	132.66667	139.66667	145.0	141.0	128.66667	117.0	120.333336	131.0	142.33333	143.66667	137.66667	128.33333	127.666664	123.333336	114.0	102.333336	109.0	122.666664	123.0	108.666664	93.0	97.0	123.666664	142.33333	142.66667	137.0	133.33333	
106.666664	109.333336	113.333336	112.666664	117.333336	124.333336	123.666664	123.0	126.333336	131.66667	136.33333	133.0	124.333336	120.666664	125.666664	131.0	135.66667	139.66667	138.33333	137.0	135.0	133.66667	130.0	127.0	110.333336	95.666664	88.666664	84.666664	79.0	82.0	99.666664	127.0	143.66667	145.0	143.0	135.66667	
107.0	112.666664	116.0	114.333336	120.666664	126.666664	126.333336	125.333336	129.33333	132.33333	131.33333	121.333336	120.333336	127.666664	133.66667	134.0	133.33333	134.33333	135.66667	136.0	136.66667	136.33333	129.0	127.666664	120.666664	108.666664	96.666664	87.666664	85.666664	95.666664	109.666664	126.0	137.33333	141.33333	139.66667	133.0	
107.666664	115.0	115.666664	115.333336	122.666664	129.0	130.0	129.0	133.0	133.33333	126.333336	118.0	121.666664	121.333336	124.666664	128.0	131.0	131.33333	133.66667	137.33333	141.0	142.0	132.66667	122.666664	118.333336	115.666664	110.0	96.666664	92.666664	99.666664	106.666664	118.0	124.666664	129.66667	133.0	130.0	
108.0	113.666664	113.666664	115.333336	124.666664	130.0	131.33333	129.33333	133.0	133.33333	125.333336	115.333336	106.666664	104.0	113.333336	118.333336	124.333336	126.333336	127.333336	137.33333	144.66667	148.0	139.0	124.0	119.333336	117.666664	114.333336	104.666664	98.0	97.0	102.0	113.0	116.666664	117.666664	122.0	123.0	
106.666664	112.0	112.0	115.666664	126.666664	132.0	134.0	131.0	134.0	134.66667	129.0	115.666664	92.0	86.666664	95.333336	96.333336	101.333336	102.333336	105.666664	119.333336	130.0	138.33333	134.33333	125.333336	124.0	123.333336	117.666664	108.333336	99.666664	92.666664	92.333336	104.333336	112.666664	112.0	112.0	114.333336	
106.666664	110.0	110.666664	116.333336	127.666664	132.66667	135.0	133.0	135.66667	137.0	135.0	119.333336	88.0	78.0	74.333336	73.333336	88.0	98.666664	108.666664	118.333336	118.0	120.0	114.0	108.666664	107.333336	107.666664	104.666664	102.333336	96.0	87.333336	84.333336	96.666664	108.0	107.0	107.666664	109.333336	
105.0	105.666664	109.0	113.333336	124.0	131.33333	134.33333	133.0	134.66667	137.66667	138.33333	122.0	97.333336	97.0	94.333336	86.666664	97.0	114.0	143.0	158.66667	159.0	152.33333	129.66667	109.0	98.0	89.333336	83.0	79.0	80.333336	79.333336	76.666664	87.333336	99.666664	102.666664	108.333336	107.333336	
101.0	104.666664	108.333336	109.666664	120.666664	131.33333	134.66667	131.33333	130.33333	134.66667	138.66667	124.333336	104.666664	109.0	110.666664	104.0	99.666664	103.666664	117.666664	131.66667	155.0	165.33333	150.33333	137.0	126.0	104.666664	75.0	48.666668	44.666668	56.666668	66.333336	80.333336	94.666664	104.0	117.0	107.0	
102.666664	105.666664	107.666664	107.333336	118.0	130.0	134.66667	133.33333	128.0	129.66667	134.33333	129.0	114.0	117.333336	121.666664	118.666664	113.666664	113.333336	113.0	118.333336	145.0	146.33333	121.666664	118.333336	114.0	100.0	74.0	45.666668	41.0	58.333332	77.0	97.666664	111.0	121.666664	127.666664	105.0	
105.666664	103.666664	102.666664	103.0	111.666664	121.666664	130.66667	133.0	127.0	124.666664	128.33333	130.33333	121.0	122.0	128.0	127.333336	125.333336	125.333336	123.333336	129.33333	149.66667	147.0	123.666664	118.0	115.0	107.333336	92.0	72.0	67.333336	79.333336	93.0	115.333336	130.33333	137.66667	129.66667	99.0	
105.333336	100.333336	98.333336	100.0	103.666664	110.666664	124.0	131.0	125.666664	122.0	125.666664	132.0	127.333336	127.0	132.33333	133.0	132.0	128.33333	125.333336	133.66667	139.66667	137.0	125.333336	117.666664	117.0	112.333336	105.0	88.333336	81.0	91.666664	105.0	123.666664	139.33333	141.66667	119.666664	90.333336	
106.333336	101.0	96.666664	96.333336	99.666664	104.0	117.0	127.333336	123.333336	118.0	121.0	133.0	132.0	129.0	131.0	136.33333	139.0	137.33333	133.66667	132.0	130.33333	125.333336	120.0	110.333336	108.0	103.0	100.0	90.333336	89.666664	99.333336	115.0	132.33333	143.33333	131.66667	105.0	90.333336	
107.333336	103.333336	98.0	95.333336	96.666664	101.0	113.333336	125.0	126.0	118.666664	117.0	131.0	134.0	130.0	132.33333	135.66667	141.33333	144.0	142.66667	136.33333	130.0	124.333336	123.0	115.666664	111.666664	106.333336	101.666664	98.0	99.333336	104.0	120.666664	138.0	134.66667	106.666664	90.0	95.666664	
107.333336	108.0	102.0	97.333336	97.333336	100.666664	110.0	123.0	131.33333	126.0	119.666664	130.33333	137.66667	136.33333	137.0	133.66667	138.66667	147.66667	151.66667	146.0	137.0	130.66667	127.333336	121.666664	117.333336	115.0	110.666664	104.333336	98.666664	106.333336	125.666664	133.66667	116.666664	88.666664	82.666664	100.0	
107.333336	112.666664	107.666664	102.0	102.0	100.666664	105.0	118.666664	131.0	130.0	121.333336	126.666664	137.66667	138.33333	137.0	133.33333	134.33333	138.33333	142.33333	140.0	134.0	128.33333	125.333336	123.0	121.0	118.333336	114.0	106.0	99.666664	112.333336	125.666664	114.333336	95.0	84.0	86.666664	103.666664	
106.0	115.333336	113.0	107.666664	108.0	103.0	104.0	116.333336	129.66667	131.66667	122.333336	122.0	134.0	138.0	137.0	135.0	133.33333	131.0	130.0	129.33333	128.0	125.666664	124.333336	124.0	121.0	116.666664	114.333336	109.0	107.0	113.333336	108.666664	94.0	85.333336	88.666664	93.333336	112.0	
101.666664	114.0	116.0	112.666664	110.666664	104.333336	104.0	113.666664	127.333336	130.0	125.0	121.333336	128.66667	133.66667	134.66667	137.33333	137.33333	134.66667	130.66667	128.33333	126.0	123.333336	123.0	123.666664	119.0	114.0	116.0	112.333336	106.333336	103.0	92.333336	90.333336	87.666664	92.666664	97.666664	124.666664	
101.0	113.0	116.666664	114.333336	112.666664	107.666664	103.333336	107.333336	122.0	129.0	126.333336	118.666664	120.333336	125.0	129.33333	138.0	140.33333	139.66667	140.33333	140.33333	134.66667	126.333336	121.0	119.0	115.333336	113.333336	115.0	109.666664	97.333336	88.666664	88.333336	92.666664	90.0	95.666664	103.666664	135.66667	
103.666664	109.333336	114.0	116.666664	114.333336	109.666664	105.0	104.333336	118.0	125.0	125.0	120.0	115.666664	116.333336	124.0	136.66667	143.0	144.66667	145.33333	145.33333	142.66667	133.0	125.0	121.0	116.333336	114.0	113.0	104.0	89.0	83.0	88.333336	89.0	90.0	96.666664	109.0	150.66667	
104.333336	108.0	115.0	120.333336	116.0	110.0	107.333336	105.0	112.333336	118.0	120.0	121.666664	116.333336	110.0	112.333336	122.666664	136.66667	146.0	147.66667	143.0	138.66667	131.66667	130.0	127.333336	119.0	111.0	106.0	99.333336	83.666664	83.666664	86.666664	87.666664	88.666664	98.666664	123.333336	172.66667	
106.0	112.0	120.0	123.0	119.666664	113.0	106.666664	103.333336	104.0	111.0	115.0	117.0	117.0	113.333336	105.333336	102.333336	113.0	128.66667	137.33333	135.33333	129.66667	124.666664	126.0	123.333336	115.666664	106.666664	99.0	88.666664	76.666664	80.666664	82.666664	86.333336	86.666664	103.333336	142.0	195.66667	
