32.333332	30.333334	23.666666	24.666666	34.666668	37.0	32.333332	39.0	43.0	42.333332	44.0	47.666668	47.333332	46.666668	46.333332	49.0	54.333332	51.333332	50.0	49.0	59.666668	67.0	68.0	71.333336	82.0	82.0	90.666664	101.333336	94.333336	81.0	67.0	61.666668	76.0	93.0	111.0	132.66667	
27.0	21.666666	26.333334	28.666666	27.666666	24.666666	25.0	30.333334	35.333332	40.333332	47.0	51.666668	46.333332	42.666668	44.333332	43.0	43.0	45.333332	50.333332	55.333332	59.0	58.333332	64.0	73.333336	74.0	73.333336	83.333336	91.333336	81.666664	83.333336	69.666664	69.333336	80.666664	95.0	118.0	119.0	
21.0	28.666666	31.0	20.666666	20.333334	17.333334	21.666666	30.333334	39.666668	47.0	45.0	44.333332	41.333332	42.666668	48.333332	52.0	57.0	62.666668	61.333332	57.333332	55.666668	55.666668	63.666668	64.666664	63.666668	75.666664	74.0	65.666664	76.333336	91.666664	81.0	87.333336	90.0	92.0	118.0	106.666664	
22.333334	31.0	22.666666	17.0	16.666666	16.333334	25.0	27.333334	27.666666	26.666666	35.333332	48.666668	55.666668	58.333332	63.666668	63.0	63.666668	61.666668	58.333332	61.0	60.0	61.0	64.666664	60.0	69.666664	63.333332	53.333332	62.0	73.333336	95.666664	95.0	104.333336	100.0	101.0	119.666664	100.666664	
18.333334	25.0	21.0	20.333334	20.0	17.666666	23.0	22.666666	20.666666	28.0	41.0	49.333332	52.333332	59.0	65.333336	69.666664	76.0	76.0	76.333336	74.333336	71.666664	63.666668	59.666668	63.0	56.666668	49.0	53.333332	68.333336	78.333336	105.0	108.333336	113.0	107.666664	113.333336	119.666664	99.666664	
23.0	33.0	33.666668	29.333334	30.666666	30.666666	25.666666	20.333334	27.333334	43.0	50.666668	55.333332	64.0	84.666664	102.666664	111.0	116.333336	107.666664	95.333336	86.0	70.0	61.0	65.0	60.666668	49.0	54.333332	69.666664	79.333336	97.666664	115.333336	114.0	112.333336	106.666664	111.333336	109.0	96.0	
39.666668	44.666668	44.333332	43.0	49.0	54.666668	51.0	55.0	69.333336	82.333336	94.333336	105.666664	119.333336	144.66667	165.66667	160.66667	153.66667	134.66667	112.333336	92.666664	72.333336	65.0	67.666664	59.0	67.333336	78.333336	87.333336	100.0	115.666664	122.666664	122.666664	113.333336	100.333336	113.0	104.0	91.0	
54.0	52.333332	52.666668	60.0	77.666664	86.666664	94.666664	108.666664	115.333336	122.666664	134.0	151.66667	159.33333	174.0	185.0	194.0	193.66667	176.33333	150.66667	128.33333	97.333336	86.666664	82.0	80.333336	100.333336	104.0	113.333336	129.66667	145.66667	155.33333	146.0	123.333336	108.333336	127.666664	114.0	89.0	
52.0	58.0	68.666664	85.0	106.333336	116.333336	125.666664	133.0	140.66667	147.0	158.33333	173.0	180.33333	180.0	181.66667	192.66667	200.0	203.33333	200.0	192.0	162.66667	143.66667	129.0	127.666664	132.33333	137.66667	149.66667	164.33333	174.0	182.0	168.0	145.0	134.0	147.66667	132.0	95.666664	
53.666668	66.333336	82.666664	104.666664	122.0	128.33333	136.33333	143.0	159.0	175.66667	181.0	180.0	181.66667	178.66667	173.66667	181.33333	192.0	195.66667	202.33333	205.66667	193.33333	184.33333	178.66667	171.0	165.0	167.66667	174.33333	181.33333	189.0	198.0	192.66667	179.0	159.33333	165.0	157.33333	108.0	
58.666668	73.666664	90.666664	110.666664	125.333336	135.66667	146.0	159.66667	180.0	196.33333	201.33333	197.33333	194.0	189.0	183.33333	178.33333	180.0	178.33333	183.66667	199.66667	200.33333	191.66667	185.0	189.0	179.33333	174.66667	179.0	189.66667	194.33333	197.33333	203.33333	199.33333	186.33333	174.0	169.0	118.666664	
61.666668	73.333336	99.333336	119.666664	129.66667	136.0	144.33333	158.66667	173.66667	191.66667	205.66667	210.33333	210.66667	208.66667	206.66667	204.0	190.33333	169.66667	158.0	166.33333	190.33333	193.0	161.33333	167.0	165.66667	168.0	178.33333	185.0	183.0	182.66667	188.33333	192.66667	177.33333	164.33333	169.33333	132.66667	
69.666664	90.0	113.0	128.66667	134.0	133.66667	139.0	148.66667	163.66667	168.33333	168.0	181.33333	184.66667	174.0	163.33333	159.33333	161.66667	152.0	139.33333	141.66667	163.66667	188.0	162.66667	140.66667	138.66667	144.66667	149.0	142.66667	141.66667	143.0	145.33333	150.33333	148.66667	143.33333	162.0	151.66667	
88.333336	108.0	123.333336	131.0	133.33333	140.33333	141.66667	147.0	138.33333	134.0	146.66667	151.66667	143.66667	129.33333	115.0	103.666664	104.0	107.0	109.666664	122.0	147.66667	176.66667	183.66667	152.66667	113.0	103.333336	100.0	103.0	103.333336	114.0	125.666664	135.33333	144.33333	135.66667	140.33333	155.0	
106.0	116.0	121.0	125.666664	128.33333	132.33333	134.33333	123.666664	117.0	132.0	122.666664	110.666664	101.666664	92.0	83.666664	82.666664	85.666664	90.666664	93.333336	114.333336	148.66667	172.0	181.33333	162.33333	105.666664	90.0	91.0	90.333336	88.0	81.0	81.0	94.666664	116.666664	137.66667	141.0	134.33333	
92.333336	93.333336	88.666664	88.333336	81.666664	78.333336	88.666664	92.666664	113.666664	106.333336	82.0	68.0	56.666668	49.666668	53.666668	62.333332	71.666664	82.0	89.666664	103.333336	123.0	142.66667	142.66667	132.33333	90.0	83.0	80.666664	84.333336	81.666664	63.333332	53.333332	67.333336	99.666664	124.0	145.33333	131.66667	
73.0	81.333336	95.666664	108.0	109.333336	94.666664	90.333336	86.666664	87.0	75.666664	78.0	85.666664	84.0	79.0	75.333336	72.666664	73.333336	80.666664	88.333336	94.0	126.333336	167.0	177.33333	139.0	83.0	89.333336	89.666664	100.0	111.0	110.333336	113.333336	116.0	107.666664	115.0	135.33333	126.666664	
97.0	100.0	110.333336	117.0	115.333336	96.0	75.666664	72.0	74.666664	89.333336	104.0	115.666664	117.666664	107.333336	96.333336	90.0	93.333336	97.0	97.333336	118.666664	161.66667	186.66667	195.66667	173.33333	110.0	106.333336	106.0	105.666664	117.333336	127.0	131.33333	131.0	117.333336	112.666664	132.0	126.0	
108.0	107.333336	108.0	113.333336	110.666664	103.0	78.666664	77.0	93.666664	100.0	104.333336	107.0	105.0	99.666664	96.0	96.666664	102.333336	112.0	116.333336	146.0	182.0	211.0	215.66667	203.0	141.66667	120.333336	118.0	109.0	107.666664	107.666664	109.0	119.0	129.66667	133.66667	138.33333	120.0	
111.333336	111.0	107.666664	120.666664	131.0	124.0	113.333336	107.0	110.0	116.0	111.0	105.0	107.0	111.0	113.666664	119.666664	131.33333	130.33333	131.33333	156.0	175.0	196.0	213.0	209.66667	172.33333	141.66667	149.66667	139.66667	127.333336	117.333336	109.666664	118.666664	146.66667	161.0	149.0	133.66667	
109.333336	107.0	108.333336	125.333336	133.66667	140.66667	139.0	143.0	146.66667	151.0	150.0	149.33333	153.0	158.66667	167.33333	172.66667	156.33333	124.0	137.66667	158.0	160.0	182.66667	204.0	209.33333	184.66667	155.0	158.66667	179.33333	173.0	167.66667	166.33333	170.66667	177.33333	172.33333	163.0	149.66667	
105.0	101.0	105.333336	121.666664	142.0	152.0	157.0	164.0	165.0	164.33333	164.33333	164.33333	167.66667	166.0	166.33333	167.66667	153.33333	141.0	159.33333	162.33333	162.0	178.0	198.0	214.66667	193.33333	177.66667	156.66667	169.33333	177.66667	186.66667	196.0	202.0	195.0	186.0	174.33333	150.0	
104.0	99.333336	106.0	120.666664	134.66667	144.0	150.0	160.0	161.0	159.0	160.33333	163.33333	158.0	148.66667	150.66667	153.0	151.0	157.33333	157.0	153.66667	173.0	185.0	206.0	223.66667	196.33333	172.33333	160.66667	156.66667	165.33333	167.66667	174.0	182.0	188.0	176.33333	166.33333	147.66667	
103.333336	100.0	106.666664	115.666664	121.333336	133.33333	147.0	156.0	151.33333	157.0	160.66667	162.66667	155.33333	147.0	145.66667	141.66667	133.33333	129.66667	125.0	127.666664	168.33333	197.33333	217.0	233.0	204.66667	161.66667	152.33333	152.66667	152.0	155.33333	161.0	162.33333	167.66667	169.33333	160.66667	141.66667	
105.0	102.666664	104.333336	109.666664	117.333336	130.33333	144.33333	145.0	148.0	152.0	159.66667	168.0	163.33333	154.0	143.66667	125.666664	122.666664	146.33333	167.33333	172.66667	177.0	199.66667	222.66667	231.33333	213.0	195.0	167.33333	131.0	145.0	155.0	165.66667	161.33333	157.66667	159.0	155.66667	143.66667	
107.666664	103.0	103.333336	109.333336	112.0	118.333336	130.33333	134.33333	140.0	150.66667	162.66667	168.66667	161.33333	151.0	126.333336	111.333336	139.33333	180.0	188.33333	185.66667	169.33333	182.0	206.66667	203.33333	188.66667	183.33333	184.33333	116.333336	114.666664	141.0	164.0	172.0	162.0	150.0	143.33333	145.66667	
109.333336	106.666664	102.666664	107.0	104.666664	110.333336	119.0	123.666664	131.33333	140.66667	145.66667	148.0	138.66667	117.666664	104.0	110.333336	111.333336	120.333336	104.0	109.0	126.0	148.33333	166.0	161.66667	155.33333	145.66667	139.33333	112.333336	98.0	114.0	139.66667	156.0	157.66667	149.0	138.0	150.66667	
115.0	107.666664	100.333336	102.333336	98.0	101.0	107.666664	112.333336	115.0	119.666664	123.666664	123.666664	108.0	101.666664	127.0	139.0	110.0	90.0	73.333336	62.333332	82.666664	111.0	121.333336	120.0	118.666664	107.0	125.0	128.33333	109.0	100.333336	115.333336	132.0	139.33333	137.66667	130.33333	146.66667	
113.666664	109.333336	102.666664	99.666664	95.0	94.666664	97.0	102.333336	102.333336	102.333336	106.333336	98.666664	96.666664	120.0	155.33333	157.33333	127.0	104.666664	93.333336	83.333336	79.333336	90.333336	99.0	98.666664	99.333336	107.0	143.66667	160.66667	131.33333	104.0	102.333336	114.333336	124.0	124.333336	121.333336	146.33333	
114.333336	112.0	103.333336	101.666664	96.666664	92.333336	92.666664	97.333336	96.333336	91.333336	89.333336	87.0	105.0	133.0	151.0	152.66667	136.33333	122.333336	110.333336	95.333336	82.333336	80.333336	83.666664	90.0	103.0	120.333336	157.33333	166.33333	139.66667	115.666664	96.666664	108.333336	113.0	112.0	117.666664	145.33333	
114.0	112.0	102.333336	99.333336	96.0	92.666664	92.666664	97.666664	96.333336	89.666664	82.666664	94.0	105.666664	119.666664	130.66667	139.33333	134.66667	129.0	122.333336	108.333336	91.0	86.0	88.333336	99.333336	116.333336	139.33333	165.66667	163.66667	140.0	123.0	100.0	95.333336	104.0	108.333336	119.666664	121.666664	
110.666664	107.666664	99.666664	97.333336	95.0	94.0	91.333336	92.666664	95.0	91.0	88.333336	93.666664	94.666664	100.333336	110.666664	119.0	126.0	126.0	124.333336	116.333336	105.666664	101.666664	100.333336	107.333336	122.0	152.66667	161.66667	146.66667	122.333336	109.0	105.0	95.0	102.333336	108.666664	118.333336	87.666664	
106.0	102.333336	97.333336	95.0	99.0	95.666664	90.666664	90.333336	92.333336	96.333336	93.666664	89.0	82.666664	84.333336	94.0	101.333336	101.333336	100.666664	100.0	95.333336	96.666664	97.666664	99.333336	97.0	100.0	113.0	126.666664	122.333336	101.0	97.0	102.666664	100.0	105.0	109.666664	115.333336	72.666664	
105.0	97.666664	95.333336	94.666664	98.666664	97.666664	92.666664	92.0	94.333336	103.666664	100.0	87.333336	54.666668	46.333332	55.666668	66.333336	76.333336	78.0	82.0	89.666664	93.666664	84.0	92.0	91.666664	88.666664	81.333336	63.0	65.0	74.333336	88.666664	102.666664	109.333336	108.0	108.333336	111.333336	62.0	
102.666664	96.333336	94.333336	93.0	97.0	100.666664	94.666664	91.666664	94.666664	107.0	111.666664	99.666664	65.0	35.0	29.333334	46.0	65.0	72.333336	84.333336	102.666664	111.0	103.666664	118.666664	113.666664	91.666664	67.333336	32.0	41.666668	66.666664	96.333336	110.333336	119.333336	111.666664	108.0	103.666664	45.333332	
99.0	96.666664	92.0	92.333336	96.333336	103.0	96.0	93.666664	95.666664	109.0	116.666664	113.0	102.333336	84.333336	62.333332	49.0	49.666668	64.0	72.333336	79.333336	87.333336	92.666664	93.0	87.333336	59.333332	39.333332	58.0	87.0	94.666664	109.333336	126.333336	124.666664	112.666664	108.666664	88.333336	32.333332	
96.0	94.0	90.333336	91.333336	93.666664	103.0	98.666664	96.666664	95.333336	105.333336	112.0	122.333336	121.666664	113.333336	109.333336	105.0	97.666664	98.666664	92.666664	89.666664	87.666664	94.333336	96.0	97.666664	100.666664	107.0	135.33333	138.0	127.666664	120.666664	123.0	117.666664	106.0	103.666664	56.666668	27.333334	
90.666664	91.0	90.333336	91.0	92.333336	99.333336	101.666664	98.333336	95.0	100.0	108.333336	120.666664	131.33333	122.666664	116.666664	119.0	125.333336	129.33333	132.0	126.666664	122.666664	125.333336	131.66667	151.66667	165.0	165.33333	157.66667	157.0	151.0	127.333336	116.333336	110.0	104.666664	89.0	36.0	33.0	
83.0	88.333336	88.666664	91.333336	91.333336	95.0	101.333336	100.0	97.0	96.333336	104.0	110.333336	125.333336	126.0	117.666664	116.0	114.666664	116.666664	126.666664	133.33333	134.0	135.0	147.0	162.33333	154.33333	144.66667	149.33333	160.33333	150.0	123.666664	110.333336	105.333336	103.333336	64.0	28.0	31.333334	
84.666664	90.0	89.666664	89.0	87.333336	92.666664	99.666664	100.333336	98.666664	94.666664	100.666664	104.0	115.666664	122.0	115.666664	114.333336	110.333336	106.333336	104.0	103.666664	104.0	105.0	108.333336	112.666664	114.666664	124.333336	144.0	156.33333	141.33333	118.333336	102.0	106.333336	92.666664	34.333332	22.0	23.666666	
104.666664	91.333336	88.0	88.333336	88.666664	89.666664	93.333336	96.666664	96.333336	96.0	98.666664	104.0	114.666664	120.333336	116.0	111.333336	106.333336	103.333336	99.333336	95.0	94.333336	92.666664	95.0	102.666664	113.666664	126.0	143.0	147.66667	136.66667	111.666664	101.333336	103.666664	65.333336	22.666666	20.0	22.0	
99.666664	94.0	88.333336	88.666664	85.666664	87.0	90.0	94.333336	96.0	92.333336	92.333336	103.666664	116.333336	125.666664	119.0	114.0	113.0	110.333336	103.666664	99.0	98.333336	98.0	102.333336	111.0	125.333336	139.66667	152.66667	152.33333	134.66667	106.666664	104.666664	94.666664	50.666668	40.0	31.333334	27.333334	
72.333336	92.0	89.0	87.666664	82.333336	81.666664	87.666664	90.666664	95.666664	93.666664	90.333336	102.0	122.333336	137.66667	133.66667	125.0	124.333336	127.666664	125.0	124.333336	126.333336	133.66667	138.33333	149.0	158.66667	163.66667	172.66667	162.33333	128.66667	105.0	107.0	81.666664	61.0	66.666664	61.333332	49.0	
64.0	95.666664	89.666664	89.0	85.666664	82.666664	84.333336	86.666664	93.333336	93.0	87.333336	96.0	120.0	143.0	153.0	145.0	138.66667	140.66667	144.0	148.0	159.0	178.66667	187.33333	185.33333	185.33333	185.66667	184.66667	164.66667	119.333336	106.333336	104.333336	74.0	64.666664	75.0	82.666664	82.666664	
106.666664	108.0	89.333336	86.0	83.666664	86.666664	83.0	85.0	87.0	88.333336	87.0	91.0	107.666664	131.66667	150.0	147.33333	142.66667	140.0	144.66667	153.0	165.33333	177.66667	182.0	182.33333	184.0	183.66667	175.33333	151.33333	108.666664	105.666664	100.0	65.333336	62.0	69.333336	85.333336	100.666664	
144.33333	110.666664	85.333336	84.0	84.0	88.666664	87.333336	84.333336	86.0	85.333336	86.666664	83.666664	91.333336	108.333336	126.666664	132.66667	131.66667	129.33333	132.0	139.0	146.0	154.66667	158.33333	156.33333	159.33333	161.66667	153.0	126.333336	104.0	106.0	93.0	63.333332	62.0	65.333336	77.0	96.666664	
167.33333	113.0	85.333336	83.333336	85.0	88.0	88.0	85.0	85.666664	85.666664	84.666664	82.666664	82.666664	88.333336	100.333336	111.0	116.333336	117.0	115.333336	116.666664	122.0	126.666664	130.0	135.0	137.66667	130.66667	119.666664	105.0	101.0	109.333336	78.666664	57.333332	62.666668	62.666668	67.666664	81.666664	
179.66667	117.666664	86.666664	85.0	86.333336	87.333336	89.0	88.333336	87.666664	87.333336	84.666664	84.666664	82.333336	78.666664	84.0	93.0	100.333336	101.666664	101.666664	101.0	107.0	106.333336	107.333336	105.333336	105.666664	98.333336	99.333336	99.666664	102.666664	110.0	61.333332	49.0	62.0	62.0	63.333332	72.0	
187.0	125.333336	87.333336	87.666664	88.0	87.0	89.333336	90.666664	89.333336	89.0	86.666664	88.333336	86.666664	82.333336	76.333336	79.333336	84.333336	90.333336	93.0	90.0	92.666664	91.0	88.666664	87.333336	87.0	89.333336	94.333336	99.333336	106.666664	114.666664	67.333336	43.666668	61.0	63.333332	62.666668	69.666664	
