129.33333	135.33333	148.66667	154.0	157.66667	170.33333	182.33333	188.33333	193.33333	202.33333	200.33333	196.0	193.0	181.33333	176.0	170.66667	178.66667	192.66667	193.0	159.66667	137.66667	166.66667	191.66667	181.0	190.33333	193.33333	191.0	177.0	175.66667	171.0	157.0	136.66667	127.333336	112.333336	74.666664	59.333332	
137.0	137.0	145.0	157.33333	171.33333	189.66667	196.0	197.0	199.66667	211.0	216.0	217.0	208.33333	199.66667	197.0	196.33333	200.0	211.33333	194.33333	165.0	150.66667	168.0	174.33333	170.33333	175.66667	169.66667	158.33333	146.33333	143.66667	130.66667	118.333336	124.666664	145.66667	128.66667	85.0	61.0	
143.0	142.33333	154.0	166.0	173.66667	184.33333	188.66667	190.66667	194.33333	204.0	215.66667	222.66667	217.33333	211.33333	209.66667	211.0	219.0	198.66667	171.66667	164.0	165.0	159.33333	156.0	164.33333	164.33333	154.66667	142.0	130.0	107.333336	99.0	99.0	116.0	145.66667	128.33333	99.0	70.666664	
144.33333	140.33333	144.0	154.33333	167.0	178.33333	184.66667	184.66667	182.0	189.33333	198.66667	202.66667	198.0	193.66667	199.0	204.0	192.33333	170.33333	170.33333	174.66667	156.33333	154.33333	169.66667	171.33333	168.0	157.0	143.33333	126.0	101.666664	83.666664	93.666664	112.333336	140.0	155.0	122.0	85.0	
136.66667	135.0	139.33333	146.66667	159.66667	166.33333	170.0	170.66667	167.33333	171.33333	177.0	178.33333	169.66667	173.33333	178.0	176.66667	170.66667	175.66667	179.33333	162.66667	152.33333	168.0	171.33333	172.66667	172.33333	161.66667	147.33333	132.0	111.0	85.333336	93.666664	107.666664	132.33333	162.33333	146.66667	99.333336	
135.0	132.33333	138.33333	149.66667	158.66667	161.33333	160.33333	158.66667	158.0	163.0	167.33333	165.0	158.66667	162.0	162.0	166.0	178.33333	185.33333	179.33333	166.33333	174.0	172.0	164.66667	167.66667	168.33333	163.66667	155.0	142.0	128.0	102.666664	88.333336	116.0	136.33333	166.0	151.66667	115.333336	
136.33333	136.33333	140.0	148.33333	160.33333	168.66667	169.33333	166.66667	163.66667	167.0	169.66667	164.0	164.0	161.66667	162.33333	176.33333	182.33333	181.33333	181.33333	177.33333	174.33333	167.0	158.66667	159.33333	159.33333	157.33333	150.33333	140.66667	129.0	110.666664	89.333336	111.333336	137.66667	170.0	170.0	122.666664	
136.33333	132.66667	134.0	139.33333	151.33333	166.0	175.33333	176.0	172.33333	172.33333	171.33333	171.33333	173.0	175.66667	180.0	180.0	181.0	175.0	171.0	174.0	167.0	161.33333	155.66667	152.66667	153.33333	151.66667	146.33333	139.66667	129.0	110.0	95.333336	100.333336	135.33333	168.66667	174.66667	120.0	
127.333336	124.333336	129.0	136.0	144.0	154.0	160.33333	166.0	171.33333	173.66667	178.33333	186.0	189.0	188.0	183.66667	178.33333	175.0	172.66667	169.33333	171.66667	166.66667	163.0	158.66667	156.0	155.0	150.66667	146.33333	141.33333	131.66667	112.333336	99.666664	93.666664	130.0	157.33333	161.0	121.666664	
126.333336	122.0	131.66667	140.33333	149.0	159.0	164.66667	172.0	177.33333	175.0	176.0	181.0	182.66667	179.0	175.0	170.0	166.33333	164.33333	161.66667	168.33333	169.0	161.33333	157.66667	157.0	155.0	148.0	142.0	136.0	127.0	114.0	103.333336	90.666664	127.0	157.66667	154.0	119.0	
146.33333	143.66667	148.33333	156.33333	160.0	164.66667	169.33333	170.0	169.33333	171.33333	175.0	178.33333	183.66667	186.33333	188.0	184.33333	181.33333	173.0	161.0	160.33333	166.33333	162.66667	164.0	166.0	164.0	156.33333	148.33333	140.0	127.333336	114.0	105.333336	89.333336	117.333336	155.33333	143.66667	111.666664	
153.66667	148.33333	148.0	152.0	156.33333	163.66667	170.0	167.33333	166.33333	170.33333	176.0	181.66667	187.33333	191.66667	194.0	195.0	194.33333	190.66667	175.33333	164.33333	174.33333	171.0	170.33333	174.66667	170.0	162.33333	154.33333	143.66667	135.66667	120.666664	107.666664	87.666664	106.333336	150.33333	126.0	100.333336	
151.33333	143.66667	143.0	144.66667	152.33333	160.0	157.33333	155.0	160.0	170.33333	175.33333	180.0	187.33333	188.66667	190.33333	192.33333	189.33333	190.33333	180.0	167.33333	185.0	179.0	167.66667	174.66667	168.33333	160.0	153.66667	144.33333	138.66667	128.33333	115.0	98.666664	102.666664	145.0	117.0	93.333336	
144.33333	137.0	136.66667	138.0	146.33333	146.66667	149.66667	152.0	155.33333	165.66667	168.0	172.0	169.66667	160.66667	164.0	175.0	180.33333	180.66667	175.0	164.0	179.0	179.0	160.0	168.0	163.33333	152.0	140.66667	134.66667	135.66667	130.33333	118.666664	105.0	106.666664	143.66667	110.0	91.0	
140.66667	135.66667	133.66667	135.33333	137.0	139.33333	130.66667	130.33333	129.66667	129.0	119.0	114.0	114.666664	112.333336	125.333336	133.0	161.33333	173.0	169.0	157.66667	171.0	172.66667	158.0	157.0	151.33333	134.33333	118.333336	110.0	111.333336	103.0	87.0	80.0	80.666664	123.0	109.0	90.666664	
134.66667	136.33333	132.0	128.33333	130.66667	122.0	115.0	116.666664	119.666664	126.0	118.0	93.666664	96.333336	106.0	112.333336	127.0	149.33333	162.0	160.33333	164.0	171.33333	165.33333	150.33333	146.33333	135.0	109.333336	93.666664	82.0	79.333336	80.666664	71.0	65.0	62.666668	88.666664	94.666664	85.666664	
132.66667	136.0	135.0	120.333336	119.0	112.0	117.0	115.333336	106.0	102.666664	113.333336	112.666664	113.333336	117.333336	126.0	134.66667	134.33333	146.33333	156.0	171.66667	176.0	166.33333	143.33333	133.66667	108.666664	105.333336	120.333336	124.666664	113.666664	99.0	96.0	90.333336	70.333336	61.333332	81.666664	82.0	
128.66667	134.66667	127.333336	106.333336	107.666664	122.0	138.66667	137.66667	125.666664	122.666664	132.0	134.33333	134.66667	129.66667	137.66667	147.0	150.66667	152.0	160.66667	178.66667	184.33333	167.33333	133.66667	118.0	114.333336	144.0	138.66667	120.333336	118.333336	101.0	104.0	107.333336	76.666664	67.333336	81.0	76.666664	
127.666664	130.66667	123.666664	121.666664	129.33333	138.33333	145.0	139.0	129.33333	115.333336	109.666664	103.0	117.0	127.666664	133.0	140.0	147.0	159.66667	161.33333	174.33333	178.33333	163.33333	134.33333	119.333336	139.33333	141.0	111.666664	95.0	112.666664	104.333336	87.333336	115.666664	100.0	70.333336	71.333336	68.666664	
125.0	118.333336	110.333336	133.66667	147.66667	151.66667	156.0	143.66667	124.666664	115.0	106.0	105.666664	133.0	143.33333	145.66667	159.0	149.33333	156.66667	161.0	175.0	176.0	163.0	137.0	124.0	146.33333	147.0	125.333336	114.666664	124.333336	116.666664	105.0	127.0	116.0	77.333336	68.333336	64.666664	
126.666664	123.666664	123.0	145.0	161.66667	166.0	169.66667	159.0	156.0	161.0	160.66667	156.66667	156.33333	156.33333	157.0	169.66667	157.0	152.33333	158.66667	171.33333	175.33333	163.33333	139.66667	120.666664	147.66667	155.66667	165.33333	162.66667	154.0	143.0	124.0	126.0	115.0	86.0	59.333332	64.333336	
135.0	139.66667	143.66667	154.33333	165.0	170.66667	174.66667	171.0	172.0	173.33333	177.66667	176.33333	168.66667	163.0	166.0	168.33333	160.0	153.66667	154.66667	164.0	167.66667	160.66667	137.66667	114.0	129.0	147.0	155.66667	156.0	152.33333	144.66667	132.33333	133.33333	124.333336	83.666664	52.0	65.333336	
136.33333	139.0	140.0	151.33333	166.66667	173.33333	174.0	170.66667	167.0	167.0	165.33333	159.66667	159.0	164.0	168.0	169.66667	165.0	156.33333	158.33333	158.0	160.33333	159.66667	138.0	111.0	120.333336	143.66667	148.66667	152.33333	148.66667	142.33333	137.0	138.0	129.0	79.666664	60.0	65.0	
134.0	135.66667	128.0	150.0	167.33333	172.66667	174.33333	173.33333	171.0	167.33333	163.33333	160.33333	160.33333	166.0	175.33333	181.0	168.66667	160.0	160.33333	153.33333	158.33333	163.66667	144.33333	112.0	116.666664	137.66667	148.0	149.0	149.33333	145.33333	138.66667	134.33333	123.0	79.666664	49.666668	45.666668	
132.0	132.33333	124.0	148.33333	164.0	173.66667	179.33333	180.66667	181.0	175.0	170.33333	166.33333	164.0	168.66667	180.33333	183.33333	171.33333	165.0	159.66667	150.66667	159.0	169.33333	157.66667	121.0	114.333336	129.0	138.66667	147.33333	152.0	150.0	144.0	131.66667	114.0	63.333332	19.0	12.0	
124.0	124.666664	125.333336	151.0	162.0	168.33333	173.33333	178.33333	182.0	183.0	179.33333	175.33333	169.66667	169.66667	178.66667	182.0	174.33333	161.33333	153.0	153.33333	157.66667	168.66667	161.66667	129.0	109.333336	130.66667	151.0	150.33333	151.66667	157.33333	152.66667	137.33333	108.0	51.666668	9.0	6.6666665	
113.333336	116.666664	135.0	152.66667	161.33333	168.33333	169.66667	173.33333	180.0	188.66667	186.66667	179.33333	172.33333	175.0	174.33333	167.0	151.33333	148.0	147.33333	155.66667	156.0	167.66667	163.66667	134.0	116.0	123.333336	157.0	170.33333	158.33333	157.33333	153.66667	142.33333	108.333336	46.666668	8.666667	6.3333335	
103.0	111.0	140.33333	152.33333	159.0	163.33333	166.0	171.66667	184.33333	195.33333	190.33333	184.0	181.33333	173.33333	157.33333	146.33333	148.0	152.0	154.0	156.33333	155.66667	168.0	172.0	150.66667	130.66667	134.0	134.66667	163.0	164.0	159.33333	154.66667	141.33333	113.666664	45.666668	8.333333	7.0	
98.666664	103.333336	138.0	148.66667	152.33333	156.33333	162.33333	170.66667	185.66667	200.66667	198.0	189.0	176.0	159.66667	155.66667	139.33333	156.33333	168.0	171.33333	161.33333	161.66667	180.33333	187.33333	170.33333	140.0	136.0	118.666664	137.0	153.66667	159.66667	154.66667	141.0	114.0	42.333332	6.6666665	5.6666665	
100.333336	99.333336	126.333336	136.66667	139.33333	148.33333	158.33333	171.33333	184.33333	194.0	188.0	172.0	153.66667	157.66667	168.0	149.0	143.66667	153.33333	165.0	164.33333	163.0	179.0	181.33333	166.0	125.333336	105.666664	113.333336	132.66667	136.33333	150.66667	151.33333	141.66667	110.333336	35.0	6.0	6.3333335	
102.666664	102.666664	119.0	124.333336	120.333336	136.0	153.0	167.0	177.33333	181.0	168.66667	149.33333	157.0	172.33333	174.33333	169.66667	158.33333	149.66667	142.33333	142.0	136.66667	138.33333	134.66667	122.0	96.0	102.333336	127.0	137.33333	133.66667	137.33333	147.0	143.0	103.333336	26.666666	6.6666665	8.666667	
108.333336	113.333336	126.333336	129.33333	112.666664	125.0	148.66667	161.66667	169.33333	167.0	152.66667	159.33333	174.66667	178.33333	178.66667	173.66667	168.33333	175.33333	177.66667	172.0	141.33333	121.0	111.333336	104.333336	120.333336	123.666664	125.0	132.33333	143.66667	137.0	140.0	136.66667	89.333336	16.666666	6.3333335	11.333333	
110.0	117.0	131.66667	138.33333	119.333336	119.666664	141.33333	155.33333	160.33333	150.66667	158.33333	178.0	180.0	176.33333	172.66667	171.0	172.0	182.0	184.33333	183.0	158.33333	154.0	153.66667	134.66667	131.0	126.333336	122.333336	127.0	141.66667	146.66667	140.0	133.0	67.666664	9.333333	5.0	9.333333	
109.0	117.666664	134.33333	143.0	128.0	121.666664	136.0	153.66667	153.0	155.66667	175.0	177.0	172.66667	169.0	169.0	176.0	183.0	188.33333	188.66667	187.66667	168.0	163.66667	160.33333	146.33333	142.0	131.0	118.0	116.666664	138.66667	155.0	147.33333	128.66667	42.333332	8.333333	6.3333335	8.333333	
105.0	116.333336	138.0	148.33333	135.66667	128.66667	133.66667	153.66667	155.0	168.66667	175.0	166.0	159.66667	158.33333	158.0	163.66667	170.33333	172.33333	167.33333	166.66667	160.0	153.0	142.33333	131.66667	125.333336	107.333336	96.333336	116.333336	150.33333	160.0	151.0	112.666664	23.666666	9.666667	10.333333	13.333333	
101.333336	112.666664	136.33333	150.66667	141.0	143.33333	132.66667	155.33333	161.0	172.0	166.33333	147.66667	123.333336	128.66667	135.33333	146.66667	154.66667	159.66667	167.66667	179.33333	166.33333	159.66667	163.66667	162.66667	150.0	101.0	103.333336	142.0	159.0	165.0	153.0	87.333336	17.333334	13.666667	13.0	15.0	
100.666664	110.0	130.66667	151.33333	147.33333	151.0	134.0	154.33333	164.0	175.66667	170.0	162.0	142.33333	157.66667	175.0	186.33333	191.0	185.66667	199.33333	210.33333	197.0	191.0	189.33333	178.33333	173.0	119.666664	115.0	149.66667	152.0	167.33333	150.66667	65.333336	14.666667	15.666667	13.666667	17.666666	
100.0	109.333336	124.0	145.66667	150.0	153.0	143.0	150.66667	170.0	179.33333	176.66667	175.66667	172.33333	159.0	160.33333	166.0	163.66667	147.0	143.0	137.0	137.0	136.33333	127.333336	109.666664	111.0	106.0	122.333336	140.33333	148.0	167.66667	139.66667	47.666668	15.666667	17.666666	16.666666	20.333334	
88.666664	108.666664	121.333336	138.33333	151.0	156.33333	156.0	146.33333	168.0	175.33333	180.66667	175.33333	175.33333	171.0	161.66667	151.66667	137.0	131.0	128.66667	125.333336	123.0	129.66667	128.33333	112.666664	108.666664	115.333336	126.0	128.33333	143.66667	158.0	121.333336	32.0	19.333334	21.0	18.666666	20.0	
84.0	101.666664	120.0	135.33333	148.0	158.66667	168.33333	150.33333	164.33333	169.33333	180.33333	175.66667	171.66667	171.66667	173.33333	175.66667	172.0	168.33333	168.66667	167.33333	158.33333	155.66667	153.0	142.33333	128.33333	128.33333	124.666664	124.0	143.66667	142.33333	98.333336	21.666666	24.666666	25.666666	20.333334	22.0	
94.333336	93.666664	112.0	130.33333	139.0	151.66667	172.0	161.0	160.0	161.0	174.66667	177.33333	170.33333	172.33333	171.0	176.66667	183.66667	184.0	186.33333	186.66667	187.0	177.33333	163.66667	155.33333	143.0	132.66667	123.666664	125.333336	141.33333	125.666664	72.666664	16.666666	30.0	30.0	22.0	25.333334	
114.666664	99.333336	97.0	117.666664	128.33333	137.0	164.33333	172.0	159.0	157.0	166.33333	178.33333	173.66667	170.0	168.33333	176.33333	180.66667	188.0	192.66667	189.33333	190.66667	184.66667	167.33333	160.33333	148.66667	134.66667	125.0	128.66667	135.0	107.666664	48.333332	18.0	37.333332	32.666668	19.333334	23.0	
133.0	124.666664	103.0	99.333336	116.0	121.0	148.0	175.0	166.66667	158.66667	153.0	168.66667	175.33333	172.33333	170.33333	174.0	177.66667	186.33333	194.0	190.66667	187.33333	180.0	169.33333	163.33333	152.66667	138.66667	128.0	134.33333	130.33333	93.666664	32.666668	20.333334	42.666668	38.666668	30.666666	38.666668	
135.33333	140.33333	142.33333	116.666664	99.0	107.333336	130.0	163.0	172.0	164.33333	146.0	156.66667	173.0	174.33333	169.66667	170.0	176.33333	182.0	188.33333	187.33333	182.66667	174.66667	167.66667	160.66667	151.66667	138.33333	134.66667	136.66667	121.666664	73.333336	22.666666	27.0	52.0	59.0	62.333332	68.0	
121.666664	145.66667	150.0	160.66667	135.66667	99.666664	104.333336	138.33333	168.33333	169.66667	150.0	146.0	168.0	173.66667	173.0	171.66667	173.66667	180.33333	183.33333	179.0	175.0	169.0	161.33333	156.0	146.33333	134.0	134.0	137.0	109.0	43.333332	21.666666	38.666668	61.333332	77.666664	75.0	70.0	
117.666664	140.33333	153.0	158.66667	166.66667	144.33333	99.666664	110.333336	145.33333	162.33333	154.0	142.0	158.66667	171.33333	173.66667	171.0	170.66667	169.0	170.33333	173.33333	175.33333	172.0	162.33333	156.33333	148.0	137.0	132.33333	131.66667	87.0	21.333334	31.333334	50.666668	62.666668	76.0	72.666664	63.666668	
169.33333	139.66667	161.66667	160.0	166.33333	172.33333	142.66667	101.0	108.666664	139.33333	144.33333	141.33333	149.33333	162.33333	171.66667	177.66667	177.66667	176.33333	176.0	178.33333	178.66667	180.0	174.66667	163.66667	158.33333	148.33333	138.66667	131.66667	68.333336	15.666667	41.0	59.0	60.666668	74.0	72.666664	67.333336	
214.0	186.0	163.0	169.33333	163.66667	171.66667	168.0	143.0	104.0	106.0	121.666664	130.33333	139.66667	149.0	162.0	175.0	184.33333	184.0	185.33333	188.0	186.0	184.66667	181.66667	169.66667	162.0	154.0	145.0	125.333336	48.333332	15.666667	48.666668	64.666664	61.666668	68.666664	73.333336	73.333336	
163.33333	215.66667	203.33333	180.0	174.66667	167.66667	174.0	167.0	140.33333	111.333336	99.666664	102.333336	121.333336	133.0	146.33333	163.33333	180.66667	186.0	189.66667	191.0	189.0	187.66667	180.33333	170.66667	163.0	155.33333	145.0	102.0	25.666666	19.333334	54.333332	67.666664	67.0	68.0	77.333336	75.333336	
