56.333332	61.333332	85.333336	86.666664	86.333336	87.333336	94.666664	95.666664	94.666664	111.0	121.0	134.66667	134.66667	129.33333	143.33333	164.33333	187.33333	194.0	189.0	178.33333	158.66667	146.0	134.0	115.666664	113.333336	96.0	93.666664	96.666664	99.333336	84.0	76.333336	71.0	61.333332	43.666668	35.666668	36.0	
49.666668	67.0	86.333336	88.0	85.0	94.0	97.333336	101.666664	105.0	117.333336	126.0	142.66667	142.33333	134.33333	147.66667	167.33333	190.33333	197.66667	191.33333	183.66667	165.33333	153.0	139.66667	123.333336	119.0	110.666664	100.333336	98.333336	107.333336	95.0	82.666664	71.666664	70.333336	50.666668	35.333332	29.333334	
49.0	75.0	84.333336	91.333336	86.666664	102.0	103.0	105.0	111.666664	121.333336	132.33333	148.0	148.33333	142.66667	150.33333	168.33333	190.33333	198.33333	194.0	188.0	172.0	159.0	146.0	133.0	121.0	115.0	107.333336	100.0	108.0	103.0	93.333336	79.0	68.333336	59.0	39.333332	25.333334	
48.333332	73.333336	79.0	92.0	93.666664	109.666664	108.333336	105.333336	117.333336	125.666664	137.0	149.33333	151.33333	143.66667	149.33333	166.33333	188.33333	194.66667	192.0	188.33333	175.33333	163.0	150.66667	137.33333	125.333336	114.0	112.0	104.0	108.666664	111.333336	101.0	88.0	69.0	64.666664	49.0	28.333334	
45.0	66.666664	70.666664	87.0	88.666664	107.333336	108.0	105.666664	115.666664	125.0	135.0	148.33333	151.66667	144.33333	148.0	159.0	178.66667	187.33333	188.33333	185.0	175.0	163.66667	151.33333	137.66667	126.666664	113.0	109.333336	106.0	109.666664	118.666664	106.333336	92.666664	78.333336	69.0	56.0	34.0	
40.666668	62.333332	62.666668	80.0	84.0	99.666664	104.666664	108.333336	113.333336	122.0	133.66667	144.66667	146.66667	139.33333	143.66667	155.66667	173.33333	183.0	186.0	183.33333	179.0	167.0	154.33333	140.66667	126.666664	113.0	104.333336	103.0	108.0	120.333336	112.333336	98.333336	87.666664	73.0	57.0	37.666668	
41.0	57.666668	59.333332	75.666664	84.333336	95.0	99.0	103.0	109.666664	114.666664	131.0	137.66667	137.66667	129.33333	135.33333	154.0	172.33333	182.0	185.0	183.66667	182.66667	171.0	158.33333	142.33333	124.333336	111.333336	98.0	95.666664	106.333336	119.666664	114.0	101.333336	97.0	77.0	57.333332	38.666668	
40.0	51.666668	56.0	74.0	90.333336	92.666664	91.333336	95.666664	109.333336	115.333336	131.0	128.66667	137.66667	127.666664	131.0	154.66667	170.33333	179.0	183.0	184.33333	183.33333	174.66667	161.66667	146.33333	124.0	109.333336	95.666664	89.333336	105.333336	118.666664	111.666664	98.0	98.666664	77.0	57.0	38.0	
39.333332	48.333332	56.333332	72.666664	95.0	100.0	91.0	95.666664	113.333336	121.666664	131.66667	122.0	139.33333	130.66667	129.66667	153.33333	168.66667	177.33333	181.33333	184.66667	183.66667	178.33333	166.66667	152.33333	126.333336	107.333336	93.333336	82.666664	101.333336	113.666664	108.0	95.333336	92.333336	72.666664	56.666668	40.333332	
38.333332	45.0	57.333332	74.666664	100.333336	105.666664	90.333336	96.666664	114.666664	124.333336	129.0	121.666664	138.66667	135.0	131.66667	152.33333	167.33333	172.66667	178.66667	181.0	180.66667	178.33333	170.0	157.0	133.33333	109.0	91.333336	77.666664	96.0	113.666664	108.666664	95.0	87.666664	70.0	54.666668	40.0	
41.0	45.666668	53.666668	74.333336	104.666664	111.0	89.0	95.666664	119.0	129.0	127.0	124.0	135.0	139.0	137.66667	153.0	167.0	171.0	176.0	176.0	175.66667	175.0	170.33333	158.66667	142.66667	114.0	84.333336	76.333336	95.666664	113.666664	103.0	93.0	85.333336	71.333336	54.0	45.0	
42.0	49.333332	56.666668	76.333336	108.333336	116.666664	95.666664	101.333336	122.0	133.0	126.333336	128.0	133.66667	139.33333	140.0	151.0	164.33333	169.0	171.66667	170.33333	167.0	166.33333	164.66667	156.0	142.33333	115.0	78.0	74.0	88.666664	99.333336	91.666664	84.333336	85.0	72.333336	52.666668	51.666668	
35.0	60.0	65.333336	84.0	110.666664	109.666664	99.0	102.333336	119.0	131.0	126.333336	129.33333	134.33333	139.33333	140.33333	148.0	160.0	165.0	166.0	162.33333	158.0	156.0	150.33333	138.66667	118.0	97.0	68.666664	63.0	77.0	85.0	78.333336	78.0	79.0	70.333336	54.666668	61.666668	
39.0	76.666664	76.333336	86.333336	93.333336	94.0	91.666664	89.333336	90.666664	95.0	97.333336	105.0	119.666664	135.0	141.66667	148.33333	156.33333	160.33333	160.66667	156.0	152.0	143.33333	125.0	102.333336	82.0	73.333336	61.0	61.333332	80.333336	87.333336	78.666664	79.0	78.333336	67.666664	62.0	68.666664	
51.0	89.333336	88.0	85.333336	98.666664	110.333336	109.333336	103.666664	93.0	82.666664	77.333336	78.333336	93.666664	114.666664	135.0	146.33333	151.66667	156.33333	156.0	150.33333	143.66667	125.333336	98.666664	78.0	72.0	75.0	78.333336	93.0	101.333336	92.333336	84.0	92.333336	97.333336	85.333336	79.0	81.333336	
56.666668	94.333336	98.666664	103.333336	119.0	128.33333	133.33333	137.0	135.33333	124.666664	108.333336	97.333336	95.666664	96.666664	116.0	138.33333	151.66667	160.0	157.66667	150.66667	137.66667	106.0	87.333336	87.666664	94.0	107.0	114.333336	112.666664	100.666664	85.666664	90.333336	99.666664	104.333336	101.0	98.666664	95.0	
61.0	97.0	113.333336	117.666664	120.666664	120.333336	117.666664	117.0	120.333336	121.333336	120.666664	113.0	109.666664	102.333336	105.0	130.33333	153.33333	163.66667	161.66667	153.66667	132.0	101.0	99.0	99.0	76.666664	70.0	69.666664	64.0	56.333332	53.0	70.666664	92.333336	101.666664	106.666664	113.333336	106.333336	
67.333336	97.333336	114.666664	111.666664	106.666664	87.666664	57.666668	46.0	46.0	56.0	66.666664	65.666664	88.666664	101.333336	102.666664	121.333336	152.66667	168.0	169.66667	157.0	127.0	109.0	105.0	79.333336	45.333332	44.333332	48.0	32.0	38.666668	30.0	37.333332	73.0	97.666664	113.333336	120.333336	113.333336	
72.666664	99.0	108.666664	103.0	84.333336	51.0	27.0	29.0	27.333334	38.333332	49.666668	59.0	81.0	101.333336	121.333336	120.666664	148.33333	168.66667	175.0	162.0	129.0	126.333336	116.333336	88.666664	81.333336	61.0	55.333332	56.0	73.333336	58.333332	63.333332	86.0	109.0	130.66667	133.33333	119.0	
74.0	100.0	111.666664	112.0	90.333336	71.0	62.333332	62.666668	66.333336	72.333336	86.666664	106.333336	116.333336	129.33333	142.66667	129.33333	144.66667	169.66667	178.66667	166.0	136.33333	144.33333	147.66667	123.666664	112.0	102.333336	96.333336	87.0	83.333336	90.333336	107.0	124.333336	139.33333	147.0	139.33333	120.666664	
78.333336	99.666664	120.333336	134.33333	130.66667	118.333336	108.0	101.0	98.666664	106.666664	113.666664	122.0	134.33333	145.0	140.66667	132.66667	144.0	169.0	178.33333	166.33333	142.0	140.66667	149.33333	134.66667	115.666664	106.333336	102.333336	98.333336	101.666664	112.666664	131.0	148.0	151.33333	147.33333	135.66667	118.666664	
90.666664	101.666664	123.0	138.33333	145.33333	142.66667	128.66667	113.333336	105.333336	102.333336	108.0	122.333336	144.66667	151.33333	141.33333	135.0	145.66667	169.0	178.0	169.66667	149.33333	135.33333	148.33333	150.66667	138.66667	122.666664	115.333336	115.0	122.333336	136.66667	151.33333	159.0	154.33333	144.0	131.33333	118.0	
96.333336	99.333336	119.333336	135.33333	147.66667	156.66667	157.33333	149.33333	141.0	139.0	146.0	155.66667	161.66667	151.33333	140.0	136.0	145.66667	166.66667	175.33333	172.66667	154.33333	134.33333	141.0	158.0	165.33333	163.0	160.0	158.33333	162.0	168.66667	170.0	166.0	157.66667	145.0	132.0	118.666664	
95.0	98.333336	117.0	133.66667	148.0	159.33333	166.0	169.0	167.0	166.33333	169.66667	170.66667	162.0	146.66667	138.0	136.33333	144.33333	162.66667	172.0	171.66667	157.66667	138.33333	135.33333	148.66667	165.66667	176.0	178.66667	176.66667	176.0	175.0	171.0	164.0	155.0	145.66667	134.66667	118.666664	
109.333336	100.666664	114.666664	129.33333	142.33333	152.33333	162.0	172.66667	176.66667	179.0	179.33333	172.0	157.66667	143.33333	136.66667	135.33333	141.33333	159.0	170.33333	169.0	155.66667	141.33333	135.0	141.0	155.33333	170.33333	178.33333	179.0	178.0	177.0	172.66667	161.0	150.0	142.66667	134.0	116.333336	
132.66667	108.333336	113.333336	127.666664	138.33333	149.33333	158.66667	169.0	178.0	183.33333	179.0	167.0	152.33333	140.66667	134.66667	135.0	140.0	155.66667	168.0	168.33333	156.0	142.66667	133.33333	134.0	147.33333	162.0	173.0	177.33333	177.33333	177.33333	172.0	159.66667	148.0	138.66667	130.33333	115.333336	
128.33333	110.333336	111.666664	126.0	137.66667	147.33333	154.0	161.0	167.33333	171.66667	166.66667	158.0	144.66667	131.33333	127.666664	129.33333	140.66667	157.0	169.33333	171.66667	158.66667	144.33333	127.0	125.666664	131.66667	146.33333	161.0	168.33333	170.66667	167.66667	164.0	155.66667	146.0	135.0	124.0	110.0	
131.33333	112.666664	109.666664	122.666664	134.66667	145.0	151.0	156.33333	158.33333	159.33333	154.33333	145.33333	131.0	118.0	125.666664	128.33333	141.66667	157.66667	175.0	181.33333	162.66667	147.0	132.0	132.0	121.0	121.666664	139.66667	151.66667	156.33333	155.66667	154.0	148.66667	141.66667	132.0	120.666664	107.666664	
135.33333	114.333336	107.0	116.333336	127.666664	136.66667	143.33333	147.66667	149.0	146.33333	140.33333	130.33333	116.666664	113.0	132.33333	132.33333	141.66667	157.66667	183.0	192.0	167.33333	146.66667	133.66667	135.66667	120.666664	112.0	115.666664	125.666664	137.0	142.0	142.0	139.0	133.33333	126.333336	115.666664	103.666664	
118.333336	100.666664	104.0	108.666664	118.0	128.66667	135.33333	138.0	138.0	134.0	123.666664	118.666664	118.0	116.666664	129.0	126.666664	131.0	149.33333	171.0	175.66667	155.66667	134.33333	118.333336	121.333336	113.333336	121.0	119.0	105.0	114.666664	127.333336	129.66667	128.0	122.333336	116.333336	108.666664	101.0	
71.333336	60.0	100.0	104.666664	108.333336	117.333336	123.0	126.333336	124.0	115.666664	105.666664	116.666664	125.666664	118.0	103.666664	86.666664	93.0	121.333336	143.66667	145.33333	128.66667	99.333336	71.333336	79.666664	105.666664	124.0	131.66667	111.666664	95.0	107.0	114.0	115.333336	112.333336	107.0	102.0	102.0	
95.0	65.666664	101.666664	104.0	99.666664	105.333336	111.0	113.333336	107.666664	92.333336	102.333336	120.333336	128.66667	124.0	103.333336	79.666664	71.333336	83.333336	104.333336	112.0	98.666664	77.0	78.0	102.0	122.666664	133.66667	137.0	128.0	102.333336	82.666664	95.666664	104.333336	106.333336	105.333336	103.666664	106.333336	
102.0	70.333336	97.0	106.666664	98.666664	100.666664	102.666664	97.333336	82.0	82.333336	113.333336	127.333336	133.0	134.33333	129.0	120.0	102.333336	81.666664	73.666664	74.0	75.0	89.0	115.333336	137.66667	145.66667	146.0	140.0	133.0	114.333336	94.666664	98.0	111.0	113.666664	111.666664	109.333336	108.0	
68.333336	48.666668	82.666664	108.333336	103.666664	105.666664	107.333336	103.0	88.666664	90.0	101.0	120.0	133.66667	141.33333	140.0	134.33333	126.0	112.666664	100.333336	95.0	99.333336	119.0	139.33333	148.66667	147.0	141.33333	127.333336	104.666664	95.0	118.333336	126.0	133.33333	126.666664	117.666664	113.0	100.666664	
55.0	48.666668	64.666664	104.0	108.666664	111.333336	119.333336	124.666664	115.666664	107.0	84.333336	71.666664	90.333336	115.666664	127.666664	130.0	133.33333	139.0	141.0	143.33333	145.0	141.0	134.33333	127.0	115.666664	100.0	72.333336	72.666664	112.666664	136.66667	141.33333	138.66667	128.33333	118.333336	112.0	86.333336	
61.333332	55.0	54.666668	90.666664	108.666664	111.0	123.666664	136.33333	132.33333	127.0	117.0	80.333336	52.333332	76.666664	87.333336	82.666664	81.666664	89.0	96.666664	95.333336	95.0	85.333336	80.666664	83.666664	88.333336	87.666664	77.666664	109.333336	139.0	143.33333	146.0	136.33333	122.666664	116.0	106.666664	60.333332	
66.0	60.333332	50.666668	68.333336	101.333336	108.333336	118.333336	134.33333	142.33333	134.0	128.66667	112.0	86.666664	82.666664	101.666664	110.0	112.666664	120.666664	136.33333	119.333336	141.33333	133.33333	130.33333	125.333336	107.333336	97.0	108.0	134.33333	142.33333	146.33333	146.33333	132.66667	120.0	114.333336	91.333336	33.666668	
58.333332	57.333332	54.0	52.666668	90.666664	106.333336	113.333336	128.33333	143.0	135.66667	122.666664	120.666664	113.333336	105.333336	120.333336	120.666664	118.0	142.0	163.33333	157.0	168.0	150.33333	127.666664	121.0	120.333336	108.333336	123.333336	138.33333	143.66667	150.0	140.66667	126.333336	117.333336	107.333336	62.666668	15.666667	
58.666668	59.333332	58.333332	52.0	92.666664	104.666664	109.666664	118.666664	138.0	143.0	130.66667	123.666664	115.666664	115.0	121.333336	135.0	142.33333	144.33333	142.0	138.33333	141.66667	138.66667	140.0	137.0	118.0	116.333336	130.0	140.0	147.66667	150.66667	135.33333	120.333336	113.666664	90.666664	38.666668	13.666667	
56.0	56.333332	58.0	55.666668	98.333336	111.666664	104.666664	110.333336	128.33333	144.0	138.0	128.0	121.333336	111.333336	112.0	119.333336	127.666664	140.0	143.66667	139.66667	136.66667	134.33333	137.0	121.666664	114.333336	119.666664	132.33333	142.66667	150.0	147.33333	130.33333	117.0	104.666664	67.0	33.333332	17.333334	
55.333332	57.333332	56.666668	57.666668	101.0	124.0	108.333336	106.666664	118.333336	144.0	141.66667	132.33333	126.333336	116.333336	104.333336	108.666664	130.0	149.66667	152.66667	153.33333	154.33333	147.0	129.66667	107.333336	112.666664	122.666664	134.33333	145.66667	147.0	140.33333	121.333336	109.0	90.0	55.0	41.666668	25.333334	
55.333332	57.333332	54.333332	56.0	101.666664	130.0	122.333336	109.0	109.333336	133.66667	145.66667	137.33333	133.66667	126.0	117.333336	105.666664	101.0	100.666664	103.666664	107.0	106.333336	104.333336	106.666664	115.333336	120.333336	128.0	144.66667	147.66667	141.66667	128.33333	110.0	102.0	83.333336	52.666668	50.0	35.666668	
55.0	56.666668	55.666668	56.333332	103.666664	129.33333	129.33333	122.0	107.666664	114.666664	138.0	139.33333	143.33333	134.33333	126.0	122.333336	117.0	110.666664	111.666664	112.0	112.333336	116.333336	120.333336	125.333336	129.0	141.66667	152.0	143.66667	131.0	114.333336	101.0	99.333336	75.333336	52.333332	51.666668	41.666668	
55.666668	55.333332	55.666668	59.0	108.333336	131.0	131.33333	132.0	120.666664	107.0	118.666664	132.66667	148.33333	148.33333	139.66667	135.33333	132.33333	129.0	128.0	128.0	129.33333	132.66667	135.33333	140.0	145.33333	157.0	153.0	134.0	116.333336	104.666664	102.0	102.666664	68.666664	53.333332	54.666668	51.0	
54.333332	55.0	55.666668	62.0	116.0	138.0	137.0	135.0	132.0	119.333336	108.0	117.666664	139.66667	157.33333	152.66667	147.0	145.33333	145.33333	148.33333	152.0	151.33333	152.66667	156.33333	157.0	160.66667	161.33333	141.66667	118.0	104.0	104.666664	106.0	100.333336	66.333336	53.333332	54.0	53.666668	
54.0	56.0	56.0	69.333336	123.0	140.33333	144.0	142.66667	136.66667	130.66667	117.666664	107.666664	120.0	148.0	157.66667	158.66667	161.33333	163.33333	163.0	165.0	166.33333	168.0	168.66667	166.33333	162.66667	148.66667	122.333336	104.0	107.333336	109.666664	109.0	99.0	63.0	53.666668	54.333332	54.666668	
52.666668	54.666668	54.333332	78.0	129.33333	143.33333	148.66667	150.0	144.33333	136.66667	128.0	115.666664	107.0	121.333336	143.66667	158.33333	164.33333	171.66667	170.66667	165.66667	166.0	166.66667	165.0	161.66667	146.33333	124.0	106.333336	106.666664	113.666664	113.666664	114.333336	101.0	61.333332	53.666668	55.333332	55.666668	
53.666668	55.666668	56.333332	92.333336	133.33333	145.33333	151.66667	153.66667	152.33333	145.0	134.66667	127.333336	114.666664	106.0	117.666664	137.33333	150.33333	155.33333	153.66667	150.66667	148.0	147.33333	145.33333	135.66667	117.0	106.666664	108.0	112.0	117.666664	121.333336	120.0	101.333336	61.333332	53.666668	54.666668	53.333332	
55.0	56.666668	63.0	110.666664	136.0	147.66667	151.33333	153.66667	156.33333	155.0	144.33333	133.0	127.333336	113.666664	100.333336	103.333336	118.0	125.0	127.0	126.666664	125.0	121.0	113.333336	105.0	103.666664	108.666664	113.0	114.333336	122.333336	126.666664	120.666664	102.666664	61.333332	53.0	53.333332	52.666668	
