110.333336	109.666664	111.0	114.666664	121.666664	130.66667	134.33333	136.0	143.0	147.66667	154.66667	161.66667	165.0	170.33333	175.0	175.66667	175.66667	177.0	176.0	182.33333	185.0	186.66667	190.0	192.33333	191.33333	184.66667	176.0	171.33333	166.66667	158.66667	149.33333	142.0	130.33333	117.0	77.333336	42.0	
107.333336	105.666664	111.666664	119.333336	128.33333	133.0	133.66667	136.33333	147.0	153.33333	160.0	167.33333	170.66667	173.33333	177.66667	179.66667	181.66667	185.0	187.0	187.33333	185.33333	185.33333	188.33333	189.0	185.0	180.33333	175.33333	166.33333	160.66667	157.0	153.33333	147.66667	137.33333	126.333336	100.666664	60.333332	
106.333336	108.0	116.666664	126.0	133.0	135.66667	135.0	137.66667	151.33333	161.66667	167.66667	176.66667	179.33333	178.66667	179.0	181.33333	184.0	186.66667	186.33333	184.33333	182.66667	182.0	183.66667	185.0	181.33333	177.0	173.0	162.33333	157.0	154.66667	153.66667	150.66667	138.66667	127.666664	120.0	91.666664	
107.666664	112.666664	122.0	130.33333	133.33333	135.0	136.33333	139.66667	152.66667	162.33333	173.0	185.0	185.66667	184.0	183.0	183.0	185.0	184.33333	181.66667	182.0	182.66667	181.33333	179.66667	180.66667	178.33333	175.33333	168.33333	160.66667	156.0	154.66667	153.33333	150.66667	140.33333	129.66667	125.0	115.333336	
109.0	115.0	122.666664	130.66667	133.33333	135.66667	139.33333	142.66667	150.33333	161.0	173.0	186.33333	187.33333	186.33333	183.66667	182.0	182.33333	181.0	178.66667	180.0	179.0	176.33333	175.0	176.33333	175.33333	172.0	163.66667	158.66667	154.66667	155.33333	156.0	153.33333	141.0	129.0	125.333336	127.333336	
113.0	116.666664	120.0	128.0	134.0	135.66667	140.0	142.66667	147.66667	157.33333	167.0	176.0	181.0	182.33333	180.66667	179.66667	178.66667	176.0	174.33333	173.33333	174.33333	172.33333	171.33333	171.33333	169.66667	166.66667	162.0	159.33333	156.66667	155.66667	155.66667	154.0	140.66667	126.666664	124.333336	119.666664	
118.0	121.0	119.666664	126.0	135.66667	140.33333	143.66667	143.33333	147.0	153.0	161.33333	167.33333	174.0	178.0	177.33333	176.0	175.66667	174.0	171.66667	170.66667	171.33333	168.66667	169.33333	169.66667	168.0	166.33333	165.33333	163.66667	160.33333	156.33333	155.0	153.66667	141.33333	126.333336	124.666664	116.0	
120.0	120.666664	120.0	124.666664	135.66667	145.0	148.66667	146.33333	147.33333	150.33333	159.33333	166.33333	171.0	174.33333	175.0	174.66667	173.33333	172.33333	171.0	170.0	170.0	170.33333	173.0	175.33333	172.33333	169.0	168.0	166.66667	160.0	155.0	152.0	148.33333	139.66667	125.666664	123.666664	113.666664	
123.0	119.333336	118.0	122.666664	134.33333	148.66667	153.66667	151.66667	151.33333	153.0	158.33333	163.66667	170.66667	173.33333	174.0	175.33333	175.0	175.66667	172.66667	171.0	172.33333	173.33333	173.66667	174.33333	172.0	168.0	168.0	167.66667	159.0	153.33333	150.66667	146.66667	136.66667	126.666664	122.333336	107.333336	
123.0	120.333336	115.666664	121.666664	134.0	148.0	152.0	153.66667	156.0	160.66667	163.33333	166.33333	170.33333	169.66667	169.0	173.33333	176.66667	175.33333	171.0	169.66667	172.0	173.66667	174.66667	174.66667	168.0	166.33333	167.0	161.33333	156.0	154.66667	153.33333	148.66667	140.33333	129.0	119.333336	103.666664	
119.333336	118.333336	116.666664	120.666664	134.66667	146.0	150.33333	155.66667	159.33333	164.66667	169.33333	169.0	171.33333	167.0	161.66667	163.66667	174.0	174.66667	169.66667	169.0	168.66667	170.66667	172.0	173.33333	166.33333	164.66667	165.0	159.33333	156.33333	156.66667	156.66667	151.66667	141.66667	132.66667	119.666664	102.0	
118.0	115.666664	116.666664	120.666664	137.33333	145.66667	151.66667	157.0	159.33333	168.33333	173.0	170.0	168.33333	169.0	164.66667	163.33333	171.0	172.0	165.33333	164.0	160.66667	162.0	164.33333	169.33333	167.0	165.66667	166.66667	159.66667	156.0	152.66667	148.66667	142.0	133.33333	125.333336	119.333336	102.333336	
118.666664	112.333336	116.666664	126.0	140.33333	139.33333	139.66667	140.66667	146.33333	157.33333	164.0	166.33333	166.33333	169.66667	168.33333	168.0	167.66667	161.33333	156.33333	158.33333	157.0	152.66667	154.33333	158.66667	162.33333	160.33333	158.66667	145.66667	127.333336	110.333336	96.666664	89.0	88.666664	89.333336	96.0	102.333336	
114.666664	109.0	116.666664	127.0	123.666664	105.0	95.0	102.333336	100.333336	100.333336	102.666664	115.333336	128.66667	145.33333	160.33333	163.33333	156.66667	145.33333	145.66667	150.66667	149.0	143.0	141.66667	146.0	147.66667	137.66667	116.0	89.333336	67.666664	59.0	59.0	69.666664	79.666664	91.333336	89.666664	101.666664	
108.666664	108.0	112.333336	119.0	92.0	78.333336	79.0	70.666664	61.666668	59.333332	60.0	59.333332	66.666664	75.333336	105.333336	135.0	138.66667	133.0	136.0	140.66667	140.66667	136.66667	131.0	128.0	114.666664	90.333336	69.333336	60.333332	64.0	78.0	94.0	102.333336	103.333336	108.666664	105.666664	106.333336	
107.0	107.333336	110.0	107.666664	98.666664	109.0	118.333336	120.333336	114.666664	100.333336	80.666664	59.666668	50.0	49.333332	60.666668	88.0	110.666664	123.0	139.0	146.33333	146.66667	137.33333	120.333336	98.666664	85.0	78.0	74.0	71.666664	64.0	67.666664	74.666664	81.0	91.0	101.666664	103.0	108.0	
107.666664	107.666664	106.666664	103.0	116.333336	127.666664	132.33333	127.0	116.333336	107.333336	96.333336	89.333336	75.0	71.666664	74.333336	77.666664	88.333336	122.666664	146.33333	157.33333	160.66667	144.66667	111.0	93.333336	95.333336	88.666664	98.0	103.333336	70.0	44.0	41.333332	49.333332	55.0	84.666664	100.333336	107.333336	
111.333336	110.666664	109.0	113.666664	123.333336	126.0	116.666664	104.0	103.333336	97.0	83.666664	69.333336	53.666668	65.0	79.333336	96.0	101.0	110.666664	139.0	161.0	169.66667	159.33333	114.666664	104.0	108.333336	110.0	151.66667	158.0	91.666664	62.0	71.0	82.333336	72.666664	91.0	109.0	113.0	
111.0	116.333336	117.0	121.333336	122.0	114.0	99.333336	89.666664	89.666664	125.333336	103.333336	66.666664	53.666668	80.333336	90.666664	104.666664	118.333336	111.0	125.333336	150.0	164.66667	164.33333	130.33333	110.0	123.666664	137.33333	151.0	154.66667	135.66667	120.666664	109.666664	105.0	103.333336	113.333336	129.0	130.0	
114.0	123.0	129.66667	134.0	127.333336	116.666664	94.0	83.666664	116.0	165.33333	139.66667	95.0	103.0	121.666664	123.666664	132.33333	128.66667	118.333336	121.0	140.66667	158.33333	167.66667	148.66667	116.666664	127.0	146.66667	149.66667	144.66667	136.66667	131.33333	123.0	127.0	132.0	136.33333	149.0	147.0	
117.333336	126.666664	139.66667	148.0	143.0	134.0	121.666664	122.0	133.33333	145.66667	146.66667	140.33333	137.33333	136.33333	139.66667	142.0	132.33333	124.333336	121.333336	137.0	160.33333	173.33333	162.66667	126.0	123.666664	135.33333	146.33333	146.33333	146.33333	144.66667	145.66667	150.0	146.0	147.66667	152.66667	147.0	
114.333336	127.333336	142.0	150.66667	152.33333	146.66667	142.0	138.66667	141.0	143.66667	145.66667	144.33333	142.0	143.66667	143.0	140.33333	136.33333	126.0	122.0	133.33333	157.33333	172.0	170.33333	136.66667	128.66667	137.0	143.66667	148.66667	154.66667	158.66667	161.66667	160.33333	155.66667	152.0	149.0	142.0	
112.333336	128.33333	142.0	150.33333	154.33333	151.0	148.33333	150.33333	151.0	154.0	160.33333	161.33333	156.66667	152.33333	149.0	149.66667	136.0	125.666664	120.666664	129.66667	154.66667	170.33333	175.66667	150.66667	132.66667	141.0	152.33333	155.33333	158.33333	162.33333	163.0	161.66667	155.0	149.33333	146.0	138.0	
109.0	123.333336	137.66667	146.33333	151.0	152.33333	154.66667	157.33333	158.66667	159.33333	164.0	167.66667	164.66667	160.66667	156.33333	148.66667	135.0	124.666664	120.0	126.333336	152.0	168.66667	177.0	162.66667	142.0	148.66667	156.0	158.33333	155.33333	155.0	157.33333	155.0	148.0	143.0	140.33333	131.0	
104.333336	116.333336	131.0	139.66667	145.33333	151.66667	158.33333	162.0	164.33333	165.66667	171.66667	174.66667	168.0	163.66667	157.66667	145.0	132.33333	123.333336	119.0	129.33333	152.0	166.66667	174.66667	168.66667	148.66667	152.33333	159.0	161.0	154.66667	151.33333	150.0	148.33333	140.66667	130.66667	128.0	122.0	
101.333336	111.0	123.0	130.66667	138.33333	148.66667	154.66667	159.66667	165.66667	172.33333	175.0	168.66667	161.0	161.33333	157.66667	147.33333	132.66667	122.666664	113.666664	129.66667	152.33333	164.33333	169.33333	164.0	148.0	147.66667	160.0	163.66667	157.66667	153.33333	147.33333	143.66667	133.33333	127.666664	122.333336	113.0	
97.0	107.333336	119.666664	127.333336	134.33333	144.33333	149.0	153.66667	156.66667	160.33333	161.33333	156.0	161.33333	164.0	160.66667	147.66667	127.0	113.333336	111.333336	129.0	148.66667	159.0	160.33333	151.0	135.0	133.33333	153.33333	158.66667	156.66667	157.66667	148.0	141.33333	132.0	126.0	122.0	111.666664	
88.666664	105.666664	117.0	125.666664	131.66667	139.33333	143.0	146.33333	150.0	153.33333	155.33333	155.33333	163.33333	168.0	166.0	149.66667	119.666664	111.0	114.666664	120.333336	130.33333	140.33333	140.66667	128.66667	115.333336	118.666664	140.0	153.33333	155.0	154.33333	148.33333	140.33333	131.0	124.666664	119.333336	114.0	
73.333336	103.0	113.666664	123.0	130.0	136.0	135.66667	138.66667	144.66667	147.33333	149.0	154.33333	165.0	171.33333	166.33333	148.66667	115.0	113.666664	116.0	101.0	100.666664	118.333336	123.666664	112.0	90.0	106.666664	132.33333	147.0	151.33333	148.33333	145.33333	137.0	130.0	125.0	117.333336	114.333336	
56.0	95.333336	110.666664	120.0	129.33333	133.33333	132.0	133.66667	137.66667	141.0	144.66667	150.66667	161.66667	167.66667	162.66667	148.66667	113.666664	111.333336	99.333336	59.333332	62.333332	91.666664	105.333336	92.333336	79.0	104.666664	136.0	148.33333	149.66667	145.0	142.0	138.0	131.66667	127.333336	119.333336	113.333336	
46.666668	85.333336	110.0	116.333336	126.0	131.33333	129.33333	129.33333	133.0	135.66667	142.0	150.66667	161.0	164.0	161.0	149.33333	120.333336	103.333336	97.666664	91.333336	104.333336	105.666664	100.666664	91.666664	86.0	113.333336	140.66667	150.0	151.66667	145.66667	142.0	140.0	136.0	130.33333	120.333336	112.666664	
53.0	70.666664	104.0	115.666664	123.0	125.333336	126.666664	127.666664	130.33333	135.0	142.0	149.33333	158.33333	161.33333	159.66667	147.33333	128.66667	109.666664	102.666664	106.666664	130.0	128.33333	121.0	114.666664	108.333336	117.666664	135.0	148.0	150.66667	150.0	146.33333	140.66667	134.0	130.0	123.0	114.0	
61.0	54.333332	95.333336	112.666664	123.0	123.666664	123.333336	124.666664	129.66667	136.0	140.66667	147.33333	155.66667	159.33333	150.33333	136.66667	130.66667	119.666664	107.0	113.0	127.333336	124.666664	126.0	118.666664	117.666664	121.666664	127.333336	139.0	146.0	146.33333	149.0	144.33333	135.33333	127.666664	122.666664	113.666664	
76.333336	52.0	91.333336	108.666664	120.333336	121.666664	118.666664	120.0	131.0	136.66667	138.66667	147.33333	155.66667	153.0	139.66667	130.66667	129.0	124.0	123.0	127.666664	128.66667	131.66667	129.66667	124.333336	128.33333	126.0	124.666664	126.333336	130.33333	126.333336	136.66667	146.0	137.33333	125.0	118.666664	111.333336	
109.666664	62.666668	85.666664	106.333336	116.666664	118.333336	116.0	116.666664	125.333336	131.0	138.0	148.66667	151.0	140.0	131.33333	124.333336	119.333336	125.0	126.666664	133.0	143.33333	151.33333	142.0	140.66667	146.33333	142.66667	136.66667	134.33333	126.666664	119.0	128.0	138.66667	138.33333	126.0	116.0	107.666664	
129.33333	89.666664	84.0	101.333336	111.333336	113.666664	112.666664	114.0	120.0	125.333336	135.66667	143.0	138.0	134.33333	132.66667	127.666664	127.666664	135.33333	139.66667	137.66667	142.33333	150.0	152.66667	144.66667	124.0	112.333336	115.666664	126.333336	129.66667	120.666664	121.666664	126.0	131.33333	121.666664	112.333336	105.666664	
112.666664	96.666664	85.0	94.666664	106.333336	107.666664	108.333336	111.333336	116.0	121.0	131.33333	131.0	126.333336	130.66667	136.0	137.0	137.66667	135.66667	124.0	107.0	103.666664	105.666664	102.333336	90.0	78.333336	74.333336	76.333336	87.0	96.333336	106.333336	113.666664	115.333336	123.666664	116.0	106.666664	102.666664	
55.666668	64.666664	80.666664	91.666664	103.333336	106.666664	106.333336	108.666664	110.0	115.333336	124.666664	117.666664	124.0	133.66667	133.66667	127.333336	121.333336	102.666664	82.0	76.0	79.0	78.333336	78.0	80.333336	88.666664	92.666664	94.0	89.333336	103.0	121.666664	123.666664	116.666664	118.333336	110.333336	105.0	99.333336	
14.0	43.0	77.333336	88.0	97.0	102.666664	107.0	107.0	107.0	111.666664	120.333336	113.0	122.666664	128.33333	119.666664	100.666664	88.333336	85.0	91.333336	101.333336	110.0	113.666664	117.333336	122.333336	127.666664	127.0	125.333336	125.0	132.33333	133.66667	126.0	116.666664	113.0	105.333336	101.0	94.0	
13.666667	48.0	81.666664	86.0	90.666664	98.0	105.666664	104.333336	104.333336	108.333336	115.0	115.333336	122.0	130.0	130.0	121.0	117.333336	120.0	127.333336	129.66667	134.0	129.66667	123.666664	126.0	123.0	116.666664	120.0	122.666664	127.0	126.333336	121.333336	114.333336	107.666664	100.666664	96.0	82.666664	
17.0	51.333332	94.666664	86.333336	84.666664	92.333336	99.666664	100.333336	102.0	105.0	110.666664	113.666664	124.0	137.33333	134.66667	129.33333	132.33333	132.0	132.66667	129.66667	121.666664	110.0	105.333336	104.333336	106.333336	108.666664	119.333336	119.666664	121.666664	117.666664	114.0	109.0	104.666664	96.0	92.0	68.333336	
26.0	54.0	102.666664	92.333336	78.666664	81.333336	90.666664	97.666664	101.333336	101.666664	106.0	112.0	121.0	132.0	133.0	128.33333	131.33333	129.0	127.333336	121.666664	112.0	107.333336	101.0	94.0	106.0	118.333336	123.666664	123.0	120.0	113.666664	108.666664	106.0	102.333336	93.0	89.333336	88.0	
39.666668	60.333332	102.666664	103.0	78.333336	75.666664	85.666664	92.333336	98.333336	101.333336	105.0	112.666664	120.666664	127.333336	129.0	129.33333	129.66667	130.66667	126.333336	121.0	122.0	122.0	113.666664	103.333336	113.333336	131.0	132.0	129.66667	124.333336	113.666664	108.0	105.666664	100.333336	90.666664	91.333336	123.0	
54.0	74.0	103.0	108.0	87.666664	67.666664	74.666664	87.0	94.666664	98.333336	100.0	108.333336	117.666664	121.666664	126.0	127.333336	128.66667	133.66667	130.66667	132.0	134.33333	137.0	128.0	111.666664	119.666664	136.33333	131.33333	127.666664	124.333336	119.0	113.0	102.0	95.333336	85.0	97.333336	143.0	
66.0	88.333336	101.0	109.666664	100.666664	70.666664	59.666668	75.0	87.666664	95.333336	96.666664	102.666664	112.333336	117.0	122.666664	125.666664	128.0	131.0	133.0	136.33333	135.33333	137.33333	133.66667	122.333336	117.333336	131.0	120.0	113.333336	115.0	117.666664	109.333336	98.666664	88.0	84.666664	110.666664	134.33333	
72.333336	93.666664	101.666664	110.0	109.0	87.666664	64.333336	62.333332	73.666664	88.0	91.666664	96.333336	105.666664	114.0	119.0	123.0	126.333336	124.666664	123.0	126.333336	128.33333	129.0	129.0	123.0	110.0	120.0	115.0	104.333336	106.0	107.0	100.333336	89.333336	82.333336	104.0	115.666664	101.666664	
76.666664	96.0	103.333336	112.0	112.0	102.666664	85.0	65.333336	57.666668	68.0	83.333336	89.666664	95.0	101.666664	110.666664	115.666664	118.666664	117.666664	113.333336	115.333336	111.666664	110.333336	115.333336	106.333336	101.666664	99.333336	107.333336	101.666664	106.0	95.333336	88.666664	78.333336	96.0	116.666664	135.0	163.33333	
77.333336	96.333336	102.333336	112.0	113.666664	111.333336	99.666664	80.333336	63.333332	53.333332	62.0	78.0	85.0	88.666664	97.0	104.0	105.333336	105.0	103.666664	106.333336	102.0	98.333336	102.0	101.0	97.333336	93.0	92.0	84.666664	91.0	81.666664	73.333336	85.666664	112.666664	120.0	134.0	180.66667	
76.333336	95.666664	100.0	108.666664	113.0	115.0	104.0	89.333336	77.333336	65.666664	60.666668	59.333332	63.0	72.666664	83.0	89.333336	89.0	87.666664	88.333336	89.333336	86.0	93.0	93.666664	92.666664	81.0	80.0	76.0	75.333336	76.0	74.0	82.333336	103.333336	117.666664	122.666664	121.666664	137.0	
