56.666668	52.333332	59.0	74.0	66.333336	65.333336	79.666664	125.0	172.66667	195.66667	215.33333	224.33333	231.0	233.33333	234.0	237.0	236.33333	237.33333	237.0	235.66667	236.33333	237.33333	239.33333	241.0	240.0	238.66667	239.0	242.66667	240.33333	210.66667	142.0	100.0	105.0	89.333336	53.666668	35.333332	
56.666668	49.0	60.666668	68.0	62.0	66.333336	86.333336	143.0	187.33333	203.66667	221.0	229.66667	233.33333	235.33333	237.0	238.66667	238.33333	237.33333	237.66667	236.66667	235.33333	236.66667	238.66667	241.33333	242.66667	242.33333	241.66667	242.33333	243.66667	229.33333	168.66667	121.333336	118.333336	101.666664	60.666668	36.666668	
53.666668	51.333332	58.0	59.666668	59.333332	71.333336	108.666664	172.0	203.33333	213.0	227.0	235.0	237.0	238.0	240.0	241.66667	242.66667	240.33333	238.33333	239.66667	239.0	239.0	240.66667	243.0	246.33333	246.0	245.0	245.33333	244.33333	239.33333	194.0	141.0	126.666664	101.666664	57.333332	35.333332	
52.0	52.333332	50.0	56.333332	61.0	88.0	141.33333	194.0	213.66667	220.33333	229.0	236.0	239.33333	241.66667	243.0	243.33333	245.33333	244.0	241.33333	241.33333	241.33333	241.66667	241.33333	243.33333	245.0	245.66667	247.0	247.33333	246.33333	244.33333	217.33333	148.0	117.333336	84.333336	47.0	34.333332	
50.666668	46.666668	48.666668	57.666668	74.333336	115.666664	166.66667	207.33333	219.33333	224.66667	231.66667	237.0	240.33333	243.66667	244.0	243.33333	244.66667	244.66667	242.66667	241.0	242.0	242.66667	241.0	242.0	244.0	245.33333	246.33333	247.66667	247.66667	245.66667	234.66667	164.33333	106.0	66.333336	40.333332	35.333332	
48.0	41.0	54.0	67.333336	102.666664	152.0	192.33333	217.0	223.33333	225.0	232.66667	237.33333	242.33333	245.0	244.33333	243.33333	243.66667	243.66667	242.33333	241.33333	242.33333	243.0	241.66667	242.33333	244.66667	245.66667	246.33333	247.33333	247.66667	246.0	240.66667	190.33333	104.0	61.666668	40.666668	36.333332	
43.666668	42.0	61.666668	84.666664	138.66667	182.66667	210.66667	221.33333	226.33333	225.33333	232.0	236.33333	241.66667	244.0	243.0	242.33333	242.33333	242.0	241.66667	241.33333	242.33333	243.0	241.66667	243.33333	245.33333	246.33333	247.66667	249.33333	249.66667	248.33333	244.66667	213.0	114.333336	63.333332	41.0	35.333332	
41.333332	49.0	72.666664	108.666664	169.66667	202.66667	220.33333	225.0	228.66667	228.0	231.66667	236.0	240.66667	243.33333	243.66667	243.0	242.66667	242.0	241.0	241.33333	243.33333	243.0	241.66667	242.66667	246.0	247.33333	249.0	249.0	249.33333	249.0	245.66667	229.66667	141.33333	69.666664	38.666668	30.0	
47.0	59.666668	90.666664	141.0	187.66667	211.33333	224.66667	228.0	230.33333	230.33333	231.66667	236.0	240.33333	244.0	245.0	243.33333	242.33333	241.0	240.66667	242.33333	243.66667	243.0	242.0	241.66667	245.33333	247.66667	249.33333	249.66667	250.0	249.33333	246.66667	239.66667	171.33333	84.0	41.0	24.666666	
59.0	73.666664	115.0	164.66667	192.33333	212.66667	225.0	229.0	231.66667	233.0	234.0	236.33333	240.33333	243.66667	245.0	244.66667	243.33333	242.33333	241.0	242.66667	243.66667	243.0	241.33333	241.33333	243.66667	245.66667	248.66667	249.0	249.0	248.33333	247.0	242.0	183.66667	100.666664	55.0	26.0	
70.0	92.0	141.33333	175.33333	193.66667	211.33333	222.66667	231.0	234.66667	235.66667	237.0	239.66667	242.33333	244.66667	245.66667	247.0	246.0	243.33333	241.33333	241.0	242.33333	242.0	239.33333	238.66667	239.66667	240.0	243.66667	245.66667	247.0	246.66667	246.33333	242.0	190.33333	114.666664	77.333336	37.333332	
78.666664	116.333336	158.66667	178.66667	194.33333	207.0	220.66667	230.66667	235.66667	235.66667	236.0	240.0	243.33333	245.0	245.66667	245.0	242.66667	240.66667	238.66667	238.66667	239.66667	239.66667	238.0	236.0	235.66667	236.0	239.66667	241.33333	243.66667	244.66667	243.66667	242.0	191.33333	116.333336	92.666664	54.333332	
96.666664	138.0	164.33333	180.66667	192.66667	202.66667	217.0	225.33333	223.33333	215.33333	212.66667	215.0	218.33333	220.33333	224.33333	226.33333	225.33333	230.33333	234.33333	234.0	233.66667	234.33333	235.66667	231.66667	231.66667	230.0	230.0	219.33333	210.66667	214.33333	217.0	221.66667	189.0	115.333336	98.0	66.333336	
115.0	147.0	168.33333	181.66667	189.66667	198.66667	204.66667	194.0	181.33333	182.33333	183.0	173.33333	159.33333	157.33333	165.0	170.66667	182.66667	205.66667	223.66667	227.66667	229.33333	230.0	231.0	225.33333	220.33333	214.0	200.66667	166.66667	143.66667	146.66667	163.33333	183.33333	179.0	125.333336	91.666664	64.0	
128.0	152.66667	171.33333	179.66667	182.0	176.0	166.66667	160.66667	173.66667	199.0	211.66667	199.0	176.66667	167.0	167.66667	167.66667	173.66667	192.0	210.33333	221.33333	227.33333	226.33333	224.33333	216.33333	205.66667	191.66667	172.66667	152.0	146.33333	156.33333	177.0	189.0	175.0	130.0	86.666664	58.333332	
137.0	156.66667	172.66667	172.33333	160.33333	150.33333	158.0	179.33333	206.0	224.33333	232.33333	227.33333	218.33333	212.33333	207.0	201.0	193.33333	195.66667	205.33333	215.66667	226.0	226.0	223.66667	215.0	199.0	186.66667	182.66667	187.66667	197.0	205.33333	211.0	210.0	190.33333	137.33333	86.333336	62.666668	
142.66667	158.0	169.33333	162.33333	159.33333	175.0	193.33333	199.0	198.33333	199.33333	198.33333	190.33333	186.0	188.0	192.0	203.33333	204.0	199.33333	204.66667	216.33333	227.33333	232.33333	232.66667	219.33333	197.0	191.33333	190.66667	191.66667	192.33333	200.66667	207.66667	213.66667	207.33333	142.33333	81.666664	72.666664	
145.33333	160.33333	175.33333	178.0	190.66667	200.66667	191.33333	158.33333	131.0	123.666664	120.333336	118.333336	132.33333	140.33333	151.33333	175.0	202.33333	205.66667	203.33333	213.33333	227.66667	238.33333	239.0	220.66667	191.66667	174.33333	156.0	135.33333	135.33333	151.33333	176.33333	188.66667	200.66667	130.33333	75.333336	77.666664	
151.0	167.0	187.33333	196.66667	201.66667	193.0	156.33333	105.333336	81.666664	93.0	108.0	131.0	171.33333	157.33333	136.33333	155.0	183.33333	196.33333	200.0	208.66667	222.66667	237.33333	241.66667	219.33333	167.33333	131.0	109.0	99.333336	103.333336	113.666664	125.0	144.0	174.33333	113.666664	65.333336	68.666664	
159.66667	176.0	197.66667	206.33333	201.33333	196.0	168.33333	137.33333	128.66667	142.0	149.0	155.0	179.66667	178.66667	156.0	160.33333	188.33333	191.33333	194.66667	207.66667	218.33333	230.66667	238.33333	220.0	165.0	136.66667	125.666664	130.66667	143.66667	150.0	114.333336	123.666664	145.0	100.666664	57.666668	45.666668	
166.0	186.0	205.33333	212.33333	211.0	210.66667	205.66667	196.0	188.0	189.0	186.0	181.0	176.0	181.33333	184.66667	187.66667	196.66667	199.66667	201.33333	209.0	218.33333	229.0	234.33333	231.0	196.33333	169.0	163.66667	166.66667	167.33333	169.33333	176.33333	190.66667	185.66667	120.0	54.666668	29.0	
168.66667	191.0	207.33333	213.66667	215.33333	219.0	218.66667	215.33333	212.0	211.33333	209.33333	207.0	203.66667	201.33333	200.0	198.66667	200.66667	207.0	210.66667	216.0	219.0	224.0	230.0	236.33333	227.66667	207.66667	197.66667	194.66667	196.33333	202.66667	213.66667	222.33333	220.66667	151.66667	63.666668	23.666666	
166.33333	188.0	203.33333	212.33333	218.66667	223.33333	223.66667	222.66667	222.33333	219.0	214.33333	213.0	212.33333	210.66667	208.66667	208.0	213.66667	214.66667	215.66667	219.0	216.0	219.66667	228.0	233.66667	236.33333	231.66667	223.33333	215.66667	211.66667	210.66667	215.66667	224.66667	231.33333	174.0	62.0	18.0	
159.33333	179.0	197.0	212.0	222.33333	227.33333	229.33333	227.66667	224.66667	221.33333	217.0	215.33333	216.0	217.33333	218.0	220.66667	221.66667	220.0	221.0	216.66667	212.66667	217.33333	226.0	231.0	237.33333	238.0	237.33333	231.0	223.0	219.33333	219.66667	225.0	233.66667	187.0	53.666668	15.0	
151.66667	169.33333	187.66667	202.66667	214.66667	224.66667	229.33333	231.33333	229.33333	226.66667	225.66667	224.66667	225.0	226.66667	226.66667	225.66667	223.66667	221.33333	215.0	208.66667	209.0	218.66667	225.33333	227.66667	232.0	234.66667	240.0	237.66667	232.33333	227.33333	226.0	228.0	234.66667	205.0	69.0	22.333334	
142.66667	163.0	180.66667	194.0	205.66667	218.66667	226.0	228.0	230.0	231.66667	229.33333	226.33333	226.66667	227.0	226.66667	225.66667	220.66667	215.66667	209.66667	203.0	208.66667	220.0	226.33333	229.66667	231.66667	238.33333	242.66667	239.33333	239.0	236.0	237.0	237.33333	240.0	221.33333	95.333336	29.0	
138.0	159.0	177.0	190.0	203.66667	213.33333	219.33333	226.0	232.33333	234.66667	232.66667	230.33333	229.66667	230.33333	225.66667	215.33333	210.33333	207.66667	210.33333	212.0	212.0	214.33333	218.66667	229.66667	233.0	234.33333	232.33333	228.33333	232.33333	238.33333	239.66667	242.0	243.33333	228.0	116.333336	33.0	
135.0	154.33333	173.0	186.33333	198.66667	207.33333	215.66667	225.66667	231.33333	233.0	234.66667	234.0	233.66667	229.0	217.66667	208.33333	204.33333	194.0	202.66667	208.66667	203.33333	195.33333	196.0	209.33333	216.33333	217.0	216.66667	214.66667	214.66667	227.0	235.0	243.0	243.66667	230.66667	132.33333	37.666668	
120.0	137.33333	156.66667	181.33333	192.66667	201.0	211.0	221.66667	227.66667	232.66667	238.0	236.66667	231.33333	216.66667	204.0	207.66667	208.0	186.33333	179.33333	181.0	168.33333	156.33333	164.0	182.33333	190.0	189.33333	194.0	202.33333	200.33333	209.66667	222.0	235.0	240.33333	228.33333	137.0	41.0	
84.0	96.0	118.0	164.66667	186.66667	196.33333	203.0	213.66667	222.66667	232.0	240.0	235.33333	221.66667	203.0	200.66667	212.33333	218.33333	208.66667	193.33333	182.66667	179.33333	168.66667	155.66667	163.66667	175.66667	192.66667	197.66667	200.33333	197.0	200.33333	209.33333	221.33333	230.33333	217.0	128.66667	35.666668	
55.666668	60.666668	75.666664	136.66667	179.33333	190.66667	199.33333	207.0	215.66667	226.0	233.0	225.33333	208.66667	197.66667	208.66667	217.66667	219.66667	219.66667	218.0	209.33333	201.66667	190.33333	174.0	182.66667	204.66667	228.0	218.66667	198.66667	192.33333	194.33333	198.0	207.33333	216.33333	201.66667	114.333336	32.333332	
51.0	46.666668	61.666668	123.666664	170.66667	186.66667	198.0	202.66667	209.33333	218.66667	223.0	212.33333	198.66667	205.33333	215.33333	220.0	222.0	217.33333	219.0	219.0	211.66667	205.33333	204.33333	212.0	227.0	237.0	224.66667	197.33333	184.66667	185.66667	191.0	197.33333	202.0	187.0	91.333336	30.0	
51.333332	57.0	84.666664	132.66667	164.33333	181.66667	193.66667	199.33333	203.66667	209.66667	209.66667	195.66667	195.66667	209.0	212.66667	216.66667	219.33333	218.33333	220.0	219.66667	216.33333	213.66667	216.0	220.66667	226.33333	232.66667	225.66667	197.0	177.33333	175.66667	184.66667	191.0	193.33333	166.66667	67.333336	28.666666	
43.0	73.0	107.333336	142.66667	164.33333	176.66667	187.0	193.66667	198.0	200.33333	196.66667	186.0	194.33333	203.0	206.0	206.0	205.0	199.66667	194.66667	194.0	182.33333	176.0	184.66667	188.66667	195.0	212.0	220.33333	203.0	172.66667	164.66667	174.66667	181.0	183.33333	136.66667	45.333332	27.666666	
26.666666	52.666668	95.333336	143.0	165.33333	172.0	180.0	187.33333	193.66667	194.0	187.33333	179.66667	184.33333	189.0	183.66667	162.0	145.33333	138.0	143.0	150.33333	142.33333	126.0	126.666664	128.66667	125.0	135.33333	168.0	186.33333	168.0	156.0	165.33333	174.33333	169.33333	97.333336	30.0	27.0	
29.0	50.333332	103.0	148.33333	167.0	174.0	179.33333	186.0	192.66667	188.66667	181.0	173.0	159.0	154.0	143.66667	126.666664	133.66667	149.33333	168.0	176.33333	183.0	168.33333	171.66667	174.66667	157.0	124.666664	111.0	143.0	156.33333	151.66667	162.33333	171.33333	146.33333	62.0	26.0	28.0	
81.333336	97.666664	134.33333	156.0	166.33333	175.0	180.66667	187.0	196.33333	191.0	183.66667	164.66667	147.33333	160.66667	178.0	180.0	198.0	201.0	216.33333	225.66667	238.0	231.66667	236.33333	233.66667	221.0	174.66667	114.0	131.0	162.0	162.66667	170.33333	167.66667	114.0	39.666668	27.666666	28.333334	
127.333336	139.33333	150.0	160.66667	170.0	175.0	181.66667	189.33333	201.66667	200.33333	194.66667	182.0	165.66667	157.0	169.33333	168.66667	184.33333	186.66667	208.33333	219.33333	227.66667	224.0	226.33333	212.0	194.0	158.66667	132.33333	163.66667	183.33333	181.0	180.0	158.66667	76.333336	27.666666	27.333334	27.666666	
140.0	151.66667	159.0	166.0	173.0	176.66667	184.66667	192.33333	201.33333	206.66667	200.33333	200.0	195.66667	174.33333	159.33333	150.0	157.0	177.0	199.66667	211.66667	217.33333	220.66667	215.33333	193.66667	167.0	142.66667	159.33333	194.33333	195.0	194.33333	186.33333	133.66667	45.333332	27.333334	27.666666	26.0	
146.0	156.33333	165.33333	172.33333	179.0	181.66667	187.0	193.0	199.0	207.66667	205.33333	201.33333	204.66667	203.0	193.0	174.66667	164.66667	172.33333	176.33333	178.66667	187.33333	197.33333	192.33333	182.0	180.0	177.33333	195.33333	209.0	202.0	197.66667	177.66667	94.666664	33.333332	27.333334	26.666666	25.666666	
150.33333	160.0	170.0	177.66667	184.66667	187.33333	189.66667	191.0	196.66667	205.66667	206.66667	201.0	203.33333	205.66667	207.0	204.66667	202.33333	198.0	188.66667	178.0	166.33333	164.66667	165.66667	165.66667	178.66667	197.66667	215.0	211.33333	202.33333	195.0	157.66667	58.333332	27.666666	26.666666	26.333334	25.0	
153.66667	162.0	169.66667	178.0	187.66667	192.0	194.0	195.0	197.0	204.66667	206.66667	201.33333	203.66667	204.33333	206.66667	208.0	214.0	217.0	217.0	206.33333	190.0	181.0	177.33333	181.0	195.33333	211.66667	219.33333	210.0	199.33333	188.33333	126.666664	40.666668	25.666666	25.333334	26.333334	25.666666	
151.66667	160.66667	169.0	177.66667	187.33333	193.33333	198.66667	200.0	200.33333	205.33333	208.66667	206.33333	205.66667	206.0	207.66667	208.0	213.0	216.66667	217.0	212.66667	205.33333	202.0	199.33333	200.66667	206.33333	211.33333	215.33333	209.33333	194.66667	172.66667	88.666664	29.333334	25.0	25.666666	25.666666	25.0	
144.66667	156.33333	167.33333	177.0	185.33333	192.66667	198.0	200.33333	201.66667	206.33333	209.33333	207.66667	206.33333	207.33333	208.66667	211.33333	216.33333	218.66667	215.66667	210.0	204.66667	200.0	197.33333	200.0	205.33333	212.66667	217.66667	208.66667	192.33333	146.33333	54.666668	26.666666	25.666666	25.666666	25.666666	25.333334	
129.33333	144.66667	160.66667	172.33333	179.0	187.33333	193.0	197.0	200.66667	205.66667	207.66667	206.0	205.33333	206.66667	208.66667	214.0	218.66667	221.33333	220.0	215.33333	212.33333	210.66667	210.0	213.0	218.33333	222.66667	223.66667	209.0	181.33333	102.333336	34.333332	27.333334	26.0	25.666666	25.666666	25.333334	
115.0	125.0	144.33333	162.0	171.0	180.33333	187.33333	192.66667	196.66667	200.66667	202.0	202.66667	205.33333	207.33333	209.0	213.33333	216.66667	218.66667	218.66667	216.0	218.33333	221.33333	225.66667	229.0	232.66667	233.0	227.66667	205.66667	152.33333	61.0	33.0	27.333334	26.0	25.666666	25.0	25.0	
124.333336	111.0	121.0	142.33333	157.33333	171.0	178.66667	184.66667	187.0	189.33333	189.66667	192.33333	198.66667	202.66667	206.0	210.66667	213.0	214.66667	216.33333	214.66667	214.66667	220.33333	224.33333	229.66667	237.33333	238.66667	225.0	189.0	115.666664	41.333332	32.333332	29.666666	26.0	25.333334	25.0	24.0	
155.33333	130.33333	116.666664	119.0	134.66667	152.66667	162.0	171.66667	177.33333	179.33333	179.66667	180.0	184.33333	192.33333	199.66667	205.66667	212.0	219.0	225.66667	221.0	213.0	216.33333	216.33333	220.33333	227.0	227.33333	213.66667	165.33333	90.0	42.666668	31.333334	31.333334	27.333334	25.0	25.0	24.0	
166.66667	165.33333	147.33333	130.33333	119.666664	119.666664	132.66667	145.0	155.66667	161.33333	164.0	166.0	165.66667	175.0	185.66667	195.0	204.66667	214.33333	220.66667	213.33333	202.33333	202.0	201.0	200.33333	201.0	199.0	199.33333	151.33333	81.333336	51.0	31.0	28.666666	27.666666	24.666666	24.333334	23.0	
