62.0	71.666664	83.0	106.666664	126.333336	138.33333	145.66667	152.0	151.66667	152.0	157.66667	162.33333	169.33333	175.66667	180.0	181.66667	184.66667	186.33333	188.33333	189.66667	185.66667	182.66667	181.0	180.0	175.33333	170.66667	167.0	165.0	161.33333	157.0	149.0	140.33333	129.0	112.333336	91.0	78.0	
59.333332	69.333336	89.666664	121.0	138.66667	142.66667	146.66667	151.0	149.33333	151.66667	158.33333	163.0	171.33333	177.66667	182.0	184.33333	186.66667	189.66667	191.33333	191.0	190.0	188.0	185.0	183.0	179.33333	175.0	171.0	167.33333	163.0	158.33333	148.66667	141.0	134.66667	116.333336	103.333336	84.666664	
61.0	74.0	101.666664	131.33333	143.66667	144.66667	145.66667	145.33333	146.0	151.66667	159.66667	165.66667	173.0	180.33333	186.0	189.66667	192.0	193.33333	196.33333	195.66667	196.0	191.66667	188.33333	186.0	183.66667	180.0	175.0	169.0	165.0	159.33333	149.66667	142.66667	137.0	118.333336	101.333336	82.666664	
59.333332	74.333336	101.666664	129.66667	140.33333	142.66667	141.0	142.66667	144.33333	149.0	157.0	164.66667	171.66667	179.33333	187.66667	192.0	194.33333	194.33333	197.0	197.0	197.0	195.33333	192.0	188.33333	186.0	182.33333	175.33333	167.66667	163.66667	158.33333	150.0	144.33333	138.66667	126.333336	96.0	77.333336	
55.666668	76.0	101.333336	124.0	135.33333	137.66667	137.0	140.33333	145.33333	146.66667	153.66667	160.33333	166.66667	175.33333	184.0	191.66667	194.33333	194.66667	194.0	194.0	194.33333	195.33333	193.0	190.33333	187.66667	183.33333	177.33333	168.66667	162.66667	157.66667	154.0	147.33333	142.33333	132.0	99.666664	74.666664	
63.0	76.666664	99.333336	117.333336	131.33333	138.0	137.66667	141.33333	147.0	150.0	152.33333	158.0	163.66667	172.33333	180.66667	189.33333	193.0	191.66667	191.33333	191.66667	190.66667	190.33333	191.33333	189.33333	185.0	182.0	176.66667	170.0	162.66667	156.0	155.0	148.33333	145.0	134.66667	109.666664	76.333336	
63.0	75.666664	101.0	115.333336	128.66667	138.0	140.66667	145.66667	151.0	153.0	154.33333	157.66667	164.66667	171.0	178.0	186.0	191.66667	190.66667	190.66667	189.33333	188.66667	187.66667	189.33333	189.0	184.0	179.0	174.33333	169.66667	162.66667	157.0	157.33333	154.0	149.66667	137.66667	118.666664	80.0	
65.666664	79.0	103.0	118.333336	127.333336	138.66667	142.66667	146.66667	153.66667	158.0	159.0	161.33333	166.66667	173.33333	179.66667	186.66667	193.0	192.66667	192.0	188.0	187.66667	187.0	189.0	190.66667	188.0	183.33333	179.0	173.66667	165.0	161.66667	161.0	158.0	153.0	140.0	123.333336	84.0	
66.333336	81.666664	105.333336	121.333336	125.666664	138.66667	148.33333	150.33333	158.0	163.33333	164.0	164.66667	170.0	177.66667	184.0	190.66667	195.0	194.0	195.66667	193.33333	190.0	189.0	192.66667	193.66667	190.66667	188.66667	183.0	175.66667	166.66667	164.33333	163.33333	161.66667	156.33333	140.0	125.666664	87.666664	
68.0	85.666664	106.666664	123.666664	126.666664	137.33333	149.66667	154.33333	163.0	169.0	170.33333	170.66667	176.0	183.33333	191.33333	195.66667	201.0	200.66667	200.33333	201.0	195.66667	196.33333	196.66667	197.33333	196.0	192.66667	185.33333	178.0	171.33333	168.33333	166.0	165.66667	160.0	141.0	127.666664	94.0	
74.333336	90.0	113.666664	128.0	128.33333	136.0	148.0	157.33333	167.33333	175.33333	176.0	175.66667	180.33333	191.0	198.33333	200.66667	203.33333	203.33333	202.66667	204.66667	203.0	202.33333	203.0	201.0	197.66667	195.66667	190.0	183.0	176.33333	174.0	172.0	170.66667	163.66667	144.66667	129.0	100.333336	
83.333336	100.0	119.0	127.666664	128.66667	135.33333	148.33333	157.66667	167.66667	173.33333	175.66667	178.66667	185.0	194.33333	201.66667	205.66667	201.66667	201.33333	202.66667	204.33333	206.33333	202.66667	203.0	198.33333	196.33333	197.0	191.0	185.33333	180.0	175.0	169.0	168.66667	164.0	153.33333	132.66667	107.666664	
88.333336	106.333336	119.0	125.0	129.33333	139.33333	151.33333	154.0	148.33333	146.66667	145.0	143.33333	150.66667	165.33333	179.0	189.66667	189.66667	190.33333	195.0	199.33333	202.0	199.0	197.66667	190.66667	188.66667	191.33333	186.0	172.0	157.0	141.33333	137.66667	140.66667	142.66667	152.33333	140.33333	113.0	
93.333336	107.666664	119.666664	123.333336	129.0	141.0	137.66667	127.333336	134.33333	144.66667	143.33333	132.33333	113.333336	112.333336	118.333336	127.666664	150.66667	173.0	183.0	190.0	192.66667	192.0	188.0	179.33333	176.0	166.66667	147.0	130.33333	123.0	135.0	165.0	171.33333	159.66667	137.66667	135.33333	115.333336	
97.666664	107.333336	118.333336	119.333336	122.0	118.0	121.0	147.66667	166.0	173.33333	176.66667	170.66667	144.33333	114.0	103.0	103.333336	116.333336	148.0	166.66667	177.0	185.66667	184.33333	176.0	166.0	147.33333	114.0	100.333336	104.666664	129.66667	156.66667	167.33333	168.33333	167.0	158.33333	131.33333	113.333336	
98.333336	110.0	118.333336	112.666664	105.666664	114.0	141.0	151.0	148.0	141.0	134.66667	129.33333	127.333336	122.333336	124.666664	125.0	126.0	133.66667	148.66667	168.0	188.0	184.66667	165.0	148.0	127.333336	120.0	119.333336	118.0	106.333336	101.333336	104.666664	117.0	132.33333	142.33333	132.0	114.0	
96.666664	110.666664	117.333336	111.0	111.666664	121.333336	125.666664	116.333336	93.666664	72.666664	62.666668	56.333332	59.333332	73.666664	109.0	136.66667	150.0	137.66667	136.0	163.0	190.33333	188.33333	159.33333	138.66667	149.0	145.33333	123.0	87.0	59.333332	44.666668	43.333332	48.666668	76.0	107.333336	124.666664	126.0	
101.0	111.666664	119.0	118.666664	122.666664	106.0	92.0	63.333332	46.333332	53.0	57.0	79.0	88.333336	83.666664	91.666664	128.33333	163.66667	165.33333	142.66667	155.0	189.33333	192.66667	156.33333	158.66667	170.66667	138.33333	117.0	115.666664	101.666664	79.0	56.0	42.666668	36.666668	62.0	103.666664	130.0	
105.333336	109.333336	120.0	129.33333	129.0	101.0	66.333336	43.0	58.0	115.0	116.666664	101.333336	103.333336	136.33333	141.66667	120.333336	165.0	180.33333	157.66667	148.33333	180.66667	189.66667	161.0	173.66667	170.33333	136.0	164.66667	157.33333	110.666664	96.333336	104.333336	86.333336	57.666668	81.666664	124.0	137.33333	
105.666664	108.0	122.333336	139.0	141.0	127.666664	110.333336	98.666664	106.0	131.33333	129.66667	121.333336	116.0	123.333336	143.33333	158.33333	178.0	188.0	164.33333	145.33333	174.33333	187.0	166.66667	178.0	178.66667	170.0	163.33333	143.66667	128.0	117.333336	115.0	124.666664	135.0	139.33333	148.0	141.0	
102.0	105.666664	123.333336	144.33333	149.66667	149.0	153.66667	152.33333	154.66667	154.0	148.33333	145.33333	144.66667	154.0	171.0	183.0	186.33333	186.66667	162.33333	143.33333	168.0	185.0	168.66667	174.66667	192.33333	189.66667	182.0	176.66667	167.66667	159.66667	159.66667	161.66667	167.0	170.33333	160.66667	143.33333	
99.333336	104.0	119.333336	143.0	153.0	160.0	167.0	165.0	164.33333	167.66667	170.66667	173.66667	176.66667	182.66667	188.33333	189.0	185.66667	179.0	158.0	146.0	167.66667	187.33333	170.66667	157.0	178.0	191.66667	192.66667	187.66667	180.0	174.66667	171.33333	167.66667	170.33333	171.0	158.66667	142.0	
95.333336	104.333336	116.666664	135.33333	147.0	156.33333	165.66667	168.66667	172.66667	175.66667	180.66667	188.0	191.66667	196.33333	198.0	192.66667	180.0	171.0	155.0	146.66667	163.66667	188.0	173.66667	151.66667	157.0	177.66667	192.0	194.0	193.66667	187.33333	179.0	174.66667	172.33333	166.66667	154.66667	139.33333	
88.666664	100.666664	113.666664	127.666664	139.0	149.33333	159.66667	166.0	173.0	177.66667	183.0	189.0	191.33333	195.0	195.66667	185.33333	172.0	163.0	150.0	143.66667	156.33333	185.66667	177.0	152.33333	146.33333	159.0	178.66667	189.0	189.0	186.33333	180.33333	175.0	170.66667	162.66667	152.66667	139.0	
80.333336	91.333336	106.666664	120.333336	131.33333	141.33333	151.0	160.66667	173.33333	180.33333	188.0	189.0	190.33333	195.0	191.33333	179.33333	173.0	163.0	146.0	141.66667	148.66667	180.66667	182.0	150.33333	140.66667	152.0	172.0	189.0	192.0	189.33333	184.33333	176.0	169.33333	161.33333	151.33333	137.0	
78.333336	81.666664	98.0	113.333336	126.0	137.0	148.0	158.0	171.33333	184.0	194.0	195.33333	193.33333	191.66667	189.66667	180.0	174.0	161.33333	138.33333	139.33333	150.66667	179.66667	184.66667	153.33333	139.66667	154.0	174.33333	190.66667	200.0	198.66667	193.0	181.66667	170.33333	159.66667	149.0	137.66667	
81.666664	78.0	91.0	108.333336	123.0	135.66667	146.66667	158.0	171.0	188.66667	198.0	200.33333	194.0	190.66667	188.0	176.66667	164.66667	154.33333	133.66667	134.0	153.33333	177.0	183.0	161.0	141.66667	157.66667	172.66667	188.0	202.66667	204.33333	196.0	185.0	171.66667	159.0	146.66667	136.33333	
87.666664	82.0	88.333336	108.666664	122.0	135.0	145.66667	159.66667	172.66667	186.33333	193.0	194.0	187.0	183.33333	175.33333	158.66667	144.66667	150.33333	140.33333	139.66667	155.0	178.0	186.33333	171.66667	143.66667	151.0	162.66667	174.33333	188.33333	193.0	190.0	182.66667	170.33333	158.66667	147.0	136.66667	
92.0	86.0	87.0	107.333336	124.0	136.66667	146.66667	160.33333	170.33333	179.0	183.33333	182.33333	175.33333	166.33333	163.0	137.66667	138.0	153.33333	151.0	141.33333	147.0	183.0	198.0	184.66667	145.33333	146.33333	158.33333	164.33333	171.0	174.33333	176.33333	172.0	163.33333	154.66667	145.0	135.66667	
96.333336	90.666664	86.666664	103.666664	121.333336	138.0	146.33333	157.33333	167.33333	174.66667	175.0	171.66667	161.0	156.66667	158.0	125.0	128.33333	137.66667	135.66667	133.66667	137.33333	165.0	185.66667	168.33333	133.33333	136.33333	149.0	160.0	154.0	158.66667	160.66667	160.33333	156.66667	149.33333	141.33333	132.0	
95.0	95.333336	89.0	101.333336	116.333336	129.33333	141.33333	152.33333	159.0	163.66667	163.66667	155.33333	150.0	170.66667	171.66667	134.66667	112.0	103.0	85.666664	76.0	104.0	136.0	147.33333	134.0	112.666664	115.0	148.0	163.33333	145.66667	142.0	148.33333	150.66667	151.0	145.33333	134.33333	122.0	
93.333336	99.0	92.333336	98.0	109.0	118.666664	132.66667	145.33333	152.0	152.33333	145.66667	140.66667	159.33333	177.66667	178.0	166.0	152.0	149.66667	141.66667	115.333336	89.666664	98.333336	113.333336	114.333336	122.0	139.66667	162.33333	168.0	150.33333	131.66667	133.33333	140.0	143.33333	139.0	125.0	116.333336	
88.333336	98.0	95.333336	98.333336	105.333336	112.0	119.666664	135.66667	139.66667	132.0	138.0	159.66667	172.0	175.0	178.0	176.33333	173.66667	172.66667	176.33333	171.66667	152.0	132.33333	135.66667	145.0	157.66667	166.33333	171.66667	169.33333	161.33333	139.33333	120.666664	128.66667	131.0	130.0	124.0	120.0	
78.333336	96.0	98.666664	104.333336	112.0	115.0	114.666664	132.0	132.33333	135.66667	155.0	165.66667	169.66667	171.0	171.0	172.66667	172.33333	174.33333	184.0	193.33333	193.66667	186.0	179.66667	173.0	169.33333	168.33333	166.33333	162.66667	156.33333	148.33333	131.33333	132.0	136.66667	127.333336	135.0	122.666664	
71.666664	93.666664	102.333336	109.0	121.333336	126.333336	119.0	146.33333	149.66667	144.0	134.66667	137.33333	143.33333	146.0	145.0	147.33333	147.33333	147.33333	157.33333	176.33333	190.0	190.0	177.0	161.66667	153.33333	148.0	143.33333	139.0	125.666664	130.66667	150.0	149.66667	150.33333	136.0	147.33333	122.0	
68.0	95.0	103.333336	113.0	124.333336	137.33333	125.0	156.33333	169.0	161.0	124.666664	93.666664	94.666664	99.333336	106.0	122.0	129.0	134.33333	136.33333	145.66667	148.66667	150.66667	141.0	137.0	135.66667	131.66667	118.333336	92.666664	91.666664	151.66667	178.0	171.0	156.0	146.33333	149.66667	117.0	
63.0	91.666664	103.666664	112.666664	123.666664	142.33333	131.66667	148.33333	178.33333	181.33333	171.0	129.33333	133.33333	151.66667	150.66667	167.33333	177.33333	186.0	185.66667	197.66667	186.33333	189.0	188.33333	182.66667	185.66667	183.0	174.66667	138.0	142.0	180.66667	172.66667	171.66667	151.0	153.33333	144.0	109.666664	
54.333332	81.0	99.666664	112.0	121.666664	141.33333	140.0	141.33333	174.0	182.0	178.0	166.66667	158.33333	173.0	180.33333	190.33333	203.33333	215.0	211.0	229.33333	218.33333	221.0	229.66667	220.33333	217.33333	208.66667	181.0	154.0	162.66667	177.0	154.66667	152.0	147.0	156.33333	133.33333	97.333336	
43.666668	69.333336	91.333336	107.0	115.333336	134.66667	141.66667	137.0	162.33333	176.33333	172.33333	169.33333	155.33333	149.66667	158.33333	173.0	189.33333	214.66667	224.0	234.0	233.0	232.0	234.33333	225.66667	204.66667	178.0	155.66667	153.33333	167.33333	171.33333	170.0	156.33333	150.0	151.0	112.333336	91.333336	
36.0	50.666668	80.666664	96.333336	109.666664	124.0	138.33333	135.0	151.0	170.33333	169.66667	170.0	160.66667	144.66667	142.33333	151.0	162.0	179.33333	185.33333	208.0	206.33333	204.0	201.66667	182.66667	170.33333	151.33333	145.0	161.0	169.0	167.66667	168.66667	151.66667	151.0	133.0	101.666664	94.333336	
32.666668	34.333332	64.666664	83.666664	98.333336	111.666664	128.33333	134.0	140.0	158.66667	166.66667	165.66667	164.33333	153.33333	140.33333	132.66667	145.66667	163.66667	190.33333	200.0	194.66667	194.66667	195.66667	173.0	153.66667	139.66667	150.0	164.66667	166.66667	168.33333	160.0	147.66667	139.33333	113.0	101.333336	104.666664	
32.0	29.333334	43.0	63.0	80.333336	97.0	114.666664	127.333336	134.66667	144.66667	159.0	162.33333	162.33333	156.66667	149.33333	143.0	137.66667	138.0	155.33333	173.0	182.0	177.0	165.33333	148.0	146.0	153.66667	160.0	162.0	165.0	163.33333	150.33333	141.33333	120.0	103.333336	109.333336	118.0	
33.0	32.0	40.333332	41.0	60.0	76.666664	97.0	116.333336	127.666664	134.66667	148.0	161.66667	160.0	157.66667	156.33333	152.33333	153.33333	154.0	149.66667	146.33333	144.66667	148.33333	150.33333	157.0	160.33333	159.33333	160.66667	161.0	165.33333	156.0	142.33333	125.333336	97.333336	110.666664	109.333336	125.0	
51.666668	29.333334	49.333332	40.0	43.0	53.666668	74.333336	97.666664	116.333336	123.666664	135.66667	154.66667	160.33333	161.33333	160.66667	158.0	157.66667	162.66667	167.0	167.0	164.33333	168.33333	166.33333	165.33333	162.33333	160.33333	161.33333	163.66667	161.0	146.0	131.0	102.0	102.0	118.0	113.0	129.66667	
41.666668	25.666666	55.666668	56.0	42.333332	39.666668	51.333332	72.333336	96.333336	112.333336	122.0	146.33333	159.66667	166.0	167.33333	166.66667	165.66667	173.66667	178.33333	180.66667	179.33333	178.66667	178.0	172.66667	166.0	161.66667	166.0	166.33333	153.0	131.33333	112.0	95.0	112.666664	116.0	119.0	128.33333	
34.666668	26.0	53.333332	68.333336	63.0	49.0	42.0	49.666668	67.666664	92.333336	104.666664	129.0	154.33333	162.66667	169.33333	176.0	177.0	184.33333	190.66667	195.0	195.33333	194.0	188.66667	179.66667	171.33333	170.33333	169.0	159.33333	139.0	113.333336	101.0	98.666664	117.666664	113.666664	128.66667	125.666664	
48.333332	31.333334	48.333332	67.666664	74.0	70.666664	57.0	42.666668	46.333332	64.666664	82.666664	101.333336	138.66667	158.66667	170.33333	179.0	180.33333	185.0	196.33333	200.33333	201.66667	199.66667	190.66667	182.0	175.0	173.66667	163.33333	148.33333	112.666664	99.666664	94.666664	109.0	119.0	118.666664	130.0	129.33333	
54.666668	39.333332	45.0	68.333336	75.666664	77.0	75.333336	60.666668	45.333332	45.666668	55.333332	71.333336	109.0	146.66667	161.66667	171.66667	173.66667	180.33333	190.0	195.33333	198.0	194.33333	187.0	179.33333	172.0	166.33333	153.33333	127.333336	89.666664	94.333336	94.333336	121.333336	116.666664	126.333336	127.333336	136.66667	
59.666668	47.666668	41.333332	68.666664	81.333336	82.666664	80.333336	77.0	66.0	49.666668	43.333332	48.666668	73.0	115.666664	145.0	154.0	165.0	172.33333	182.66667	189.33333	191.66667	188.66667	183.0	174.33333	163.66667	154.0	136.33333	87.666664	84.333336	88.333336	107.333336	120.333336	117.333336	129.0	126.0	143.33333	
