130.33333	128.66667	130.66667	139.33333	143.66667	146.33333	153.66667	155.0	156.0	162.33333	172.0	177.66667	186.33333	194.66667	197.0	199.33333	199.33333	191.66667	190.66667	192.33333	195.33333	200.0	203.0	202.33333	199.0	195.0	191.66667	189.33333	187.66667	186.33333	184.0	185.66667	187.0	188.0	180.66667	175.0	
124.0	124.0	126.666664	132.33333	138.66667	150.0	156.66667	157.33333	158.0	165.0	179.0	188.0	192.0	197.66667	203.66667	205.33333	207.0	201.33333	199.0	197.66667	199.33333	202.66667	206.0	206.0	203.66667	201.33333	197.66667	192.33333	189.66667	186.33333	186.33333	189.66667	188.0	183.66667	178.0	174.0	
121.666664	123.666664	123.333336	127.666664	138.33333	152.33333	158.33333	162.33333	168.33333	170.66667	177.0	179.33333	183.33333	187.66667	193.33333	197.66667	202.33333	198.66667	195.33333	190.33333	193.0	194.66667	198.66667	201.0	200.66667	198.0	195.66667	191.66667	189.0	185.33333	186.33333	189.0	186.33333	179.33333	172.0	171.33333	
117.333336	120.0	122.0	130.33333	144.0	155.66667	162.66667	163.66667	169.0	165.33333	162.66667	163.66667	168.0	172.33333	179.66667	186.0	192.33333	191.0	190.66667	181.66667	184.33333	187.0	192.33333	194.66667	195.66667	193.0	187.33333	185.0	188.66667	190.33333	191.66667	191.33333	187.33333	181.0	173.0	170.66667	
111.333336	116.666664	121.666664	133.0	148.33333	164.33333	171.66667	167.33333	166.0	162.33333	156.66667	155.33333	160.66667	167.0	172.0	177.66667	182.33333	182.33333	182.33333	173.33333	175.66667	180.66667	185.33333	187.0	188.0	187.0	185.0	182.66667	185.66667	189.33333	193.66667	196.66667	194.0	188.33333	177.66667	170.66667	
107.0	111.333336	122.0	139.0	152.66667	163.66667	171.0	172.0	168.33333	167.66667	161.33333	155.66667	157.33333	164.0	166.66667	171.0	175.66667	179.0	180.33333	169.66667	170.0	177.0	181.33333	180.33333	181.33333	183.0	186.33333	188.33333	186.33333	188.33333	191.33333	193.33333	196.0	196.33333	182.33333	171.0	
108.0	110.333336	128.0	147.0	154.66667	166.0	180.33333	182.33333	180.0	176.0	167.0	160.33333	159.33333	162.66667	165.0	167.33333	170.33333	176.66667	178.33333	168.33333	169.33333	177.0	179.66667	176.33333	176.33333	181.66667	186.66667	186.33333	185.0	185.33333	188.66667	193.0	199.66667	200.66667	188.0	174.0	
104.333336	110.333336	135.66667	143.33333	150.33333	168.0	185.33333	193.33333	193.0	177.66667	170.33333	171.0	165.0	162.33333	166.0	165.66667	162.66667	170.0	174.33333	165.33333	166.0	171.33333	173.66667	175.66667	177.33333	180.66667	182.66667	180.66667	184.0	183.66667	188.0	194.66667	200.66667	196.33333	187.0	174.33333	
107.0	113.0	127.333336	133.66667	149.0	157.66667	175.66667	187.0	187.0	179.33333	172.33333	172.66667	165.0	161.66667	163.0	157.66667	153.33333	164.0	173.33333	162.0	161.33333	163.33333	165.33333	172.0	175.33333	174.66667	172.33333	177.66667	183.0	181.66667	183.66667	186.33333	186.0	182.66667	181.0	174.0	
116.0	121.333336	122.333336	122.333336	132.0	137.33333	150.66667	161.33333	173.0	179.66667	171.33333	165.33333	156.66667	147.33333	143.66667	138.0	140.66667	160.0	170.66667	163.66667	166.66667	163.0	157.33333	154.0	151.66667	149.0	155.0	164.33333	173.33333	178.66667	177.33333	174.33333	173.66667	170.66667	172.33333	173.0	
117.333336	118.333336	115.333336	113.0	120.666664	135.33333	149.33333	156.33333	167.66667	176.0	171.33333	161.0	150.0	138.66667	124.666664	112.0	121.666664	151.66667	167.66667	168.66667	175.0	166.66667	144.0	141.33333	147.33333	149.0	157.33333	168.33333	176.0	182.0	182.0	176.66667	169.33333	164.0	162.0	166.33333	
122.333336	118.0	111.333336	112.666664	123.666664	138.66667	151.0	153.33333	151.0	146.0	149.0	144.33333	146.66667	149.66667	136.66667	100.0	93.0	136.33333	164.33333	172.0	176.33333	160.33333	137.0	148.33333	148.66667	140.66667	132.66667	123.666664	129.0	146.66667	168.0	174.33333	169.33333	165.0	159.0	160.0	
134.66667	125.0	114.333336	111.333336	113.0	118.333336	112.0	97.333336	78.666664	61.0	81.0	87.333336	107.333336	113.0	125.0	107.333336	82.666664	124.0	161.66667	182.66667	178.0	154.66667	144.33333	145.33333	124.666664	107.666664	95.666664	81.666664	94.333336	91.666664	104.333336	127.333336	155.66667	161.33333	158.33333	159.66667	
145.33333	126.333336	109.0	102.0	107.666664	98.666664	87.0	92.0	83.0	73.333336	83.666664	116.0	141.0	115.0	125.666664	137.66667	118.666664	124.0	154.66667	183.33333	171.66667	154.0	166.66667	165.66667	124.0	113.666664	113.666664	90.666664	81.666664	91.0	110.666664	97.666664	117.666664	148.66667	159.0	172.0	
147.66667	136.0	137.0	126.333336	111.666664	100.0	116.0	126.333336	118.0	115.0	127.0	141.33333	148.0	140.66667	139.0	132.0	112.333336	131.66667	174.33333	181.0	170.66667	135.66667	153.66667	165.0	147.33333	147.0	139.66667	127.0	124.0	128.33333	142.33333	131.0	118.666664	133.0	157.0	175.66667	
127.333336	120.666664	120.333336	117.333336	113.666664	122.0	134.33333	140.33333	146.66667	151.66667	157.66667	153.66667	149.0	141.66667	128.0	110.666664	98.0	137.0	171.0	176.33333	172.0	135.0	136.66667	168.33333	164.33333	161.33333	162.0	167.33333	174.33333	174.66667	175.33333	163.33333	149.0	134.33333	144.0	158.66667	
127.333336	121.0	110.333336	109.666664	122.666664	138.66667	150.0	157.33333	165.0	173.0	176.0	170.33333	153.33333	136.0	120.666664	108.666664	103.333336	140.66667	181.0	187.33333	175.33333	154.66667	144.66667	175.33333	169.0	163.33333	170.33333	182.66667	191.0	188.0	184.66667	173.0	161.66667	150.66667	141.0	154.66667	
128.66667	130.66667	120.666664	116.333336	126.666664	141.33333	154.66667	166.0	174.33333	180.0	180.33333	168.33333	147.66667	130.33333	118.333336	106.666664	107.333336	146.0	186.66667	190.33333	175.66667	159.33333	145.33333	172.66667	179.0	167.33333	168.0	181.0	190.0	194.0	191.0	185.33333	169.0	159.66667	153.33333	159.33333	
130.33333	143.66667	138.0	130.33333	134.66667	143.66667	157.33333	164.0	169.33333	172.33333	172.66667	159.0	147.33333	131.33333	115.0	104.666664	122.0	166.66667	192.66667	187.66667	172.0	158.0	147.33333	163.0	185.33333	178.33333	172.66667	173.0	180.66667	190.33333	190.0	185.66667	169.66667	160.66667	160.0	166.66667	
130.0	147.33333	152.0	148.33333	150.0	154.66667	163.0	165.0	166.33333	172.33333	173.33333	165.33333	155.0	129.0	112.333336	106.333336	143.66667	185.66667	196.33333	191.0	175.0	165.0	158.66667	153.0	178.66667	189.0	185.33333	183.0	182.33333	184.33333	183.33333	181.0	169.66667	162.33333	167.33333	176.66667	
125.333336	138.33333	148.0	155.0	161.66667	168.66667	174.66667	176.66667	174.33333	176.33333	172.66667	165.33333	151.33333	123.0	105.333336	106.666664	155.33333	187.66667	193.66667	191.33333	180.0	168.0	164.33333	157.66667	164.0	184.0	190.33333	194.33333	193.0	187.0	184.33333	183.0	173.33333	168.66667	171.66667	176.0	
114.666664	125.666664	135.33333	143.66667	151.33333	163.66667	174.66667	182.0	180.66667	179.0	171.66667	153.0	138.0	120.333336	97.0	110.333336	154.33333	176.66667	185.33333	188.33333	177.66667	166.0	159.0	165.0	164.33333	170.66667	181.0	186.66667	187.33333	184.0	180.0	175.33333	168.0	168.66667	171.0	171.33333	
105.333336	113.0	122.0	128.0	129.0	133.33333	139.66667	150.0	158.33333	166.0	166.0	151.0	142.0	118.333336	100.666664	114.333336	144.33333	168.33333	182.66667	188.33333	173.0	165.66667	161.33333	162.33333	173.66667	174.66667	176.33333	178.0	179.33333	174.66667	166.0	161.66667	162.33333	168.33333	172.0	167.66667	
99.0	104.333336	111.666664	118.0	120.333336	126.0	134.66667	149.66667	164.33333	173.33333	170.33333	155.33333	134.33333	110.666664	106.333336	106.0	133.66667	159.66667	172.0	179.66667	168.66667	160.66667	166.0	164.33333	166.66667	178.33333	185.66667	189.66667	191.33333	186.33333	177.0	168.66667	165.66667	169.66667	172.0	163.0	
99.666664	105.666664	114.0	121.666664	123.666664	131.33333	140.0	154.0	167.66667	168.66667	164.33333	146.66667	114.333336	96.0	99.0	94.0	117.666664	146.0	155.33333	163.0	156.66667	147.33333	152.0	156.66667	158.0	164.66667	177.66667	188.33333	192.66667	190.0	182.0	174.33333	165.33333	162.0	165.0	159.66667	
100.666664	105.666664	115.0	124.0	123.666664	128.33333	136.33333	150.0	162.66667	164.33333	164.0	138.33333	102.0	87.333336	85.666664	69.666664	88.333336	122.0	136.33333	144.0	134.0	113.333336	107.666664	130.33333	154.33333	159.33333	169.33333	181.66667	186.0	186.0	181.66667	176.0	164.33333	158.33333	159.33333	158.33333	
102.333336	107.0	115.0	120.666664	116.333336	120.333336	130.33333	147.0	159.66667	161.0	155.33333	129.66667	104.666664	86.0	78.333336	68.666664	69.0	86.0	106.333336	131.33333	142.0	141.33333	128.66667	129.33333	159.66667	162.0	162.66667	174.33333	181.33333	181.66667	180.33333	174.33333	165.66667	160.33333	161.33333	159.33333	
105.666664	110.333336	116.0	116.0	111.666664	121.666664	134.33333	146.66667	156.66667	158.66667	146.66667	127.333336	116.666664	104.0	92.0	87.333336	89.333336	94.0	108.0	132.66667	150.33333	154.0	146.66667	149.0	163.33333	166.0	160.33333	167.0	178.0	179.0	177.33333	172.33333	166.33333	162.66667	162.66667	158.66667	
105.666664	112.0	115.666664	111.666664	110.666664	121.666664	137.0	148.33333	158.0	157.66667	139.66667	127.0	127.0	121.0	118.333336	114.333336	121.333336	133.66667	143.0	148.33333	153.66667	156.33333	153.33333	155.66667	160.33333	167.66667	161.66667	160.0	173.0	175.33333	173.33333	170.33333	166.33333	163.0	162.0	158.66667	
105.666664	109.333336	114.666664	112.0	112.0	124.333336	141.33333	152.0	159.66667	154.33333	135.33333	130.0	133.0	133.33333	136.33333	131.66667	139.66667	152.66667	158.33333	159.0	159.66667	161.0	158.33333	160.33333	159.0	162.66667	164.33333	160.0	164.0	167.33333	169.33333	168.0	165.0	162.66667	163.33333	162.0	
103.666664	105.333336	112.333336	114.0	116.0	129.0	144.33333	153.0	154.0	146.0	134.33333	133.0	132.66667	134.66667	139.0	138.33333	147.0	160.0	160.0	157.66667	156.66667	160.66667	160.0	159.0	157.0	160.33333	164.33333	162.0	160.33333	163.33333	168.33333	168.0	165.33333	163.33333	162.66667	162.33333	
103.333336	104.333336	108.666664	113.333336	121.0	134.0	146.0	152.33333	147.0	137.0	133.33333	131.66667	127.666664	131.66667	140.0	144.33333	152.66667	162.0	159.0	157.0	157.66667	162.0	161.66667	159.66667	157.0	158.66667	161.33333	162.33333	161.66667	165.66667	169.0	167.33333	165.66667	163.0	160.33333	159.66667	
100.666664	102.666664	107.666664	114.333336	127.0	140.0	149.33333	148.33333	138.66667	131.66667	134.0	128.66667	121.333336	126.333336	136.33333	145.33333	151.33333	163.0	162.66667	160.66667	163.0	167.0	164.33333	159.66667	155.0	155.66667	159.33333	163.0	162.66667	165.33333	168.66667	166.0	165.66667	163.66667	161.33333	159.0	
100.666664	102.0	107.333336	116.0	131.66667	146.66667	154.0	143.33333	128.33333	128.66667	134.0	127.666664	117.333336	120.333336	124.666664	126.0	124.0	136.33333	148.66667	153.66667	153.0	155.33333	157.33333	157.0	153.66667	152.33333	156.0	160.0	163.33333	164.33333	166.66667	164.66667	164.33333	164.33333	163.33333	159.33333	
99.333336	101.0	106.333336	118.333336	135.33333	150.66667	158.33333	139.66667	125.333336	132.0	134.0	124.333336	110.333336	97.666664	82.333336	74.0	69.666664	70.333336	78.0	83.0	80.0	83.666664	104.0	131.66667	149.66667	152.66667	157.0	159.66667	160.33333	160.0	165.0	165.33333	164.66667	163.33333	162.33333	159.0	
100.333336	100.666664	105.666664	120.333336	138.0	153.66667	160.33333	140.66667	128.33333	136.33333	131.0	104.0	87.0	71.0	60.0	64.666664	72.0	72.0	60.0	56.666668	58.666668	53.333332	56.333332	86.666664	117.333336	144.33333	159.33333	160.33333	160.0	162.0	168.0	167.66667	164.66667	162.66667	162.66667	159.66667	
102.666664	101.666664	106.0	119.666664	139.0	157.66667	167.66667	145.66667	131.33333	127.666664	113.666664	102.0	103.333336	104.0	101.333336	109.333336	123.0	132.0	122.666664	124.666664	122.333336	99.0	84.333336	101.333336	108.333336	123.666664	145.33333	159.33333	163.66667	168.66667	172.66667	168.66667	162.66667	163.33333	163.0	157.0	
102.666664	100.333336	104.666664	118.333336	140.0	159.0	171.33333	158.33333	140.66667	119.0	111.666664	119.333336	129.66667	139.66667	142.66667	143.66667	142.66667	136.33333	137.33333	137.33333	138.0	138.0	136.33333	138.66667	141.66667	139.0	138.33333	153.66667	162.33333	170.0	173.33333	167.0	160.66667	162.0	161.0	151.33333	
101.0	98.333336	103.333336	115.666664	140.0	160.0	170.66667	167.33333	146.66667	123.0	119.333336	117.333336	129.33333	146.0	156.33333	161.66667	156.66667	144.66667	156.33333	162.0	166.33333	166.0	161.0	156.0	159.66667	160.66667	155.66667	156.33333	162.66667	169.66667	170.0	165.0	159.66667	160.0	156.66667	146.0	
101.333336	97.666664	102.0	114.666664	138.66667	160.0	166.33333	155.66667	134.33333	126.666664	129.33333	123.0	129.33333	141.0	150.66667	155.0	150.33333	140.0	145.0	152.33333	160.0	164.0	161.33333	157.66667	159.0	161.0	160.66667	159.33333	162.33333	167.66667	169.66667	165.0	159.66667	157.33333	154.0	142.66667	
100.666664	97.333336	100.0	113.0	138.33333	157.66667	158.66667	140.33333	125.0	127.333336	133.0	131.0	130.33333	135.66667	143.0	147.0	147.66667	145.0	146.66667	150.33333	152.0	157.66667	160.66667	163.0	163.66667	163.0	163.0	163.66667	161.66667	163.66667	170.66667	167.0	159.0	155.66667	152.33333	138.66667	
103.333336	99.0	98.333336	111.666664	140.66667	156.66667	149.0	130.33333	122.666664	125.333336	132.0	136.66667	135.0	137.33333	141.66667	143.66667	146.33333	148.33333	149.0	154.33333	156.66667	158.33333	161.66667	164.66667	166.66667	164.33333	163.66667	164.66667	163.33333	162.66667	166.0	164.66667	158.33333	155.66667	150.0	133.33333	
99.333336	99.0	95.666664	107.666664	138.0	151.0	139.0	124.0	124.333336	125.666664	134.66667	142.33333	140.33333	139.0	141.66667	142.66667	145.66667	150.33333	153.0	157.66667	162.0	161.33333	161.66667	163.33333	163.66667	162.0	161.0	162.0	162.66667	163.66667	162.66667	160.33333	156.0	155.0	144.33333	132.0	
96.666664	98.0	94.333336	103.0	129.33333	138.33333	129.66667	120.0	125.0	128.66667	140.0	145.33333	141.0	138.0	140.33333	144.66667	149.0	154.0	158.33333	160.33333	160.66667	160.33333	162.66667	163.66667	161.33333	161.0	159.33333	159.33333	160.66667	162.33333	160.0	156.33333	156.33333	154.66667	141.66667	141.0	
93.333336	97.333336	96.666664	103.666664	121.666664	127.333336	120.666664	115.666664	122.666664	126.333336	133.0	137.66667	134.33333	133.66667	139.33333	149.66667	157.0	159.0	162.66667	163.33333	162.0	161.33333	162.66667	163.0	161.33333	161.66667	160.66667	159.33333	159.66667	161.66667	157.66667	153.33333	155.0	154.33333	144.0	146.33333	
89.0	96.666664	99.333336	104.333336	113.0	113.0	109.0	109.666664	118.666664	122.666664	124.666664	125.666664	133.33333	136.33333	140.0	152.33333	159.66667	158.33333	162.0	164.33333	164.66667	162.66667	161.66667	162.0	161.33333	161.33333	161.0	158.66667	157.33333	159.0	157.66667	153.33333	154.0	149.0	143.33333	145.33333	
86.0	93.0	93.0	99.0	106.0	103.0	97.0	95.333336	105.333336	115.333336	120.666664	120.0	127.333336	132.0	135.33333	150.33333	158.66667	156.0	161.0	166.33333	162.33333	158.66667	160.0	161.66667	163.66667	160.33333	158.0	152.0	150.0	153.66667	155.33333	155.0	154.66667	140.66667	139.66667	144.33333	
80.333336	84.666664	83.333336	89.666664	98.333336	96.333336	89.333336	83.0	88.666664	104.333336	116.0	113.0	113.0	123.666664	133.66667	144.33333	151.66667	155.0	155.66667	160.33333	159.0	156.66667	159.0	158.66667	161.0	156.33333	148.66667	142.0	140.66667	146.66667	150.0	149.33333	147.33333	134.0	141.0	143.66667	
73.333336	76.0	76.0	77.666664	83.333336	84.666664	82.333336	77.0	76.333336	86.333336	99.333336	105.333336	106.333336	113.333336	123.666664	135.33333	142.0	145.66667	145.66667	147.33333	151.0	150.66667	150.33333	149.66667	151.33333	142.66667	129.66667	120.333336	120.0	127.0	134.33333	135.33333	134.66667	134.33333	145.0	138.0	
