141.66667	176.33333	190.66667	194.66667	195.0	199.0	204.0	208.33333	211.66667	216.0	221.66667	226.0	229.0	232.66667	233.33333	235.33333	235.33333	232.0	231.66667	231.0	229.0	224.33333	219.66667	215.33333	209.66667	208.0	206.0	202.0	199.33333	198.0	198.0	201.66667	188.66667	117.333336	61.333332	60.0	
149.0	182.66667	194.66667	197.33333	196.66667	200.66667	207.0	212.0	215.33333	219.33333	225.0	229.0	231.33333	232.33333	233.66667	235.0	234.66667	233.66667	233.66667	232.0	228.66667	224.66667	219.66667	214.0	208.33333	205.66667	203.66667	201.33333	198.66667	197.0	203.0	217.0	204.33333	130.33333	67.333336	65.0	
152.0	191.0	196.33333	195.33333	196.0	199.33333	207.33333	212.66667	216.0	219.66667	225.66667	229.0	230.66667	231.66667	235.66667	236.33333	234.0	237.0	237.0	234.0	229.66667	225.66667	221.33333	214.66667	208.66667	204.66667	201.33333	199.66667	198.33333	198.33333	204.66667	210.66667	196.33333	130.33333	60.0	46.333332	
150.0	183.33333	190.66667	191.33333	192.66667	197.66667	205.66667	212.0	216.66667	221.0	226.66667	230.33333	232.33333	233.33333	233.66667	233.66667	234.66667	234.66667	235.33333	236.0	234.33333	230.0	224.0	216.33333	208.66667	204.33333	200.33333	199.0	197.33333	198.33333	207.66667	211.66667	198.0	132.0	57.0	31.0	
154.0	178.0	186.0	188.33333	192.33333	197.0	204.33333	211.66667	218.0	222.66667	227.66667	231.0	233.66667	234.0	231.66667	232.66667	234.66667	232.66667	232.66667	233.33333	232.0	228.33333	222.33333	215.33333	207.66667	202.66667	200.0	198.66667	196.33333	195.33333	204.33333	209.33333	193.33333	131.0	50.333332	23.0	
147.0	172.0	187.0	187.33333	192.33333	196.0	203.33333	211.0	217.33333	222.0	227.0	230.66667	232.66667	233.33333	230.0	230.33333	232.66667	231.33333	230.33333	230.0	229.33333	224.66667	218.66667	213.0	206.33333	201.33333	199.66667	197.66667	195.33333	194.0	199.66667	201.66667	187.33333	135.0	47.0	14.333333	
137.33333	165.0	186.0	188.66667	190.66667	194.0	202.0	209.0	214.66667	218.33333	224.0	227.33333	230.33333	231.33333	228.66667	229.33333	231.33333	230.66667	229.66667	228.33333	226.0	221.66667	216.66667	211.0	205.33333	201.33333	199.33333	197.33333	195.33333	192.33333	193.66667	196.33333	186.33333	139.0	48.666668	12.0	
132.66667	160.33333	182.66667	190.66667	189.66667	193.0	200.33333	208.33333	211.33333	213.66667	220.0	223.33333	227.0	229.66667	227.0	228.0	230.0	229.66667	228.66667	226.33333	224.0	221.33333	217.0	213.0	207.33333	203.33333	199.66667	197.33333	195.0	193.0	191.0	187.33333	177.0	137.66667	52.333332	11.0	
123.0	155.66667	178.33333	188.33333	189.33333	192.33333	198.33333	204.66667	210.33333	213.66667	219.0	223.66667	228.33333	230.33333	229.0	229.0	230.0	230.0	230.0	229.33333	227.66667	226.33333	224.0	219.33333	212.66667	206.33333	201.0	199.66667	196.66667	193.66667	189.66667	179.66667	172.66667	140.66667	54.333332	9.0	
104.333336	145.66667	169.0	182.66667	188.33333	192.33333	197.33333	202.0	209.66667	215.33333	219.33333	225.0	230.0	231.66667	230.66667	231.66667	231.0	232.66667	231.66667	232.66667	232.33333	231.33333	229.0	223.33333	214.66667	206.33333	201.33333	200.66667	197.66667	194.66667	192.33333	180.66667	170.0	138.33333	58.666668	12.0	
99.666664	140.0	159.0	180.0	189.0	192.33333	197.33333	203.0	210.33333	216.33333	220.66667	226.66667	230.0	232.33333	233.0	232.66667	233.0	234.0	234.33333	234.33333	234.0	232.66667	230.33333	224.33333	215.66667	208.66667	203.66667	202.33333	199.33333	196.33333	197.0	188.33333	174.66667	145.33333	72.666664	14.333333	
92.0	140.33333	159.66667	174.0	186.66667	192.33333	197.33333	203.33333	210.33333	217.0	222.0	227.66667	231.33333	234.0	234.0	234.0	234.0	233.0	233.66667	233.66667	233.33333	231.66667	228.66667	224.33333	218.33333	213.0	207.66667	206.66667	203.66667	201.33333	204.66667	200.0	184.0	157.33333	99.0	25.666666	
80.0	120.333336	148.0	172.33333	189.0	194.33333	198.33333	203.66667	210.0	216.66667	221.33333	227.33333	231.33333	235.66667	237.0	233.66667	233.66667	232.66667	232.0	232.0	233.0	230.33333	226.33333	223.33333	219.33333	214.66667	210.33333	211.33333	210.0	207.33333	212.0	213.33333	191.66667	163.0	121.333336	43.0	
79.666664	120.666664	149.66667	174.0	194.0	199.33333	200.66667	203.66667	209.0	214.66667	220.33333	223.33333	228.0	231.0	232.33333	229.33333	231.33333	231.33333	228.33333	229.0	229.33333	226.66667	223.0	220.0	213.33333	208.33333	204.0	191.0	181.66667	183.66667	192.0	209.66667	202.66667	172.33333	142.0	61.0	
70.333336	127.0	160.66667	185.0	199.33333	207.0	206.66667	205.0	208.33333	214.33333	217.0	215.0	218.0	218.33333	220.33333	221.33333	220.0	221.33333	217.0	219.66667	217.33333	206.0	190.66667	174.66667	160.0	146.33333	138.0	122.333336	106.333336	111.333336	127.0	144.0	177.0	181.66667	166.33333	87.666664	
64.333336	128.66667	168.66667	198.66667	201.33333	198.66667	196.0	201.33333	202.66667	200.33333	197.33333	195.33333	200.0	209.66667	208.0	209.33333	212.0	209.0	200.0	194.33333	181.33333	151.33333	114.333336	91.666664	80.333336	67.333336	72.0	91.333336	105.666664	120.0	125.333336	116.0	124.0	165.66667	186.33333	120.333336	
60.0	131.33333	161.66667	163.0	142.33333	131.66667	136.66667	141.66667	135.33333	123.0	119.333336	128.33333	139.33333	172.33333	187.66667	193.66667	199.33333	201.33333	188.0	160.33333	131.0	110.666664	93.666664	70.666664	47.333332	41.666668	48.666668	58.333332	85.0	110.0	128.0	128.0	126.333336	147.66667	188.66667	146.0	
61.0	131.33333	130.66667	107.333336	101.333336	106.333336	103.0	82.333336	68.0	63.0	63.666668	77.0	89.333336	110.333336	136.0	175.66667	194.66667	199.66667	183.33333	146.66667	118.0	115.0	105.333336	87.333336	88.333336	71.333336	64.333336	53.0	62.0	59.0	88.666664	119.333336	136.66667	153.66667	186.33333	155.0	
60.333332	123.333336	108.333336	94.333336	104.333336	101.0	65.333336	46.0	42.333332	50.0	48.666668	65.333336	90.0	106.333336	124.333336	168.0	198.33333	210.66667	192.0	159.66667	145.33333	149.33333	134.33333	153.0	194.66667	126.333336	83.666664	124.333336	142.33333	99.666664	110.666664	135.0	153.33333	163.33333	179.66667	157.66667	
69.666664	127.333336	107.333336	92.666664	76.333336	46.333332	80.666664	115.666664	66.333336	79.0	149.0	152.33333	135.0	155.0	154.66667	177.66667	207.0	226.66667	204.0	176.66667	183.66667	200.0	182.33333	192.0	210.33333	199.33333	167.66667	175.66667	164.33333	153.33333	172.0	173.66667	178.66667	181.0	180.33333	148.33333	
69.333336	127.333336	131.33333	119.0	100.333336	99.333336	165.0	194.33333	143.66667	147.33333	201.66667	205.0	198.33333	215.33333	196.0	187.66667	204.66667	224.66667	207.66667	188.33333	206.0	224.66667	216.33333	199.0	191.33333	190.0	183.0	172.66667	173.66667	191.33333	207.0	200.33333	195.66667	191.33333	184.0	143.33333	
63.333332	132.33333	164.33333	170.0	167.33333	157.33333	170.66667	188.33333	183.33333	182.0	198.0	208.66667	217.33333	223.0	202.0	190.0	204.0	221.0	205.33333	189.66667	204.33333	218.0	210.33333	196.33333	195.66667	196.66667	193.0	191.66667	196.33333	204.66667	209.66667	204.0	200.0	193.0	182.66667	144.66667	
48.333332	126.0	171.33333	189.66667	191.33333	188.66667	186.33333	188.0	186.0	188.66667	200.33333	208.33333	212.66667	216.33333	199.33333	187.0	201.33333	217.66667	201.0	185.33333	197.33333	209.66667	211.66667	204.0	205.0	208.33333	208.33333	209.0	210.0	209.66667	205.0	197.66667	194.0	186.66667	175.33333	144.0	
42.333332	111.333336	167.33333	187.66667	190.33333	192.0	193.66667	191.66667	193.0	198.33333	201.33333	207.0	217.33333	215.0	200.66667	181.66667	195.0	213.66667	197.0	181.0	193.0	206.0	216.66667	217.66667	212.33333	212.33333	211.0	210.66667	209.66667	208.33333	201.0	192.66667	188.0	176.66667	164.0	143.66667	
37.0	87.666664	155.0	181.66667	193.66667	195.33333	197.33333	200.0	200.0	203.66667	212.33333	221.0	224.0	214.66667	199.33333	182.0	191.66667	214.33333	195.0	175.33333	188.66667	201.33333	212.66667	220.0	216.0	210.0	204.66667	202.66667	199.66667	197.0	193.0	185.0	177.0	165.33333	158.33333	147.66667	
33.0	60.0	132.33333	172.0	189.0	193.0	197.33333	200.0	202.33333	206.33333	214.33333	221.0	217.33333	209.0	195.0	185.66667	196.33333	214.33333	198.0	179.66667	185.66667	195.33333	204.33333	215.66667	216.33333	207.0	202.33333	199.0	194.0	190.33333	184.33333	172.66667	161.0	151.0	151.66667	145.66667	
39.333332	54.0	111.333336	154.0	173.66667	184.33333	192.33333	197.0	198.66667	203.0	211.0	215.66667	214.33333	204.33333	189.0	183.0	200.33333	216.33333	203.0	185.33333	182.66667	188.66667	199.0	211.33333	218.33333	213.66667	204.66667	200.33333	193.33333	186.66667	178.66667	166.0	153.0	148.0	154.33333	143.0	
37.666668	47.0	98.0	138.0	158.33333	171.33333	183.0	193.33333	197.66667	204.33333	211.33333	214.0	212.33333	196.33333	179.66667	179.0	203.66667	221.0	207.0	188.33333	178.66667	177.0	193.33333	209.33333	219.33333	215.0	209.66667	203.33333	194.0	184.33333	174.66667	161.66667	149.0	146.66667	153.66667	144.33333	
51.666668	54.0	83.333336	128.33333	149.33333	161.33333	176.66667	188.66667	194.33333	203.33333	212.33333	209.33333	198.0	183.0	178.33333	185.0	207.66667	226.33333	212.66667	191.0	179.33333	174.66667	184.33333	200.0	211.66667	210.0	208.66667	201.66667	191.0	180.0	170.33333	158.66667	149.66667	147.66667	151.0	149.0	
54.0	57.333332	64.666664	131.0	145.33333	157.0	170.66667	181.66667	190.66667	201.66667	206.33333	197.66667	185.66667	179.66667	185.33333	197.66667	219.0	232.66667	217.0	193.66667	183.66667	183.33333	175.66667	186.33333	199.66667	203.0	202.0	195.33333	186.33333	176.66667	167.0	161.33333	156.33333	152.0	151.0	136.33333	
35.0	33.333332	54.666668	123.666664	142.33333	154.0	161.33333	174.0	187.0	195.66667	196.33333	189.33333	183.33333	170.0	167.0	189.66667	218.0	223.33333	210.33333	184.0	165.33333	155.0	161.66667	194.66667	202.0	193.66667	194.0	191.66667	184.33333	176.66667	166.33333	162.0	159.33333	152.33333	144.33333	135.0	
44.333332	40.333332	49.333332	116.0	147.66667	147.66667	155.66667	165.66667	180.66667	189.33333	186.33333	193.66667	195.0	154.33333	96.0	125.333336	188.0	194.66667	176.66667	134.0	80.666664	83.666664	153.0	207.66667	205.66667	185.33333	184.33333	187.33333	183.33333	175.0	167.66667	161.66667	154.66667	143.66667	136.33333	136.0	
38.666668	39.0	43.0	96.0	137.0	148.0	155.66667	163.66667	173.0	184.0	192.33333	203.0	206.0	173.0	127.666664	98.666664	108.333336	120.666664	109.0	87.333336	112.666664	148.33333	183.66667	201.66667	211.33333	198.66667	195.0	188.66667	180.66667	174.66667	169.33333	159.66667	146.33333	136.33333	140.0	143.0	
41.333332	29.333334	33.0	83.333336	121.0	147.33333	155.33333	162.33333	170.33333	185.0	203.0	204.0	207.66667	200.33333	168.0	138.66667	110.666664	67.0	66.333336	128.66667	173.0	187.33333	195.33333	204.33333	208.66667	209.0	211.66667	195.33333	176.66667	169.33333	166.66667	156.0	139.66667	135.66667	143.0	146.33333	
38.666668	30.0	24.333334	63.0	110.0	135.33333	154.0	154.0	169.0	190.0	199.66667	198.33333	195.66667	200.0	197.0	173.33333	158.66667	134.0	140.0	178.0	186.0	194.0	203.0	204.0	204.33333	203.0	203.33333	191.66667	177.0	170.33333	162.33333	151.0	139.33333	136.33333	143.66667	142.66667	
35.333332	39.333332	29.333334	55.333332	107.333336	122.666664	145.33333	157.0	167.0	185.0	197.66667	192.0	186.66667	193.66667	207.33333	214.33333	218.0	212.33333	210.66667	214.0	211.0	205.33333	201.33333	196.33333	193.0	194.0	194.33333	185.0	177.33333	174.0	159.33333	146.66667	139.66667	137.0	139.66667	134.66667	
35.666668	44.666668	43.0	49.333332	98.333336	117.333336	136.66667	155.0	167.0	177.66667	188.0	185.33333	176.0	180.0	176.33333	174.33333	179.0	200.0	203.0	198.66667	199.66667	199.0	190.0	187.66667	175.0	175.66667	184.33333	181.33333	182.66667	173.33333	154.33333	143.66667	138.0	137.0	131.66667	132.66667	
38.666668	42.666668	46.333332	44.0	85.666664	117.333336	130.33333	145.0	158.0	168.66667	182.0	169.66667	137.66667	104.666664	67.666664	65.0	78.333336	102.666664	109.666664	100.666664	104.0	113.0	126.666664	140.33333	142.66667	154.66667	174.0	183.0	184.33333	167.33333	146.0	139.33333	137.33333	134.33333	121.0	135.0	
39.0	40.666668	44.0	35.666668	63.0	109.0	125.0	133.0	150.33333	167.0	176.66667	171.0	151.33333	118.666664	83.666664	74.0	98.333336	101.666664	90.0	86.0	93.0	79.0	89.0	111.666664	142.0	171.33333	185.0	185.66667	172.33333	153.0	137.66667	137.33333	136.33333	130.0	118.333336	142.0	
34.333332	37.666668	39.0	33.0	41.0	85.666664	122.333336	122.666664	132.66667	163.33333	176.33333	191.0	195.66667	186.0	167.33333	157.0	178.66667	196.33333	189.33333	186.66667	186.66667	166.33333	154.33333	158.33333	180.66667	201.66667	195.0	180.0	162.66667	141.0	137.0	142.0	132.0	120.333336	119.666664	150.0	
30.333334	33.0	33.666668	30.333334	27.0	50.333332	108.0	126.333336	116.333336	146.66667	181.66667	186.0	193.33333	185.66667	171.33333	164.66667	168.66667	188.66667	198.33333	198.33333	191.66667	174.0	162.66667	163.33333	183.66667	194.33333	184.0	173.66667	154.0	138.0	138.33333	137.66667	124.666664	114.666664	135.33333	143.66667	
25.0	26.0	26.666666	25.333334	24.333334	21.666666	68.333336	122.0	117.333336	125.666664	175.0	183.0	181.0	187.0	167.33333	155.66667	149.0	153.33333	159.66667	161.66667	152.66667	146.33333	153.33333	171.0	180.66667	182.33333	178.33333	171.0	150.33333	141.66667	139.0	129.33333	115.666664	127.666664	139.0	107.333336	
17.666666	16.333334	16.666666	17.0	17.333334	11.333333	45.0	102.0	114.666664	110.0	144.66667	187.0	174.0	176.33333	170.66667	158.0	142.0	128.0	118.0	115.333336	121.666664	143.33333	161.66667	177.66667	182.0	182.33333	179.0	168.33333	148.33333	140.66667	134.66667	122.333336	111.333336	127.0	102.0	83.333336	
11.333333	10.0	10.333333	11.333333	10.333333	9.0	34.0	85.0	98.0	106.666664	126.0	173.33333	181.0	174.33333	176.0	175.33333	165.0	167.66667	160.33333	160.0	163.66667	172.0	180.66667	183.0	187.66667	186.0	178.33333	164.0	145.66667	138.66667	126.0	102.0	102.666664	91.0	78.666664	75.666664	
9.333333	9.0	9.666667	9.333333	6.3333335	7.6666665	31.666666	70.0	80.666664	94.333336	108.0	156.66667	180.66667	187.0	184.0	185.0	191.0	197.66667	201.0	203.66667	201.33333	196.33333	196.0	200.66667	201.66667	189.33333	174.0	156.0	136.66667	131.66667	95.333336	74.0	74.666664	73.666664	82.666664	82.666664	
9.333333	9.0	9.666667	9.666667	7.0	8.0	37.666668	55.666668	62.666668	71.0	87.666664	129.0	169.33333	185.0	197.0	199.66667	202.66667	212.66667	214.33333	218.33333	220.66667	215.66667	213.0	213.66667	204.0	185.0	169.0	139.33333	124.333336	90.666664	55.333332	63.0	70.0	76.333336	83.333336	87.333336	
8.666667	9.0	9.0	9.333333	9.0	11.333333	43.0	48.666668	50.333332	53.0	70.666664	90.666664	135.33333	172.0	187.66667	200.66667	203.33333	215.0	217.0	216.33333	213.0	211.66667	209.0	200.66667	185.0	167.0	142.33333	114.333336	86.333336	46.333332	57.0	64.333336	63.333332	69.333336	79.333336	89.333336	
8.666667	8.666667	9.333333	9.333333	10.666667	14.0	44.0	51.0	46.333332	49.0	50.666668	60.0	82.0	136.0	159.66667	179.0	193.0	196.0	194.33333	183.33333	183.0	189.66667	186.33333	177.0	156.66667	133.66667	96.333336	62.666668	43.666668	59.666668	66.333336	67.0	66.666664	65.666664	82.666664	94.333336	
8.333333	8.666667	8.666667	9.666667	12.666667	18.0	43.333332	48.666668	50.0	50.0	45.333332	42.0	41.666668	67.0	106.666664	142.0	166.33333	169.66667	167.0	162.66667	161.33333	156.0	140.66667	122.666664	96.333336	65.333336	33.0	25.666666	47.666668	68.666664	69.333336	69.0	69.333336	79.666664	96.666664	95.333336	
