14.0	15.666667	13.0	60.333332	192.66667	239.0	248.66667	241.0	199.33333	192.66667	230.0	243.33333	250.33333	252.66667	252.66667	243.0	208.66667	188.66667	174.33333	171.0	157.66667	146.33333	139.33333	135.66667	138.66667	135.33333	124.666664	111.0	110.0	105.0	100.333336	91.0	84.0	81.666664	96.0	149.0	
18.333334	20.666666	22.0	90.0	215.0	246.33333	250.33333	237.0	212.0	223.33333	248.0	250.0	252.33333	253.33333	247.33333	230.33333	196.66667	184.0	177.0	171.33333	162.33333	156.33333	154.66667	150.33333	149.0	143.33333	135.33333	133.66667	133.33333	131.0	126.0	117.666664	103.666664	90.666664	87.0	121.666664	
29.0	33.666668	48.333332	142.0	235.66667	251.33333	251.0	242.0	239.66667	250.33333	250.33333	251.33333	252.0	242.0	217.0	196.0	181.33333	175.33333	173.33333	167.66667	163.0	160.66667	161.33333	158.0	156.33333	156.0	153.33333	151.33333	150.33333	150.66667	147.66667	140.33333	132.0	121.0	104.333336	100.0	
40.333332	50.333332	92.666664	212.0	250.66667	254.0	252.33333	243.33333	248.0	253.33333	252.33333	252.0	244.33333	214.66667	190.0	178.0	172.0	169.66667	166.66667	158.66667	159.66667	160.33333	160.33333	159.0	161.0	161.66667	159.33333	157.33333	155.0	154.0	150.0	144.66667	142.0	139.33333	125.666664	103.0	
58.666668	68.0	146.66667	241.66667	252.66667	254.0	251.33333	244.33333	248.66667	251.0	251.0	236.33333	210.0	184.33333	176.66667	170.0	166.0	165.66667	158.33333	151.66667	154.66667	157.33333	155.66667	153.0	156.0	157.66667	156.0	155.33333	152.33333	150.0	147.0	143.33333	141.0	138.0	132.33333	109.333336	
82.666664	93.666664	185.33333	249.33333	253.66667	254.0	251.0	244.66667	248.0	249.66667	244.66667	215.0	186.0	169.33333	165.66667	161.33333	161.33333	160.33333	152.0	147.66667	149.66667	153.0	150.33333	150.0	150.66667	151.33333	151.0	148.0	145.66667	143.33333	142.0	140.66667	140.66667	139.0	131.66667	108.333336	
106.333336	135.33333	221.33333	249.66667	253.0	253.33333	248.0	239.33333	245.0	241.66667	218.66667	175.66667	163.0	160.66667	158.0	156.33333	156.66667	155.66667	145.0	146.33333	150.33333	151.66667	149.66667	151.0	149.66667	150.0	148.33333	142.0	139.0	139.66667	139.33333	137.33333	138.0	139.0	130.66667	104.333336	
152.0	186.0	238.0	251.33333	253.33333	251.0	240.66667	233.66667	237.0	223.33333	198.0	163.33333	156.33333	153.66667	152.33333	153.66667	153.0	153.0	151.33333	147.66667	147.33333	147.66667	148.0	147.66667	146.0	146.66667	144.0	141.33333	133.33333	135.0	137.0	135.33333	137.33333	137.33333	127.666664	101.666664	
168.33333	221.66667	251.33333	253.0	251.66667	246.0	233.0	225.0	224.33333	211.33333	183.33333	155.0	150.0	151.66667	150.33333	150.33333	150.33333	148.66667	150.0	149.0	145.66667	145.0	146.0	144.66667	146.33333	141.66667	137.33333	137.66667	132.0	132.66667	134.0	132.0	135.33333	135.33333	124.666664	99.0	
191.66667	236.66667	253.0	252.33333	251.0	246.0	231.66667	209.33333	203.33333	197.66667	169.0	153.33333	151.0	152.66667	151.33333	150.66667	150.33333	149.0	149.33333	150.66667	144.0	142.33333	145.0	142.66667	143.66667	139.0	136.66667	134.0	133.0	132.66667	131.66667	130.33333	130.0	129.33333	117.333336	93.0	
199.0	240.33333	252.66667	253.0	250.66667	246.66667	222.66667	200.0	193.0	182.66667	163.66667	154.66667	153.66667	152.33333	154.33333	154.0	153.0	150.33333	147.66667	152.33333	151.0	144.66667	146.33333	143.0	141.0	139.66667	137.33333	135.33333	133.0	131.0	131.66667	128.33333	125.0	122.0	108.333336	88.0	
214.66667	245.66667	251.66667	252.66667	244.66667	225.33333	197.33333	183.0	176.0	167.33333	159.0	156.33333	158.66667	154.66667	156.33333	155.66667	155.66667	148.66667	145.0	153.66667	153.33333	145.0	147.66667	144.66667	140.33333	139.66667	134.66667	132.66667	133.33333	133.33333	131.0	124.0	120.333336	114.0	103.0	87.0	
239.0	249.0	251.0	247.66667	230.66667	212.33333	186.66667	168.0	172.66667	163.33333	161.33333	159.0	159.66667	156.66667	156.33333	154.33333	154.66667	149.33333	142.66667	152.66667	149.66667	144.33333	150.0	146.33333	142.0	138.0	134.33333	132.66667	133.33333	135.66667	134.0	126.333336	120.666664	110.666664	98.666664	83.333336	
237.66667	249.33333	250.33333	246.0	230.66667	200.0	176.66667	169.33333	185.33333	179.33333	163.33333	152.33333	152.66667	152.0	150.66667	148.33333	152.33333	149.33333	137.33333	148.0	143.33333	141.33333	145.66667	144.0	140.0	135.0	134.33333	133.33333	135.33333	139.33333	136.0	129.0	119.333336	109.666664	100.0	81.333336	
203.33333	241.0	246.0	236.33333	211.0	179.66667	176.0	171.66667	190.0	171.0	129.33333	104.0	112.0	119.0	125.333336	132.33333	140.0	142.33333	132.0	145.33333	135.66667	136.33333	138.33333	135.0	125.0	112.333336	110.666664	110.333336	115.666664	127.0	133.33333	128.0	114.0	109.0	100.333336	84.0	
173.0	226.33333	242.33333	225.0	199.0	179.66667	177.66667	172.0	164.33333	142.0	104.0	70.333336	63.0	69.666664	89.333336	104.333336	115.666664	131.33333	125.0	143.33333	126.0	121.666664	118.0	108.333336	84.0	73.333336	71.0	71.666664	71.666664	83.0	110.0	123.666664	110.666664	108.666664	103.0	94.333336	
129.33333	197.33333	242.0	218.66667	187.0	172.66667	175.33333	173.33333	146.66667	128.33333	113.0	87.333336	76.666664	70.0	78.0	85.0	101.0	117.666664	117.333336	141.66667	121.666664	102.666664	99.333336	87.333336	75.0	71.666664	63.0	64.666664	76.0	77.666664	84.0	104.666664	110.333336	111.333336	109.0	104.0	
141.33333	205.0	243.33333	215.33333	179.66667	167.33333	178.0	172.66667	153.66667	147.33333	124.0	110.333336	104.666664	102.0	96.0	98.0	101.666664	113.333336	126.0	141.0	125.0	97.333336	89.333336	82.333336	89.0	91.333336	92.666664	97.666664	94.666664	91.0	84.0	86.666664	101.333336	110.666664	117.0	112.333336	
141.33333	211.0	247.66667	235.33333	204.0	175.66667	184.0	166.66667	135.66667	106.0	77.666664	60.0	59.333332	72.0	81.666664	88.333336	93.333336	118.666664	141.33333	141.0	129.33333	107.0	88.333336	81.666664	82.666664	84.0	89.0	99.333336	103.666664	103.0	98.0	96.0	101.666664	109.0	120.333336	117.666664	
156.0	230.0	250.0	247.66667	217.33333	186.66667	185.33333	163.0	123.333336	80.666664	79.333336	52.666668	52.333332	81.666664	82.0	76.333336	78.666664	111.333336	143.0	141.0	126.333336	106.333336	77.333336	68.666664	67.666664	63.333332	41.0	42.666668	54.333332	80.666664	97.333336	99.666664	104.0	113.0	118.0	119.0	
144.0	234.33333	249.33333	238.33333	212.66667	200.0	186.66667	164.66667	140.66667	114.0	111.666664	89.0	84.0	103.0	89.0	77.666664	83.666664	116.0	143.0	138.33333	122.333336	100.666664	76.0	72.0	73.666664	85.666664	59.0	49.333332	69.0	67.333336	77.666664	103.0	111.333336	114.666664	117.666664	117.666664	
139.66667	222.0	234.66667	225.33333	211.66667	211.0	189.66667	172.66667	160.33333	135.33333	117.333336	107.333336	105.0	103.0	97.0	91.333336	99.0	129.33333	141.33333	133.33333	121.666664	98.333336	82.0	75.666664	79.0	90.333336	85.666664	82.0	88.0	87.0	94.333336	106.0	117.666664	122.0	122.333336	115.333336	
121.666664	187.66667	193.66667	197.33333	220.66667	217.66667	188.33333	167.0	158.33333	141.66667	128.0	121.333336	112.666664	103.333336	94.333336	101.0	119.666664	143.66667	141.0	135.66667	127.0	105.666664	93.333336	81.0	83.333336	90.666664	97.0	97.0	96.333336	103.0	111.333336	115.333336	122.333336	125.0	126.0	115.0	
99.0	170.33333	164.0	189.66667	215.33333	206.66667	204.33333	171.33333	154.66667	143.0	132.0	124.333336	111.333336	95.0	106.333336	127.333336	139.0	155.0	145.0	136.0	130.0	116.0	105.333336	95.333336	86.666664	93.333336	104.666664	109.0	111.666664	114.333336	117.666664	121.0	116.333336	114.666664	124.0	122.333336	
83.333336	159.0	159.66667	183.33333	216.66667	211.33333	212.0	177.66667	153.33333	135.0	123.666664	116.0	106.0	116.333336	136.66667	140.33333	147.0	156.0	144.33333	137.0	130.66667	120.333336	114.0	115.0	101.666664	90.333336	103.333336	114.666664	119.0	119.666664	119.666664	124.0	118.0	111.666664	118.666664	120.333336	
77.0	137.66667	159.33333	155.0	198.66667	213.0	183.33333	154.66667	146.0	137.33333	125.333336	128.66667	139.33333	141.0	144.66667	152.33333	160.0	155.66667	146.66667	138.0	134.0	123.666664	118.666664	119.0	125.666664	108.666664	96.666664	107.333336	117.666664	122.333336	123.0	125.0	125.666664	117.666664	110.666664	116.0	
81.666664	113.0	160.0	148.33333	183.33333	202.33333	154.66667	139.33333	135.66667	131.0	137.33333	154.33333	147.66667	137.66667	137.33333	165.0	164.0	152.66667	147.0	139.33333	136.0	128.33333	118.0	117.666664	127.0	127.333336	119.666664	115.0	117.333336	124.333336	125.333336	124.666664	124.666664	117.666664	112.333336	114.0	
101.0	105.666664	149.0	143.33333	171.0	196.66667	146.0	136.66667	132.66667	139.66667	158.0	157.0	140.33333	126.666664	150.66667	167.33333	159.33333	145.33333	143.0	140.0	137.33333	131.0	118.0	110.666664	119.666664	132.33333	130.66667	126.333336	121.666664	123.333336	119.666664	119.666664	117.0	108.666664	110.666664	110.333336	
106.333336	103.666664	125.333336	155.66667	170.0	197.0	146.0	134.33333	134.66667	150.33333	160.0	148.66667	128.66667	121.666664	154.33333	158.33333	148.0	137.0	135.33333	138.0	133.33333	126.333336	122.0	112.0	109.333336	130.66667	131.66667	126.0	123.0	116.0	111.666664	112.666664	110.666664	106.333336	108.0	103.666664	
101.0	99.666664	112.0	168.0	181.33333	200.0	145.0	133.0	136.0	152.66667	153.33333	137.66667	115.666664	119.333336	140.66667	141.66667	133.33333	130.66667	133.33333	134.0	123.666664	118.0	120.0	111.0	102.333336	127.0	134.66667	128.33333	121.333336	113.666664	110.333336	111.333336	110.0	109.666664	106.666664	104.0	
96.666664	96.0	99.0	163.66667	195.33333	195.66667	144.0	133.66667	142.0	152.66667	144.0	124.666664	108.666664	119.333336	119.666664	119.333336	122.666664	121.333336	124.666664	121.333336	112.333336	107.0	109.0	106.333336	105.333336	119.0	132.0	129.33333	121.666664	113.0	109.0	112.666664	113.666664	110.333336	105.333336	101.666664	
99.0	96.0	92.0	138.66667	206.33333	196.33333	138.66667	134.66667	146.33333	151.0	136.66667	115.0	113.0	130.33333	122.666664	104.333336	105.333336	102.666664	102.333336	102.333336	92.333336	79.0	90.666664	105.666664	114.0	113.333336	129.33333	129.0	120.666664	114.0	113.0	113.666664	115.666664	112.0	106.666664	103.666664	
99.333336	95.666664	89.0	127.333336	219.66667	213.66667	145.66667	137.66667	146.33333	147.0	130.0	110.333336	126.333336	140.66667	140.33333	127.666664	108.333336	90.333336	81.666664	79.333336	89.666664	89.666664	102.0	115.0	119.0	110.333336	122.666664	128.33333	122.666664	117.666664	116.333336	113.333336	112.666664	108.666664	104.0	104.666664	
95.0	91.0	94.333336	125.0	202.0	198.66667	151.0	137.66667	145.0	142.33333	120.666664	110.666664	138.66667	146.33333	141.66667	135.0	115.666664	97.666664	97.333336	95.333336	108.666664	113.0	117.333336	120.0	124.0	113.333336	114.333336	123.333336	119.333336	119.0	115.333336	112.0	108.0	103.333336	100.666664	100.666664	
91.333336	90.0	104.666664	118.333336	151.0	162.66667	161.33333	134.66667	140.33333	137.0	110.333336	120.0	140.66667	137.0	132.0	122.666664	102.0	93.0	97.666664	98.666664	110.0	119.333336	119.666664	119.333336	120.333336	116.333336	105.666664	116.666664	118.666664	116.666664	115.0	111.666664	105.333336	101.0	98.666664	96.0	
90.0	93.0	113.333336	118.333336	118.666664	125.666664	168.33333	135.0	138.33333	130.0	118.333336	124.0	125.0	107.666664	106.333336	105.666664	89.0	85.666664	77.666664	83.333336	94.666664	106.666664	108.333336	114.0	112.666664	116.0	107.0	104.333336	117.666664	113.333336	111.666664	112.333336	107.666664	102.666664	97.666664	98.0	
89.333336	97.333336	116.333336	118.333336	118.333336	117.666664	153.66667	144.0	135.33333	124.666664	116.666664	97.0	90.333336	92.0	86.333336	90.333336	95.0	97.0	82.333336	81.333336	83.333336	89.0	83.333336	85.0	91.333336	106.333336	109.666664	95.333336	113.333336	113.333336	109.666664	112.666664	108.666664	101.333336	94.666664	97.333336	
90.0	107.333336	117.333336	116.666664	116.333336	117.333336	132.66667	146.66667	135.0	124.0	110.333336	91.333336	74.0	65.333336	58.333332	69.0	84.666664	86.333336	77.0	73.333336	68.666664	74.666664	72.666664	69.0	60.333332	73.666664	92.0	91.666664	109.666664	114.0	106.0	111.333336	108.333336	96.666664	93.0	97.666664	
92.0	113.0	116.0	115.0	115.666664	116.333336	125.666664	145.66667	130.66667	124.0	109.666664	101.333336	104.0	77.0	54.333332	68.666664	93.666664	104.0	94.666664	89.0	69.666664	57.333332	63.0	65.0	72.333336	73.0	83.333336	97.0	111.666664	113.0	103.0	110.0	108.333336	95.333336	94.0	98.666664	
98.666664	116.333336	116.333336	116.333336	116.0	116.666664	120.0	139.0	130.66667	125.333336	112.666664	108.0	122.666664	113.0	86.333336	66.0	72.333336	80.333336	75.333336	73.0	70.0	81.0	92.0	98.0	100.666664	96.666664	90.333336	102.333336	113.666664	109.333336	102.0	107.666664	104.666664	95.0	96.666664	100.0	
109.0	117.666664	115.333336	116.333336	116.0	116.666664	117.666664	130.66667	133.0	122.333336	110.666664	113.0	125.666664	121.666664	119.0	103.0	88.666664	88.333336	90.333336	95.0	100.0	105.0	102.333336	104.0	109.333336	104.0	96.0	100.0	108.333336	102.0	100.666664	104.333336	99.333336	98.333336	102.333336	102.666664	
119.666664	118.333336	116.0	117.333336	117.0	115.333336	116.0	124.0	141.0	119.333336	113.0	120.666664	122.333336	119.333336	114.333336	109.333336	106.333336	104.333336	102.0	97.333336	92.666664	94.0	99.0	105.333336	109.666664	106.666664	101.666664	97.666664	102.0	98.0	100.333336	104.0	97.0	98.666664	101.666664	101.333336	
123.333336	120.0	118.0	118.0	117.0	115.666664	117.333336	121.666664	147.0	126.666664	122.666664	122.333336	120.666664	119.0	104.666664	93.333336	88.333336	85.333336	85.666664	86.333336	85.333336	92.0	100.0	105.333336	107.333336	106.333336	103.0	101.0	99.333336	95.666664	100.333336	101.666664	100.0	95.0	99.0	100.666664	
123.666664	121.0	117.666664	116.666664	116.333336	116.333336	118.0	120.666664	150.33333	136.33333	123.0	122.333336	122.333336	119.0	110.666664	101.666664	97.333336	95.0	99.0	99.666664	96.333336	99.0	102.666664	104.666664	106.0	105.333336	104.0	102.666664	98.666664	94.333336	103.333336	101.0	101.333336	95.666664	95.0	97.0	
123.0	122.0	118.666664	118.0	117.0	117.666664	118.666664	120.666664	149.0	146.0	119.666664	117.666664	123.666664	119.0	117.0	115.666664	111.0	105.333336	105.0	107.0	107.333336	108.666664	109.333336	108.666664	107.333336	105.333336	102.666664	96.666664	93.0	101.0	102.333336	99.333336	99.0	96.666664	95.666664	95.666664	
123.0	122.0	119.666664	117.333336	117.0	118.333336	120.0	120.0	136.66667	149.66667	120.666664	111.666664	119.666664	121.666664	118.666664	123.0	119.0	112.333336	112.0	110.666664	110.666664	108.0	109.0	110.666664	107.0	104.333336	100.0	91.666664	95.0	101.0	100.333336	100.0	95.333336	93.0	96.0	105.333336	
123.0	120.666664	119.666664	116.666664	117.0	119.333336	121.0	120.0	125.333336	147.33333	128.33333	108.333336	109.333336	115.333336	114.333336	114.666664	108.0	103.333336	105.0	104.0	103.0	100.666664	99.333336	99.0	98.666664	100.0	95.666664	92.333336	93.333336	95.0	97.0	96.333336	90.333336	96.0	102.666664	150.0	
122.0	120.666664	119.666664	118.333336	118.666664	119.666664	121.0	118.0	129.33333	186.33333	136.0	111.666664	104.333336	106.333336	104.333336	98.666664	92.666664	89.0	87.333336	85.0	83.333336	83.333336	83.666664	85.666664	88.666664	91.0	93.0	90.333336	92.666664	96.333336	95.333336	92.0	88.333336	105.333336	145.66667	193.33333	
122.0	120.333336	118.333336	118.666664	118.333336	119.0	116.333336	108.333336	142.33333	228.33333	170.33333	114.0	107.333336	105.666664	102.333336	99.0	93.0	85.0	83.0	79.0	74.666664	75.666664	80.0	84.0	89.0	92.0	91.333336	90.333336	92.666664	94.0	92.666664	89.666664	106.666664	158.33333	195.33333	200.66667	
