27.666666	27.666666	30.333334	31.333334	36.666668	37.333332	40.666668	38.333332	37.666668	37.333332	38.666668	42.0	46.666668	46.0	56.0	75.666664	75.333336	69.333336	60.666668	65.666664	75.333336	77.333336	88.666664	98.0	134.66667	121.666664	147.0	142.0	61.333332	52.333332	49.666668	46.333332	49.666668	51.333332	51.0	49.666668	
27.0	29.0	30.0	34.333332	35.666668	32.333332	36.666668	37.0	34.666668	33.333332	35.0	37.0	41.0	41.0	43.0	44.333332	43.333332	43.0	42.0	43.666668	42.666668	46.666668	47.0	47.0	45.333332	44.666668	58.333332	61.666668	47.666668	48.333332	49.333332	49.0	49.666668	50.333332	48.333332	45.666668	
27.0	29.0	32.0	38.333332	31.333334	31.0	37.666668	40.0	36.0	36.0	37.666668	40.0	42.0	43.0	45.666668	45.666668	46.0	45.333332	46.666668	48.666668	50.333332	51.0	49.666668	48.666668	46.666668	45.666668	44.333332	44.666668	46.0	47.666668	49.0	50.0	47.333332	48.0	45.666668	43.666668	
26.666666	28.0	33.0	39.666668	32.333332	39.333332	44.666668	43.333332	40.0	39.0	39.0	40.666668	41.0	41.0	42.333332	44.666668	45.0	42.666668	45.666668	51.0	52.333332	51.333332	49.0	46.0	43.0	43.333332	45.666668	45.666668	48.0	51.0	51.333332	50.333332	46.666668	46.333332	47.0	46.666668	
25.333334	28.0	32.333332	40.333332	39.0	45.333332	43.333332	40.666668	36.0	35.666668	37.0	37.333332	38.0	41.666668	42.666668	44.333332	41.333332	38.333332	39.333332	41.666668	43.333332	44.0	43.333332	42.666668	42.666668	43.333332	41.666668	41.0	43.0	47.0	47.666668	50.666668	51.0	49.333332	48.666668	48.333332	
22.333334	25.0	29.666666	39.666668	43.0	45.0	40.333332	36.666668	35.666668	34.333332	33.0	34.666668	35.666668	37.666668	40.666668	43.666668	43.333332	43.666668	43.666668	49.333332	54.666668	54.666668	53.666668	50.666668	47.666668	47.0	47.333332	46.666668	44.666668	45.666668	43.0	44.0	46.666668	47.666668	49.0	49.0	
22.666666	23.333334	27.666666	37.666668	37.0	32.333332	31.666666	31.666666	32.666668	34.333332	32.666668	35.666668	37.666668	42.0	44.666668	45.666668	45.333332	48.333332	51.333332	55.0	58.666668	60.666668	61.666668	60.333332	57.0	56.666668	55.666668	50.666668	50.0	48.666668	47.666668	44.666668	45.0	43.666668	44.333332	44.333332	
22.0	23.666666	28.0	32.666668	24.666666	25.333334	35.0	37.666668	36.666668	36.666668	38.666668	37.666668	40.666668	47.333332	49.333332	48.333332	51.0	52.333332	55.0	56.666668	58.666668	60.666668	61.666668	62.666668	61.0	61.666668	60.666668	56.0	53.666668	51.666668	49.666668	47.666668	44.333332	43.666668	43.0	45.666668	
21.333334	22.666666	30.333334	37.0	40.666668	42.666668	40.0	38.333332	38.666668	39.333332	41.666668	40.666668	42.666668	48.666668	52.333332	54.0	54.666668	57.0	59.0	61.666668	62.666668	63.666668	62.666668	63.666668	61.333332	63.666668	64.0	62.666668	59.666668	56.666668	52.666668	50.666668	51.0	50.0	43.333332	44.0	
20.666666	24.333334	30.666666	42.333332	43.0	40.0	37.666668	38.333332	38.666668	42.0	44.666668	44.666668	47.666668	53.666668	58.0	59.0	63.333332	67.666664	68.0	67.0	68.666664	69.0	67.666664	67.666664	66.0	67.666664	66.333336	64.0	63.333332	63.333332	58.666668	53.666668	54.0	54.0	51.0	48.0	
19.666666	28.333334	35.0	39.666668	39.333332	39.0	38.333332	38.666668	42.0	45.0	45.0	47.0	51.333332	55.0	59.333332	63.333332	70.666664	73.0	69.0	70.0	74.333336	71.0	70.666664	73.0	69.666664	70.666664	70.666664	68.666664	68.666664	67.0	62.666668	60.333332	58.666668	58.0	57.333332	52.666668	
17.0	24.333334	38.333332	38.666668	38.666668	39.666668	41.333332	45.0	45.666668	44.0	44.0	45.0	48.0	51.666668	54.666668	57.333332	58.0	57.666668	56.0	61.0	68.0	69.666664	71.333336	70.666664	70.0	72.666664	73.666664	74.0	73.333336	70.666664	67.0	64.0	61.666668	58.333332	57.333332	54.333332	
14.0	24.0	56.333332	40.333332	38.0	40.0	43.0	46.666668	46.0	47.0	46.0	41.0	33.0	27.666666	22.333334	18.666666	17.333334	18.333334	19.333334	22.0	27.0	35.333332	46.333332	59.333332	70.666664	73.666664	73.333336	73.666664	72.333336	69.333336	68.666664	68.0	66.333336	62.666668	58.333332	53.333332	
13.333333	38.666668	86.666664	42.333332	37.0	37.333332	42.0	50.0	47.333332	34.0	24.0	18.0	15.333333	14.0	13.333333	12.666667	13.333333	14.333333	13.666667	14.0	13.333333	14.333333	15.666667	19.0	32.333332	50.333332	68.0	71.0	68.0	67.666664	66.333336	64.666664	63.0	62.0	58.666668	55.666668	
15.333333	49.0	71.333336	42.0	38.0	39.666668	46.666668	41.666668	28.333334	16.333334	13.333333	13.666667	15.333333	16.666666	17.333334	16.333334	17.333334	19.333334	17.666666	15.666667	14.666667	15.666667	17.666666	14.333333	14.333333	15.666667	25.333334	43.0	67.0	72.666664	68.666664	63.0	62.333332	61.0	60.333332	55.0	
17.0	67.666664	75.0	52.333332	50.666668	57.333332	58.666668	37.0	27.0	26.666666	26.0	24.333334	21.0	22.666666	27.666666	31.333334	35.333332	32.666668	25.333334	23.666666	19.666666	21.666666	23.333334	19.666666	16.0	15.666667	13.333333	13.0	23.666666	48.0	68.666664	67.666664	61.333332	59.666668	59.666668	55.333332	
17.0	74.0	105.333336	99.666664	63.0	115.333336	100.0	47.333332	44.666668	52.666668	56.666668	53.666668	47.0	43.333332	44.0	53.0	67.333336	73.333336	62.666668	53.333332	43.0	36.666668	32.333332	25.0	20.666666	18.0	15.666667	14.0	13.333333	16.333334	30.666666	56.666668	71.333336	67.333336	57.333332	52.666668	
16.333334	73.333336	146.0	143.66667	94.0	145.33333	123.333336	64.0	59.666668	59.666668	51.666668	44.333332	35.333332	38.333332	37.333332	46.666668	59.333332	78.666664	84.333336	81.333336	82.333336	73.0	57.0	41.666668	33.666668	27.333334	22.0	20.0	20.333334	22.666666	30.666666	64.0	109.666664	112.666664	88.0	73.666664	
15.333333	71.0	153.0	112.333336	102.666664	156.66667	150.66667	93.666664	64.333336	49.666668	48.0	45.0	28.0	39.333332	63.0	55.333332	50.666668	57.666668	75.333336	86.666664	93.0	84.333336	73.0	59.333332	47.333332	39.0	35.0	34.333332	32.333332	51.666668	83.333336	118.333336	162.66667	192.0	188.66667	184.66667	
12.666667	60.666668	154.0	99.333336	112.0	164.0	172.0	132.66667	81.333336	72.0	74.333336	67.333336	57.666668	64.0	97.0	82.333336	71.0	55.666668	73.666664	101.0	103.666664	93.0	78.666664	64.666664	51.666668	47.333332	30.0	26.666666	37.0	82.0	144.33333	167.66667	170.0	201.33333	235.33333	240.66667	
12.0	47.0	164.33333	128.0	126.666664	167.66667	183.0	161.0	105.0	89.0	89.0	92.0	91.333336	93.0	94.666664	98.333336	84.0	57.333332	77.0	107.666664	113.666664	99.333336	93.333336	80.666664	71.333336	76.666664	55.333332	46.0	61.666668	85.0	117.333336	174.66667	185.0	212.66667	242.33333	244.0	
11.666667	31.666666	155.66667	172.0	149.0	168.33333	186.66667	181.33333	131.66667	105.0	103.666664	102.0	101.0	99.666664	93.333336	90.333336	70.333336	58.666668	82.333336	113.333336	143.33333	140.0	118.333336	106.666664	85.666664	87.0	97.666664	119.666664	158.0	195.33333	183.66667	193.0	216.33333	232.66667	247.66667	248.66667	
10.333333	19.333334	129.0	205.66667	164.0	163.66667	185.0	192.0	158.33333	116.666664	112.666664	118.333336	117.666664	111.333336	97.666664	84.666664	63.0	66.666664	95.0	139.33333	201.33333	214.0	175.0	146.66667	114.666664	96.666664	100.333336	120.0	157.33333	202.33333	230.66667	242.33333	245.33333	248.0	252.33333	251.33333	
10.333333	13.333333	91.666664	194.66667	159.0	154.66667	176.66667	189.0	172.33333	126.0	113.333336	120.333336	123.333336	115.0	100.666664	82.0	65.333336	78.666664	121.333336	188.0	241.0	244.66667	223.33333	186.66667	158.0	141.0	133.0	134.0	153.0	189.0	224.33333	246.0	251.0	251.66667	251.33333	250.0	
8.666667	10.333333	65.333336	170.33333	152.0	145.0	165.33333	180.33333	179.0	144.0	118.333336	120.0	121.666664	113.666664	103.0	81.666664	72.666664	91.0	135.33333	201.0	245.0	251.0	247.0	214.66667	177.66667	173.33333	176.33333	181.66667	194.66667	223.0	240.33333	248.0	252.33333	252.0	251.0	247.33333	
7.3333335	10.666667	58.333332	155.0	145.0	145.0	159.66667	174.0	180.33333	164.66667	133.66667	125.333336	121.0	113.0	101.0	79.666664	79.666664	94.666664	139.0	202.0	239.33333	249.33333	250.0	222.33333	183.0	183.33333	191.66667	202.33333	217.33333	241.33333	249.33333	251.66667	252.66667	252.0	249.0	238.0	
6.6666665	8.0	40.333332	137.66667	148.33333	144.0	153.0	166.0	172.0	169.0	147.66667	128.66667	118.333336	110.666664	95.333336	78.333336	89.0	104.0	147.33333	202.66667	238.0	248.0	243.0	205.0	184.33333	188.0	195.33333	208.66667	228.0	247.66667	251.33333	253.0	250.0	248.0	245.0	229.33333	
5.0	6.6666665	18.666666	79.0	129.0	139.66667	145.66667	154.66667	161.33333	162.66667	154.0	131.66667	115.333336	96.666664	83.666664	93.0	100.666664	127.333336	167.0	211.66667	242.66667	248.0	234.0	179.66667	156.66667	180.66667	194.0	210.66667	232.0	248.33333	252.66667	251.33333	246.0	241.0	239.33333	222.66667	
3.0	4.3333335	8.0	21.666666	75.0	129.66667	140.33333	148.0	155.0	159.66667	158.33333	140.0	117.0	82.666664	78.0	87.333336	90.0	126.0	162.0	203.66667	225.0	231.33333	236.66667	192.33333	135.33333	147.0	174.66667	201.66667	223.0	234.0	244.0	246.0	242.0	235.33333	232.33333	221.33333	
3.0	4.0	6.0	10.333333	49.333332	123.0	134.0	141.33333	152.0	160.0	161.33333	151.0	130.33333	95.0	69.0	51.0	50.0	81.0	119.0	162.0	144.66667	125.666664	186.66667	191.0	145.66667	120.333336	143.33333	181.33333	211.0	225.0	230.66667	236.33333	237.33333	234.0	230.0	221.0	
3.3333333	3.3333333	5.0	7.0	38.0	113.666664	120.0	129.33333	144.66667	153.66667	157.0	160.66667	159.0	134.33333	98.666664	70.0	55.666668	61.666668	89.666664	139.0	143.0	133.0	168.33333	194.0	166.0	128.66667	115.333336	158.0	205.0	221.33333	222.0	226.33333	232.33333	232.33333	228.66667	217.0	
2.0	2.6666667	4.0	5.3333335	27.333334	100.666664	110.666664	115.0	135.0	148.0	157.0	174.66667	180.33333	151.0	122.0	105.666664	98.333336	103.666664	124.333336	137.66667	201.0	228.33333	236.66667	235.66667	205.0	167.66667	121.0	138.0	195.66667	223.0	220.66667	220.0	227.66667	230.66667	227.0	213.66667	
2.0	2.6666667	4.0	5.0	18.0	87.0	110.666664	106.666664	121.0	139.33333	153.66667	175.33333	179.66667	162.33333	141.33333	126.0	127.666664	147.66667	171.33333	154.33333	196.0	230.33333	238.33333	243.0	226.66667	201.33333	160.33333	127.666664	178.66667	223.66667	225.66667	217.66667	221.33333	224.66667	221.33333	214.66667	
1.3333334	1.6666666	4.0	4.6666665	12.666667	73.333336	112.666664	108.666664	111.333336	130.66667	146.0	158.66667	160.66667	160.66667	154.33333	140.0	138.33333	166.0	186.66667	161.66667	189.0	221.66667	228.33333	234.0	223.33333	208.66667	199.0	142.66667	165.0	219.0	226.0	213.33333	210.33333	215.33333	214.33333	215.0	
2.0	2.0	3.6666667	4.6666665	9.333333	60.333332	113.666664	114.333336	110.333336	129.0	138.33333	124.0	121.0	137.33333	135.33333	110.666664	101.333336	124.0	159.0	157.66667	173.66667	198.33333	211.33333	208.66667	200.0	185.66667	196.66667	163.66667	148.0	214.66667	224.33333	206.33333	204.33333	210.33333	210.0	214.0	
3.3333333	3.3333333	3.3333333	4.6666665	9.333333	67.0	111.333336	113.666664	111.333336	129.0	133.66667	99.333336	86.333336	82.0	64.666664	51.333332	46.666668	54.666668	68.333336	86.333336	94.666664	108.666664	132.0	149.0	149.33333	133.0	162.66667	171.0	140.33333	212.33333	223.66667	207.0	204.66667	207.66667	206.33333	209.66667	
4.0	4.0	5.0	6.0	13.0	85.333336	115.333336	109.666664	113.0	123.666664	130.66667	113.333336	127.333336	120.0	91.0	86.333336	59.333332	40.333332	31.666666	37.333332	49.333332	70.0	105.333336	120.0	94.0	82.666664	123.666664	163.66667	150.33333	216.0	223.66667	207.66667	205.66667	205.66667	211.66667	197.66667	
4.6666665	5.3333335	5.6666665	5.3333335	17.666666	104.333336	126.0	104.0	111.333336	115.333336	122.666664	127.666664	144.33333	151.33333	135.66667	155.33333	151.66667	121.0	107.666664	107.333336	120.0	148.66667	203.0	218.66667	188.33333	152.33333	130.66667	139.66667	163.66667	220.0	216.33333	205.33333	205.33333	204.66667	218.66667	174.0	
5.0	4.6666665	5.3333335	6.0	24.666666	121.0	139.33333	107.0	109.666664	111.0	115.666664	127.333336	138.0	137.33333	128.33333	131.0	143.66667	149.33333	152.33333	159.33333	167.33333	195.33333	236.66667	245.33333	231.0	207.66667	166.33333	136.66667	173.33333	215.33333	208.66667	203.0	201.0	203.66667	218.33333	149.33333	
9.0	8.666667	9.0	11.666667	33.666668	127.0	149.33333	117.333336	104.333336	110.666664	109.0	120.333336	123.333336	121.0	114.0	102.666664	101.666664	114.666664	123.333336	134.0	151.33333	189.0	231.66667	239.0	227.0	212.0	183.0	150.66667	181.33333	200.33333	198.33333	198.33333	196.66667	209.33333	211.0	131.66667	
16.333334	15.666667	16.0	18.333334	42.0	131.33333	151.33333	133.33333	98.666664	109.0	110.0	116.0	118.333336	113.333336	110.0	97.333336	84.666664	89.666664	91.0	99.0	125.0	172.33333	215.66667	227.0	219.33333	210.0	196.33333	178.66667	192.0	192.66667	193.0	195.0	201.0	209.33333	202.33333	119.0	
14.666667	16.666666	19.0	19.0	47.666668	136.66667	151.0	139.0	99.0	103.0	114.666664	114.333336	118.333336	116.0	112.0	106.666664	97.333336	102.0	100.0	103.666664	123.666664	163.0	205.66667	221.0	215.33333	209.66667	202.0	204.33333	202.33333	196.0	197.0	196.66667	203.33333	200.33333	196.0	103.333336	
16.666666	19.0	19.0	17.0	62.333332	139.33333	148.33333	140.0	113.0	98.0	114.333336	118.333336	126.0	123.0	107.666664	98.333336	94.666664	104.666664	107.333336	104.333336	114.333336	145.0	191.33333	213.33333	211.33333	210.33333	212.33333	217.33333	210.33333	203.66667	197.0	192.66667	193.66667	195.33333	189.0	90.0	
17.0	15.333333	16.666666	29.333334	115.0	145.33333	146.33333	140.66667	122.0	88.666664	102.0	115.666664	129.66667	131.66667	123.666664	109.666664	107.333336	116.0	119.333336	116.0	121.666664	142.66667	179.66667	205.0	208.66667	212.0	218.66667	220.0	210.66667	202.33333	196.0	189.0	185.33333	195.0	174.0	60.0	
14.666667	14.333333	16.0	66.333336	148.33333	145.66667	145.33333	139.66667	129.0	93.333336	83.666664	105.0	125.666664	136.33333	137.33333	141.66667	139.66667	137.66667	130.33333	130.33333	145.33333	165.0	189.33333	202.33333	208.66667	212.33333	214.66667	215.0	205.0	194.33333	188.33333	182.66667	185.0	195.66667	159.33333	31.0	
14.666667	16.0	23.333334	107.333336	154.33333	147.0	143.33333	138.33333	131.0	117.333336	85.0	88.666664	114.0	132.33333	137.33333	149.66667	155.66667	155.0	145.33333	146.33333	164.33333	184.0	197.0	200.33333	205.33333	211.0	210.66667	202.66667	187.66667	183.0	177.33333	180.33333	185.0	194.66667	168.0	54.333332	
14.666667	15.0	37.333332	137.33333	151.33333	148.66667	143.66667	139.66667	129.0	125.666664	111.0	80.0	88.333336	110.666664	116.0	127.0	135.0	139.33333	137.0	135.33333	156.66667	180.66667	193.33333	198.33333	205.66667	209.0	198.0	179.33333	174.66667	174.0	172.0	177.66667	185.66667	196.66667	188.33333	123.333336	
12.333333	14.333333	56.0	154.33333	150.0	151.0	145.0	138.33333	137.66667	126.666664	121.0	95.333336	65.333336	71.0	77.333336	85.333336	96.333336	108.333336	116.666664	112.666664	131.33333	156.33333	175.33333	189.0	200.0	192.33333	176.66667	168.66667	169.66667	167.66667	169.66667	177.33333	186.33333	199.0	198.0	171.0	
13.333333	15.666667	65.333336	161.0	152.33333	155.0	151.33333	137.0	138.33333	138.33333	123.0	108.666664	76.0	44.0	42.666668	44.666668	51.333332	65.333336	78.0	81.0	97.0	124.0	149.33333	169.66667	182.0	179.0	171.66667	163.33333	161.33333	162.66667	169.0	179.33333	190.33333	204.0	202.66667	189.0	
