8.333333	4.6666665	4.6666665	8.666667	11.333333	16.666666	20.0	24.0	30.666666	36.666668	41.0	45.333332	48.0	49.333332	51.0	49.333332	49.0	55.666668	59.333332	59.0	54.333332	49.333332	48.0	49.0	45.0	39.333332	36.666668	34.666668	29.333334	23.666666	18.333334	14.333333	10.333333	6.6666665	7.6666665	17.666666	
5.0	4.3333335	6.0	10.0	12.333333	17.333334	21.0	24.333334	30.666666	36.0	38.0	40.0	43.333332	46.0	49.333332	49.333332	47.666668	54.0	59.0	58.666668	55.0	49.666668	46.333332	45.333332	41.333332	36.0	35.0	33.666668	29.666666	25.333334	22.333334	17.666666	12.333333	7.0	5.0	8.666667	
5.0	6.3333335	8.0	10.666667	13.0	20.0	23.666666	25.0	30.333334	34.666668	35.0	39.333332	43.0	45.333332	48.666668	50.666668	48.666668	53.333332	57.333332	59.333332	54.0	48.333332	42.0	39.333332	37.666668	35.0	33.666668	29.666666	26.666666	25.333334	24.333334	20.666666	13.666667	7.6666665	6.0	5.0	
3.3333333	6.6666665	12.333333	14.333333	18.0	23.0	25.666666	25.666666	29.666666	32.0	34.666668	39.666668	41.666668	43.666668	46.0	49.333332	49.666668	52.0	55.0	56.333332	51.666668	47.333332	42.0	37.666668	36.0	33.0	30.333334	29.0	27.666666	26.333334	24.666666	22.333334	17.666666	12.666667	9.333333	6.0	
5.6666665	9.666667	15.333333	17.333334	22.0	25.333334	28.0	29.333334	34.0	37.666668	40.666668	42.333332	45.333332	49.0	52.333332	53.666668	54.0	55.0	55.666668	53.666668	52.333332	50.666668	47.666668	43.0	41.333332	38.666668	33.333332	31.0	29.666666	27.0	24.0	22.0	19.0	14.0	13.0	9.0	
7.3333335	12.333333	15.666667	18.0	23.666666	28.0	31.0	36.666668	43.0	47.666668	53.666668	56.0	57.333332	61.666668	62.333332	63.333332	64.666664	62.0	61.0	58.0	57.666668	58.0	55.0	53.666668	54.666668	52.333332	43.666668	37.0	32.666668	29.666666	25.666666	22.0	20.666666	13.666667	15.0	14.0	
9.0	15.333333	18.333334	20.666666	26.333334	32.333332	36.333332	44.0	51.333332	57.0	65.333336	67.333336	67.333336	71.0	68.666664	73.0	77.666664	74.666664	73.333336	68.666664	63.666668	64.0	59.666668	62.0	61.0	59.666668	54.333332	48.0	41.333332	36.333332	29.333334	23.666666	21.333334	16.333334	16.333334	17.0	
17.333334	21.666666	23.666666	24.0	27.333334	30.333334	34.333332	45.0	53.666668	60.0	60.0	59.0	66.0	73.0	76.666664	82.0	83.333336	77.666664	75.666664	76.0	73.333336	77.666664	66.666664	65.666664	56.666668	54.333332	55.0	53.333332	47.0	39.0	30.666666	25.333334	20.666666	18.333334	17.0	18.0	
32.333332	35.0	32.333332	31.333334	30.666666	27.0	29.0	37.333332	40.333332	40.0	32.666668	31.666666	47.0	61.333332	80.0	87.0	80.666664	78.333336	72.333336	74.666664	83.333336	88.0	67.333336	50.0	36.666668	33.666668	43.333332	46.666668	33.333332	30.666666	27.333334	26.333334	25.0	18.666666	17.0	19.333334	
41.0	48.0	47.666668	39.333332	26.0	23.0	25.0	22.666666	19.666666	20.666666	15.666667	16.666666	23.333334	38.333332	62.333332	75.0	72.333336	83.0	76.0	72.0	82.333336	86.0	64.333336	49.0	61.666668	72.0	74.333336	57.666668	28.0	25.666666	22.666666	25.666666	31.333334	28.333334	21.0	25.333334	
42.666668	49.0	43.333332	28.333334	18.333334	21.0	36.666668	23.666666	23.0	31.333334	52.0	47.0	42.0	61.0	68.333336	54.666668	62.333332	86.333336	77.0	74.666664	93.666664	135.33333	141.33333	134.0	139.33333	106.666664	63.666668	46.666668	38.333332	42.0	46.0	50.0	49.666668	33.666668	20.333334	24.333334	
35.666668	31.666666	23.333334	19.0	26.666666	35.666668	48.333332	40.666668	50.0	47.0	74.0	80.333336	88.333336	123.666664	144.66667	78.333336	55.333332	86.333336	102.666664	107.0	136.33333	197.33333	217.33333	198.66667	135.66667	69.333336	45.0	42.0	39.333332	41.666668	37.333332	39.333332	34.333332	22.666666	14.0	13.0	
21.333334	33.333332	36.333332	31.666666	41.0	40.666668	38.666668	45.666668	58.666668	64.333336	73.333336	83.666664	113.666664	154.0	174.0	97.333336	60.333332	85.0	89.0	86.333336	125.666664	188.66667	222.0	179.0	91.0	46.0	28.0	21.666666	23.666666	29.0	30.0	25.0	23.333334	24.0	19.333334	16.333334	
27.666666	45.333332	47.0	47.0	51.666668	49.333332	44.0	43.333332	51.0	42.333332	46.666668	51.333332	77.0	126.333336	126.666664	61.666668	49.666668	73.666664	66.0	50.666668	75.0	102.666664	123.0	103.0	66.333336	38.333332	32.333332	21.666666	24.666666	34.666668	33.333332	20.333334	12.666667	13.333333	22.333334	27.666666	
25.666666	33.666668	37.333332	43.0	50.0	50.333332	45.0	28.333334	26.0	34.0	41.666668	44.333332	50.333332	64.666664	64.333336	48.333332	68.666664	91.666664	77.666664	56.0	56.0	56.333332	63.0	39.333332	27.333334	26.666666	20.666666	17.666666	24.666666	35.666668	23.666666	16.333334	15.0	17.0	27.0	38.333332	
46.666668	38.666668	41.0	41.0	32.333332	32.333332	33.666668	29.0	31.666666	45.0	59.0	44.666668	37.333332	36.333332	62.0	75.333336	97.0	107.333336	92.0	72.0	102.0	64.333336	60.666668	42.666668	29.333334	29.666666	46.0	63.333332	55.0	38.333332	13.333333	11.666667	14.0	27.666666	45.333332	60.666668	
70.0	45.666668	38.0	39.0	27.0	47.0	44.666668	36.666668	30.0	41.666668	45.666668	46.666668	46.0	41.333332	53.0	83.333336	108.666664	107.333336	96.333336	76.666664	82.666664	67.666664	84.666664	87.666664	63.666668	48.0	86.333336	108.0	68.0	22.666666	15.333333	18.333334	19.666666	30.333334	54.333332	73.666664	
80.666664	65.666664	42.0	32.666668	30.666666	49.333332	48.333332	43.666668	38.666668	49.333332	37.666668	37.0	48.666668	47.666668	60.666668	93.0	115.0	111.0	96.0	77.666664	66.333336	58.333332	60.333332	64.666664	45.666668	29.0	39.0	42.0	28.333334	18.333334	22.0	24.333334	30.333334	61.666668	79.666664	85.333336	
88.0	81.333336	69.666664	52.0	43.333332	38.0	32.333332	32.333332	32.666668	33.666668	35.666668	46.333332	55.666668	56.666668	77.666664	101.0	113.333336	111.0	95.666664	79.333336	73.666664	66.0	56.333332	48.333332	36.0	29.0	26.0	24.666666	26.666666	32.333332	39.666668	49.333332	70.666664	97.666664	96.333336	90.333336	
90.333336	92.0	93.333336	84.333336	68.333336	54.0	49.0	47.0	44.0	50.0	63.0	74.0	67.0	63.333332	95.666664	105.333336	103.666664	100.0	93.0	81.0	74.666664	74.666664	75.0	65.0	64.666664	65.0	57.333332	58.0	61.333332	68.333336	79.333336	93.333336	106.0	106.666664	98.666664	90.333336	
95.333336	106.0	110.333336	106.0	101.333336	87.0	78.666664	77.666664	76.666664	83.0	88.0	82.333336	68.333336	73.333336	109.666664	112.333336	104.333336	96.666664	92.0	80.666664	68.0	73.0	87.0	77.666664	75.333336	85.666664	88.0	87.0	88.333336	95.0	104.0	110.666664	112.0	105.666664	98.0	92.666664	
94.666664	104.0	109.666664	111.666664	113.333336	109.333336	101.0	94.333336	91.0	92.666664	98.0	90.333336	76.666664	85.0	115.333336	117.333336	112.333336	100.333336	91.0	84.333336	68.666664	65.0	85.0	85.0	84.333336	91.666664	98.0	99.666664	100.666664	106.666664	111.666664	110.666664	111.333336	108.666664	101.666664	96.666664	
91.333336	97.0	100.0	109.666664	116.666664	115.333336	116.666664	112.666664	110.333336	111.0	115.333336	108.333336	89.0	97.666664	114.0	122.666664	128.66667	115.333336	95.666664	88.333336	76.666664	64.0	84.666664	97.0	103.0	103.666664	105.0	110.666664	116.333336	117.666664	118.0	113.666664	111.0	109.666664	103.333336	99.0	
90.0	94.666664	98.333336	108.666664	114.666664	113.333336	118.666664	120.666664	121.333336	124.0	125.333336	111.666664	96.666664	97.666664	97.0	111.666664	127.333336	116.333336	93.0	87.333336	88.666664	82.0	89.666664	106.666664	116.666664	117.0	117.0	120.666664	123.666664	120.333336	119.0	115.666664	109.333336	105.0	105.0	100.0	
88.333336	94.333336	99.333336	107.666664	112.666664	112.0	115.666664	119.333336	123.333336	126.0	123.0	110.0	98.666664	85.0	74.666664	85.0	94.333336	90.666664	74.0	67.333336	79.0	93.333336	92.333336	101.666664	114.0	115.666664	118.333336	118.333336	119.0	112.0	107.666664	107.666664	104.333336	100.0	101.0	94.0	
87.333336	96.333336	97.666664	101.0	107.666664	108.0	113.0	121.666664	126.333336	123.333336	115.0	96.666664	75.666664	46.333332	34.666668	50.333332	64.333336	63.333332	43.333332	29.0	32.666668	60.0	80.0	83.666664	101.333336	103.0	107.333336	109.666664	108.666664	101.333336	100.666664	104.333336	104.666664	101.666664	97.0	87.0	
87.0	96.0	95.666664	95.0	102.666664	112.0	116.666664	124.0	126.666664	114.333336	104.333336	86.0	62.666668	53.666668	42.0	46.666668	56.333332	53.666668	48.333332	39.333332	38.0	56.333332	67.0	71.333336	94.333336	99.333336	104.0	107.666664	101.0	94.333336	95.0	99.666664	100.666664	99.0	96.666664	86.333336	
86.0	90.666664	92.666664	97.333336	100.333336	104.666664	113.0	117.666664	118.0	107.666664	100.333336	86.333336	74.666664	80.666664	80.0	78.333336	80.0	76.0	80.666664	82.0	81.333336	88.0	79.333336	82.666664	98.0	107.0	108.333336	108.666664	104.333336	97.0	94.666664	97.0	96.0	96.333336	97.0	85.333336	
87.333336	90.0	90.333336	95.333336	96.333336	96.0	107.333336	111.666664	112.0	105.0	101.0	99.666664	97.0	95.333336	91.666664	90.666664	97.0	97.333336	93.666664	97.333336	95.0	95.666664	96.666664	104.333336	110.666664	113.666664	108.666664	108.333336	108.0	95.0	91.0	94.333336	92.0	90.333336	90.666664	77.0	
82.333336	89.666664	88.666664	89.0	92.0	93.666664	104.666664	109.333336	109.666664	104.333336	99.333336	97.666664	95.0	94.666664	95.666664	100.333336	102.0	106.0	102.0	103.666664	97.666664	94.0	97.666664	100.0	102.333336	98.666664	96.0	101.333336	104.0	96.333336	91.0	91.333336	86.0	83.333336	82.0	74.0	
83.666664	89.666664	87.666664	87.666664	92.333336	93.0	103.333336	107.666664	99.666664	89.666664	86.0	91.333336	95.333336	96.666664	102.0	107.333336	106.333336	108.333336	110.333336	112.333336	105.0	95.666664	96.333336	90.333336	84.333336	81.0	80.333336	87.333336	95.666664	93.666664	83.666664	82.333336	77.666664	77.333336	76.333336	73.333336	
85.666664	88.666664	85.0	84.0	89.0	88.0	98.333336	96.0	77.666664	71.0	76.666664	85.666664	91.333336	87.666664	82.0	83.0	89.666664	93.666664	97.666664	89.333336	82.0	78.0	83.666664	79.666664	73.0	67.333336	66.666664	69.666664	80.666664	88.0	75.666664	72.333336	72.333336	73.666664	74.333336	70.333336	
84.333336	87.0	86.0	83.666664	86.333336	82.333336	85.0	77.666664	62.666668	67.0	70.333336	68.0	59.0	47.666668	45.333332	45.0	49.0	57.666668	64.0	52.0	49.666668	50.666668	48.0	52.0	54.0	52.0	57.0	60.666668	69.666664	76.333336	70.666664	70.333336	70.0	71.666664	73.333336	70.333336	
82.666664	84.0	85.0	84.333336	86.333336	82.333336	79.0	69.666664	56.0	49.0	40.666668	40.666668	45.333332	52.0	58.333332	61.666668	59.0	58.0	56.0	50.666668	56.666668	62.333332	53.666668	45.0	37.333332	31.333334	36.333332	49.666668	64.0	69.666664	69.666664	71.666664	70.0	72.666664	74.333336	71.333336	
81.0	82.666664	85.0	83.666664	84.0	84.0	80.666664	67.0	45.666668	43.0	50.333332	60.666668	68.666664	73.666664	79.666664	89.0	97.0	98.666664	95.333336	89.0	85.333336	79.666664	71.333336	61.666668	54.666668	48.666668	45.333332	45.666668	55.666668	68.0	69.333336	71.666664	69.0	73.0	75.0	72.333336	
81.666664	86.666664	85.666664	82.0	80.666664	81.666664	79.0	68.666664	56.666668	64.333336	75.0	76.0	78.333336	75.666664	74.666664	81.0	92.333336	94.666664	92.0	85.666664	79.666664	76.333336	70.333336	67.0	63.333332	66.333336	69.0	64.0	69.0	77.0	67.333336	68.0	68.666664	69.666664	71.333336	68.333336	
78.666664	85.0	84.0	82.666664	80.333336	79.0	79.333336	80.333336	78.0	82.666664	88.0	88.333336	86.666664	82.0	75.666664	70.0	70.666664	74.0	74.333336	73.666664	74.666664	76.333336	74.0	78.0	83.0	85.0	81.0	78.0	86.0	77.666664	61.333332	63.333332	68.0	69.0	70.0	64.333336	
72.0	76.333336	81.333336	82.666664	79.666664	75.333336	77.0	84.666664	89.333336	86.333336	85.333336	87.0	91.0	94.333336	89.333336	80.333336	69.666664	66.333336	65.333336	67.0	73.666664	81.666664	86.0	88.666664	87.666664	80.333336	78.666664	87.333336	91.333336	70.0	56.666668	61.333332	68.0	68.666664	66.0	61.0	
70.333336	71.0	78.666664	81.333336	79.666664	72.666664	73.333336	84.0	90.0	85.0	79.0	82.333336	84.333336	84.333336	86.0	83.333336	74.0	65.333336	64.333336	70.666664	76.333336	82.666664	84.0	79.333336	74.666664	73.666664	84.666664	89.333336	83.0	65.666664	59.333332	63.333332	66.333336	64.0	59.333332	54.333332	
73.333336	69.0	75.333336	81.0	78.333336	71.666664	72.666664	83.333336	88.666664	89.333336	82.666664	81.0	77.333336	77.333336	83.333336	84.0	83.333336	78.666664	76.666664	82.666664	83.0	81.666664	77.666664	76.666664	76.666664	81.0	88.333336	83.666664	76.0	65.666664	63.0	65.333336	63.333332	60.0	54.666668	48.333332	
75.666664	67.666664	71.666664	80.0	80.333336	75.0	72.333336	79.666664	86.0	88.666664	90.0	91.333336	89.333336	83.0	88.0	94.333336	95.666664	92.333336	92.0	93.333336	88.333336	81.0	80.333336	82.333336	83.333336	85.333336	86.666664	80.333336	71.333336	64.0	62.0	61.666668	58.666668	54.666668	48.0	45.666668	
81.333336	69.333336	69.0	76.0	81.666664	80.333336	75.333336	79.0	81.666664	85.666664	88.333336	91.333336	96.666664	96.0	97.333336	100.333336	97.333336	92.333336	91.0	89.0	83.666664	78.333336	80.0	82.333336	81.333336	83.666664	81.666664	74.333336	69.666664	64.333336	61.333332	59.0	55.0	48.333332	45.666668	52.333332	
85.666664	68.0	63.666668	64.333336	76.333336	81.333336	78.666664	79.666664	80.333336	79.0	83.0	81.666664	89.333336	97.666664	96.333336	96.666664	99.666664	95.333336	92.0	91.0	87.0	81.0	77.0	79.0	78.0	79.0	74.666664	68.666664	65.666664	64.333336	61.333332	56.666668	49.333332	46.333332	50.666668	59.666668	
85.333336	71.333336	68.0	63.666668	70.666664	77.333336	80.333336	80.0	78.333336	74.333336	78.333336	74.666664	77.666664	89.666664	94.666664	96.333336	99.0	100.333336	99.333336	97.666664	88.333336	76.333336	64.666664	71.333336	74.666664	71.0	66.333336	64.333336	63.666668	65.0	63.0	54.0	45.666668	47.333332	53.333332	60.0	
87.333336	76.666664	71.666664	65.333336	64.666664	65.666664	67.666664	73.0	73.666664	70.666664	73.333336	69.666664	67.666664	74.333336	81.0	84.333336	90.333336	93.0	91.333336	88.666664	79.333336	71.0	61.0	63.333332	66.333336	63.333332	62.0	62.666668	64.0	59.666668	53.333332	48.0	49.0	53.0	56.333332	59.666668	
89.666664	74.666664	71.666664	65.333336	64.0	58.666668	53.666668	57.333332	65.666664	71.0	71.0	66.333336	64.333336	67.0	68.0	69.666664	71.0	72.666664	75.666664	77.333336	72.0	69.333336	60.666668	62.0	68.0	66.666664	65.0	62.666668	56.333332	47.0	45.666668	54.666668	60.0	61.333332	63.0	60.666668	
91.666664	75.0	71.666664	66.0	61.333332	55.666668	52.0	50.0	51.666668	60.333332	64.333336	64.0	63.666668	65.0	65.666664	65.333336	65.0	67.0	68.666664	68.666664	65.333336	66.666664	63.0	64.333336	67.666664	66.0	61.666668	51.0	43.666668	47.333332	52.666668	57.0	63.333332	65.0	64.666664	63.0	
93.333336	78.333336	71.333336	67.333336	61.333332	53.0	48.666668	47.666668	45.333332	46.333332	51.666668	56.333332	56.0	58.333332	62.0	64.0	62.333332	63.0	65.0	65.666664	62.666668	60.666668	61.666668	62.0	58.333332	52.333332	47.0	44.0	48.0	52.0	55.0	56.666668	61.666668	62.666668	63.0	65.666664	
97.666664	82.333336	77.0	71.666664	65.0	56.333332	46.333332	43.333332	44.666668	43.333332	40.666668	42.333332	44.0	48.0	51.0	54.0	54.0	55.666668	57.333332	56.0	51.0	49.0	52.666668	51.333332	43.333332	41.0	40.666668	42.666668	50.0	55.333332	59.666668	58.0	54.666668	52.666668	58.333332	64.666664	
