17.333334	24.666666	42.333332	67.666664	98.666664	129.66667	150.66667	158.66667	167.66667	169.0	168.66667	177.0	182.33333	181.33333	180.0	182.33333	184.0	182.33333	182.0	180.66667	179.66667	179.66667	179.33333	176.33333	171.66667	164.33333	155.33333	146.66667	142.0	142.0	119.333336	78.666664	53.333332	61.666668	63.0	57.333332	
23.333334	37.666668	66.666664	95.333336	119.0	138.0	151.0	159.0	166.0	174.0	177.0	179.0	184.66667	184.66667	184.0	185.0	185.0	184.66667	184.66667	185.33333	184.33333	182.66667	185.0	181.0	172.0	166.33333	161.66667	153.66667	149.0	145.66667	133.0	97.333336	60.0	50.666668	59.666668	54.0	
38.0	62.0	96.0	115.333336	127.666664	142.33333	153.33333	162.33333	169.33333	175.33333	178.33333	182.33333	187.33333	186.66667	188.33333	189.33333	187.33333	187.33333	189.0	190.66667	188.66667	186.33333	188.0	183.0	174.33333	169.0	167.0	159.66667	151.0	145.33333	142.66667	117.666664	79.666664	56.0	50.0	47.333332	
64.333336	88.0	117.0	124.0	128.0	141.0	156.0	164.66667	171.66667	178.0	179.66667	184.0	187.0	187.0	190.33333	191.66667	188.66667	186.66667	187.66667	190.0	189.33333	187.66667	185.66667	182.0	176.33333	170.66667	167.33333	161.66667	155.0	148.0	149.66667	137.0	103.0	73.333336	53.0	38.666668	
77.0	101.666664	123.333336	126.333336	131.66667	145.0	157.0	165.33333	172.0	178.0	180.33333	183.0	185.66667	186.33333	189.33333	190.33333	189.0	187.33333	186.33333	186.66667	185.33333	183.0	182.33333	175.66667	172.33333	168.66667	167.33333	166.0	159.66667	147.66667	147.66667	142.33333	115.666664	85.666664	54.333332	32.333332	
74.333336	99.666664	115.666664	124.0	136.33333	146.66667	156.66667	163.66667	171.33333	176.33333	178.0	180.0	183.66667	185.33333	187.0	189.0	190.66667	189.66667	187.0	186.66667	182.66667	180.0	180.33333	175.66667	172.33333	168.0	165.33333	162.66667	156.66667	149.33333	146.66667	144.66667	129.0	97.333336	61.333332	34.333332	
68.0	91.0	110.666664	127.0	140.0	146.33333	152.66667	162.33333	170.0	174.66667	176.0	179.66667	185.66667	186.33333	186.66667	190.33333	191.0	188.33333	187.66667	187.0	181.66667	177.33333	175.33333	173.33333	171.66667	165.33333	159.33333	157.0	154.33333	150.0	146.33333	144.0	132.33333	106.0	74.666664	40.333332	
59.666668	83.666664	111.666664	130.33333	141.0	144.66667	150.0	162.33333	169.33333	172.66667	175.66667	180.0	186.33333	187.33333	188.0	192.33333	190.66667	188.0	188.33333	187.66667	183.66667	179.66667	174.66667	171.33333	168.33333	162.0	152.66667	148.33333	148.0	146.33333	143.33333	141.66667	137.0	119.0	88.0	46.666668	
53.333332	82.666664	116.0	132.33333	138.33333	143.0	148.66667	160.0	167.33333	174.0	180.66667	185.33333	190.0	189.66667	188.66667	191.66667	191.0	191.0	192.0	190.0	183.0	175.0	165.0	157.33333	151.33333	146.66667	138.66667	133.0	131.66667	131.33333	133.66667	136.0	137.66667	125.0	94.333336	58.666668	
50.666668	84.0	115.666664	129.33333	135.66667	142.0	147.0	157.66667	169.66667	179.0	185.0	190.66667	193.66667	194.0	193.66667	195.33333	196.33333	200.0	194.33333	187.33333	165.0	135.0	117.666664	111.0	111.0	110.333336	102.0	97.666664	95.666664	99.666664	110.333336	120.333336	131.0	134.0	112.666664	71.666664	
48.666668	83.0	110.333336	120.666664	129.33333	142.0	148.66667	161.0	176.66667	185.66667	190.0	195.66667	200.0	200.33333	203.0	205.33333	206.0	197.33333	171.66667	160.0	123.666664	87.0	74.666664	67.0	74.333336	87.666664	94.333336	101.666664	90.333336	77.0	76.333336	95.0	116.666664	129.66667	127.666664	91.0	
49.666668	81.666664	100.666664	110.666664	122.0	134.33333	142.66667	154.0	165.0	171.0	174.0	190.0	201.33333	204.0	206.33333	211.0	209.0	184.0	141.66667	125.333336	93.333336	73.666664	74.0	92.666664	119.333336	140.66667	153.0	153.0	138.66667	114.0	81.333336	67.0	87.333336	115.666664	128.66667	113.333336	
48.333332	76.333336	91.333336	100.0	108.0	112.0	115.666664	109.333336	104.666664	116.333336	132.0	158.33333	181.33333	195.66667	201.0	207.66667	202.33333	179.0	135.0	118.0	105.666664	105.333336	116.0	136.66667	154.0	163.66667	167.66667	163.33333	156.33333	141.66667	110.0	71.0	74.0	101.666664	125.0	126.666664	
46.666668	75.333336	85.0	78.666664	82.666664	83.333336	75.0	70.0	67.666664	73.666664	91.666664	111.333336	139.66667	174.33333	191.66667	202.0	200.33333	185.66667	152.33333	142.66667	149.66667	145.66667	137.33333	125.333336	117.666664	119.666664	127.0	134.0	139.0	142.33333	133.0	106.666664	93.0	98.666664	114.666664	121.666664	
41.666668	72.666664	70.0	52.666668	57.666668	63.333332	68.666664	76.666664	80.0	75.0	76.666664	86.0	114.0	147.33333	175.0	195.66667	200.66667	185.0	168.0	162.66667	166.66667	144.0	128.0	119.333336	94.333336	88.0	111.666664	131.33333	118.333336	119.333336	140.0	135.66667	120.0	110.0	115.0	122.333336	
39.333332	63.333332	52.333332	51.666668	88.0	116.0	122.0	116.666664	110.666664	105.666664	112.0	110.666664	121.0	140.33333	171.66667	194.66667	198.66667	183.33333	169.66667	162.66667	156.66667	139.0	147.66667	148.66667	95.333336	92.666664	127.666664	173.0	145.33333	106.333336	117.666664	142.66667	144.66667	129.0	119.333336	122.666664	
43.0	58.333332	51.666668	79.0	127.333336	142.66667	126.0	107.0	108.0	119.666664	145.0	140.33333	133.0	138.66667	164.33333	189.0	195.66667	181.0	164.0	153.66667	151.0	151.66667	171.0	179.66667	134.0	125.0	150.66667	178.0	150.33333	114.666664	108.666664	136.66667	154.33333	147.0	132.33333	128.33333	
42.333332	54.0	55.0	98.0	131.33333	117.666664	114.0	91.666664	93.0	136.33333	182.66667	165.0	143.0	136.66667	148.66667	176.0	188.66667	177.0	159.0	146.0	150.0	158.0	162.33333	171.0	160.66667	157.33333	169.33333	162.33333	143.33333	129.66667	130.0	147.0	158.0	154.66667	142.66667	134.66667	
40.333332	48.666668	56.333332	96.666664	108.666664	112.666664	136.66667	102.333336	90.333336	147.33333	206.66667	191.0	154.33333	128.0	137.33333	164.33333	180.66667	173.66667	158.66667	147.0	156.0	163.33333	154.66667	158.66667	170.66667	183.33333	183.0	168.0	164.33333	161.66667	168.0	168.66667	166.0	158.0	149.66667	139.0	
37.333332	47.333332	63.666668	96.0	97.666664	121.0	150.33333	126.666664	126.333336	170.0	190.0	176.0	151.66667	125.333336	131.66667	155.66667	172.0	166.0	153.0	149.66667	156.66667	165.33333	167.66667	173.0	181.33333	191.66667	188.0	185.0	183.66667	180.66667	181.66667	176.66667	170.0	163.66667	154.0	143.66667	
38.666668	53.666668	76.333336	100.333336	93.666664	110.0	137.66667	142.66667	157.0	177.33333	171.66667	160.33333	147.33333	129.0	131.33333	152.33333	168.66667	163.33333	153.0	152.33333	154.66667	160.0	169.66667	180.66667	191.0	200.33333	201.0	198.66667	189.66667	186.33333	178.33333	170.66667	168.66667	168.0	161.33333	149.0	
42.333332	62.666668	90.666664	113.666664	104.333336	109.666664	134.0	154.0	172.33333	176.33333	171.66667	159.66667	144.33333	131.33333	136.33333	155.66667	169.0	167.0	160.0	152.33333	153.0	159.66667	169.33333	179.33333	187.33333	192.66667	195.0	193.33333	188.0	182.33333	174.33333	168.66667	168.0	165.0	160.0	151.66667	
44.0	69.666664	98.333336	124.333336	127.0	133.33333	150.33333	164.66667	176.66667	177.33333	176.66667	162.33333	143.33333	129.33333	133.66667	149.33333	161.0	162.66667	157.66667	150.0	149.66667	156.33333	165.0	173.33333	179.33333	182.33333	184.0	182.33333	179.33333	178.66667	175.66667	171.33333	167.66667	159.66667	155.33333	150.33333	
50.333332	74.0	107.333336	137.33333	147.0	155.66667	168.0	177.66667	181.33333	180.66667	177.0	162.33333	142.33333	124.666664	127.0	141.33333	153.0	155.33333	153.0	148.0	146.0	150.66667	160.0	169.66667	177.33333	178.33333	176.0	173.33333	171.33333	175.33333	174.66667	170.66667	166.33333	157.33333	151.66667	145.66667	
56.666668	78.666664	113.0	143.66667	153.33333	161.0	169.66667	177.66667	177.33333	178.66667	174.0	162.0	139.66667	120.333336	124.0	140.0	153.0	153.0	149.33333	145.66667	142.0	145.0	157.33333	172.0	181.33333	179.33333	175.66667	172.33333	171.0	172.0	170.66667	169.33333	167.33333	159.66667	152.66667	143.0	
61.333332	89.666664	120.0	142.66667	152.0	159.0	163.66667	168.66667	171.0	175.0	174.0	164.0	140.0	120.333336	129.33333	149.0	160.33333	156.66667	149.0	142.66667	139.0	140.66667	154.66667	174.0	184.33333	184.33333	180.0	176.33333	175.0	174.0	169.33333	168.66667	167.33333	160.66667	153.66667	142.33333	
63.333332	86.0	116.0	137.0	147.33333	156.66667	161.66667	164.0	169.33333	176.0	177.0	167.33333	141.33333	122.666664	141.66667	171.0	180.33333	170.33333	161.0	151.33333	141.33333	134.33333	147.0	174.33333	190.33333	191.66667	187.66667	184.0	178.0	176.66667	171.0	167.66667	162.66667	156.33333	148.66667	137.33333	
67.333336	81.666664	114.666664	131.66667	142.33333	153.0	158.66667	163.0	174.0	181.33333	182.33333	169.0	142.66667	133.66667	158.33333	191.33333	200.33333	184.66667	170.66667	164.0	158.0	143.33333	143.66667	176.0	200.0	198.66667	195.0	190.0	181.0	178.33333	173.0	166.0	157.33333	152.0	145.0	135.33333	
61.333332	80.666664	109.333336	131.0	142.66667	151.66667	159.33333	166.33333	177.33333	184.66667	187.66667	169.66667	144.33333	139.66667	156.33333	182.33333	191.0	182.66667	166.0	159.33333	169.0	162.33333	149.33333	179.33333	203.66667	203.66667	201.0	197.0	188.33333	184.0	175.33333	164.66667	154.66667	149.0	143.66667	134.0	
55.0	72.333336	103.333336	129.66667	143.33333	154.33333	162.66667	170.33333	180.33333	188.66667	192.33333	169.0	146.0	136.66667	130.0	151.33333	165.66667	158.33333	139.0	123.333336	142.0	157.66667	156.33333	184.0	201.66667	204.66667	205.0	202.0	192.33333	186.33333	177.33333	165.33333	154.66667	148.33333	141.33333	129.33333	
60.666668	57.0	88.666664	119.666664	139.33333	153.33333	164.0	173.0	182.66667	192.0	192.66667	164.33333	145.66667	139.0	117.666664	124.0	144.0	151.33333	160.0	151.33333	144.66667	149.0	159.0	184.0	198.66667	202.66667	205.0	202.66667	193.66667	187.66667	178.66667	166.66667	156.66667	148.66667	137.66667	126.333336	
79.666664	52.666668	69.666664	106.0	129.0	148.33333	163.33333	175.33333	183.66667	191.33333	194.0	171.66667	144.0	140.66667	146.33333	151.0	158.0	168.0	187.0	184.0	172.33333	162.33333	172.0	185.0	192.66667	198.0	201.0	200.66667	192.33333	185.33333	178.0	168.0	158.33333	148.33333	134.0	125.333336	
91.666664	61.666668	58.333332	96.0	121.333336	143.33333	160.33333	175.0	183.66667	190.0	192.66667	178.0	152.0	139.33333	152.66667	176.0	183.66667	180.0	185.0	190.66667	183.33333	173.66667	174.66667	178.66667	181.0	186.0	190.66667	194.0	191.33333	184.33333	176.0	167.0	156.66667	146.0	131.33333	126.0	
94.333336	82.0	57.0	83.0	117.0	142.0	161.66667	174.66667	183.33333	190.66667	186.66667	169.66667	153.33333	146.66667	164.0	190.33333	196.66667	187.0	183.0	194.33333	191.0	184.66667	174.0	176.0	177.33333	172.33333	178.66667	186.33333	190.66667	188.0	176.33333	163.0	154.0	146.33333	133.0	129.66667	
106.0	122.666664	77.666664	75.0	111.666664	138.33333	161.0	175.33333	181.66667	185.0	174.66667	159.0	148.66667	145.66667	163.0	186.66667	196.66667	188.66667	183.66667	196.66667	196.0	192.0	179.33333	181.66667	180.33333	169.66667	174.0	182.66667	184.66667	185.66667	174.0	160.66667	155.0	146.33333	136.33333	134.66667	
102.666664	141.66667	93.0	64.333336	99.333336	129.66667	157.33333	173.66667	176.0	172.0	169.33333	159.0	151.0	159.33333	173.0	181.0	189.33333	187.33333	187.33333	190.66667	192.0	194.66667	188.66667	185.0	184.0	181.0	178.66667	183.33333	185.66667	185.33333	176.66667	165.0	155.0	143.66667	136.33333	136.66667	
62.666668	119.333336	101.666664	63.0	88.666664	122.333336	152.66667	167.66667	167.33333	166.0	170.33333	161.0	153.33333	163.33333	167.0	164.33333	167.0	167.66667	166.0	163.33333	162.0	165.0	167.66667	170.0	174.0	175.66667	173.0	183.33333	190.33333	190.66667	183.66667	167.33333	152.33333	140.66667	136.0	137.0	
18.0	52.333332	62.666668	42.666668	73.666664	109.666664	143.33333	161.66667	165.0	172.66667	177.66667	161.66667	148.66667	144.33333	135.33333	131.66667	138.0	140.33333	144.0	151.33333	150.33333	146.33333	142.66667	143.0	150.66667	159.66667	165.33333	178.66667	188.66667	195.66667	188.33333	168.0	151.33333	141.66667	138.0	137.66667	
4.3333335	9.333333	12.0	22.666666	61.333332	100.666664	134.0	154.33333	169.33333	184.66667	180.0	148.66667	124.666664	118.333336	120.666664	128.66667	147.0	157.33333	164.33333	174.33333	173.66667	166.33333	162.33333	160.66667	167.33333	179.66667	187.66667	189.66667	192.0	193.66667	185.0	167.0	152.33333	145.66667	139.0	136.33333	
3.0	3.6666667	5.3333335	15.0	50.0	90.666664	120.0	145.33333	174.66667	192.33333	185.33333	156.33333	129.33333	121.666664	137.66667	156.0	171.0	176.66667	179.66667	184.0	186.66667	185.0	185.0	187.0	189.66667	193.0	196.33333	196.0	192.33333	190.66667	181.0	166.0	154.66667	148.33333	140.0	135.33333	
2.6666667	3.3333333	3.3333333	7.6666665	33.666668	72.333336	102.666664	134.66667	169.66667	191.33333	193.33333	175.66667	155.0	150.33333	162.33333	173.66667	178.0	177.33333	173.66667	176.33333	186.66667	190.66667	191.66667	195.66667	196.66667	193.66667	192.66667	194.0	189.66667	187.0	176.66667	165.66667	156.66667	148.33333	139.33333	128.33333	
2.3333333	4.3333335	2.6666667	3.6666667	19.0	52.333332	85.333336	119.0	155.66667	180.0	186.66667	178.0	163.66667	162.33333	173.0	180.33333	184.0	181.66667	179.66667	183.66667	191.66667	196.0	197.33333	198.0	198.33333	196.33333	193.33333	190.0	187.33333	184.0	174.33333	163.33333	156.33333	145.33333	131.33333	113.333336	
3.3333333	4.3333335	4.0	4.3333335	9.666667	33.0	66.333336	103.0	136.33333	162.0	172.66667	168.66667	163.33333	166.66667	176.33333	183.0	187.0	185.33333	187.0	190.66667	195.33333	201.0	203.66667	201.66667	197.0	193.33333	191.0	187.66667	184.0	177.66667	169.0	160.33333	152.33333	139.33333	120.0	95.0	
3.3333333	4.0	4.3333335	4.0	5.6666665	16.0	42.666668	80.666664	116.666664	144.33333	159.0	162.33333	164.0	170.0	179.66667	184.66667	183.0	182.0	182.66667	184.66667	189.66667	199.66667	203.33333	201.66667	196.33333	191.66667	188.66667	186.33333	180.66667	170.33333	159.66667	152.0	141.66667	130.33333	101.333336	82.666664	
2.6666667	2.3333333	1.6666666	3.0	4.0	7.3333335	20.333334	50.666668	91.0	125.666664	147.33333	157.33333	161.0	166.0	175.0	178.66667	176.0	176.33333	178.66667	185.0	189.33333	195.66667	199.0	199.33333	196.0	191.33333	188.66667	185.66667	176.33333	162.66667	150.0	139.0	130.33333	110.0	88.0	105.0	
2.6666667	2.3333333	2.6666667	2.6666667	4.0	6.0	9.0	24.0	59.333332	100.0	131.33333	145.66667	154.66667	161.66667	167.33333	169.66667	173.0	176.33333	183.66667	195.33333	196.66667	193.66667	195.33333	194.66667	191.33333	187.33333	182.66667	179.66667	168.33333	150.0	136.0	127.333336	109.333336	92.333336	105.0	143.66667	
3.0	3.0	3.0	3.3333333	3.3333333	6.0	6.3333335	8.333333	28.666666	68.0	104.333336	130.33333	142.66667	149.0	156.66667	162.66667	173.33333	181.66667	188.66667	196.66667	197.66667	193.0	190.33333	186.66667	183.0	176.66667	172.0	168.33333	153.0	131.66667	115.333336	105.0	91.666664	105.333336	140.33333	161.66667	
3.6666667	3.3333333	3.3333333	3.0	2.3333333	4.0	5.0	3.6666667	12.0	35.333332	70.666664	108.666664	131.33333	140.66667	148.33333	154.33333	169.0	181.66667	187.0	191.0	192.0	188.66667	182.0	175.66667	171.33333	164.66667	157.33333	149.66667	133.0	114.0	98.666664	94.0	108.666664	139.66667	161.33333	166.66667	
3.0	3.3333333	3.3333333	3.3333333	4.0	4.3333335	4.0	4.3333335	5.0	13.0	36.333332	73.666664	108.333336	129.0	140.66667	147.33333	163.66667	175.33333	177.33333	178.33333	181.66667	180.0	174.0	167.66667	161.0	151.66667	137.0	129.0	110.333336	90.0	99.0	122.333336	146.66667	165.0	170.33333	173.33333	
