26.0	26.0	31.666666	28.0	30.333334	41.333332	56.333332	122.666664	168.0	182.0	190.66667	196.33333	199.66667	203.66667	203.0	195.33333	188.66667	183.33333	178.33333	175.66667	172.66667	169.0	165.33333	164.66667	157.0	146.0	72.0	24.333334	26.0	19.333334	13.666667	12.0	14.0	12.333333	10.333333	13.333333	
22.333334	28.0	30.666666	31.666666	35.0	42.666668	66.333336	142.33333	170.33333	186.0	193.66667	198.0	199.66667	201.66667	200.66667	195.66667	189.66667	184.0	180.66667	178.0	175.33333	172.0	168.66667	167.33333	159.33333	158.66667	101.666664	36.333332	24.666666	27.333334	15.0	13.666667	13.666667	13.333333	13.333333	13.333333	
19.666666	19.666666	33.333332	38.666668	36.666668	45.333332	83.666664	154.66667	172.0	186.33333	194.33333	197.0	199.0	201.33333	199.0	195.66667	191.0	183.33333	180.33333	177.0	176.0	172.66667	171.0	170.0	163.66667	164.33333	131.0	58.333332	26.666666	30.333334	20.0	15.333333	14.0	14.333333	13.333333	15.333333	
15.0	25.666666	35.666668	34.0	41.333332	50.333332	102.666664	160.66667	175.0	188.0	193.0	195.0	198.0	198.66667	197.33333	194.33333	190.33333	184.66667	182.0	179.0	176.66667	173.33333	170.66667	170.66667	163.0	166.0	150.33333	86.333336	39.333332	31.0	26.0	19.333334	17.0	15.333333	15.333333	19.333334	
17.666666	31.666666	34.0	33.666668	43.666668	51.333332	120.666664	165.0	178.33333	189.33333	194.0	196.33333	199.0	196.66667	195.33333	194.0	191.33333	188.0	184.0	180.33333	179.0	176.0	171.0	170.0	163.66667	164.66667	159.33333	113.0	57.0	35.0	29.0	17.333334	22.0	17.333334	17.333334	21.333334	
24.333334	36.333332	32.333332	31.0	35.0	53.0	136.0	166.33333	180.0	191.33333	196.0	199.33333	200.0	199.33333	196.66667	194.66667	193.66667	189.66667	186.0	182.66667	182.0	178.0	174.0	174.33333	166.66667	166.0	163.33333	137.0	77.666664	46.0	40.333332	18.666666	24.666666	23.0	25.666666	24.333334	
35.333332	35.0	28.333334	23.333334	33.333332	62.666668	149.0	169.33333	184.0	194.66667	198.0	200.33333	200.0	199.66667	198.0	198.33333	197.66667	191.66667	188.66667	185.66667	183.0	180.0	174.66667	173.0	168.66667	165.33333	165.33333	152.33333	99.0	58.0	48.666668	24.666666	22.333334	24.333334	32.0	28.0	
36.333332	28.333334	19.666666	22.333334	31.666666	74.0	160.0	179.0	194.0	201.66667	203.66667	201.0	200.0	198.33333	197.33333	197.33333	196.0	191.66667	189.66667	187.66667	184.33333	180.33333	175.66667	171.33333	167.66667	158.33333	158.66667	149.66667	111.666664	61.0	48.666668	34.666668	20.666666	29.666666	35.0	34.333332	
27.0	24.333334	18.333334	23.333334	32.0	88.0	155.66667	176.66667	193.66667	200.66667	198.0	192.33333	195.33333	195.33333	193.33333	193.33333	193.33333	192.0	190.33333	189.66667	186.33333	182.66667	177.33333	171.33333	170.33333	159.66667	152.33333	146.66667	124.333336	71.333336	57.333332	43.666668	23.0	29.0	35.0	34.333332	
20.666666	19.666666	16.333334	23.0	42.666668	104.333336	127.666664	131.66667	145.33333	164.0	177.33333	184.33333	188.0	190.33333	191.66667	190.33333	190.66667	188.66667	185.33333	182.33333	173.33333	164.33333	155.66667	151.0	150.66667	152.0	154.33333	153.33333	135.66667	92.666664	61.333332	51.666668	31.333334	31.333334	36.666668	34.0	
18.333334	17.0	16.666666	22.666666	58.0	147.66667	156.66667	135.33333	113.0	112.0	143.33333	172.0	180.33333	186.33333	188.33333	187.0	185.66667	183.33333	173.33333	153.66667	136.0	130.66667	136.0	144.33333	156.33333	174.0	185.0	187.33333	170.66667	135.66667	68.666664	61.0	43.666668	35.0	38.333332	33.333332	
22.0	17.333334	15.666667	16.333334	78.0	168.33333	177.66667	174.33333	160.33333	135.66667	128.0	152.66667	168.33333	180.33333	185.0	183.66667	180.66667	175.33333	160.33333	140.66667	135.66667	141.0	151.0	162.0	168.0	179.66667	194.0	200.33333	194.0	171.66667	92.333336	63.0	54.0	38.0	33.0	27.0	
25.0	19.333334	16.0	13.666667	92.0	158.0	166.33333	177.33333	179.33333	170.66667	154.33333	148.0	155.0	173.33333	183.33333	180.0	175.33333	166.0	155.66667	148.33333	155.66667	163.0	163.0	162.66667	163.0	168.66667	179.66667	183.0	184.0	176.66667	128.0	64.0	68.333336	49.333332	32.666668	25.333334	
28.666666	24.0	18.333334	12.666667	85.0	124.0	116.0	123.666664	142.66667	157.33333	159.33333	151.0	147.66667	167.0	185.33333	182.0	177.0	164.66667	151.66667	157.0	176.33333	175.0	158.0	146.33333	141.33333	142.0	150.0	157.0	155.66667	154.33333	148.66667	83.333336	68.333336	54.333332	32.666668	29.333334	
32.333332	30.0	22.333334	11.666667	68.333336	76.0	52.666668	63.333332	89.0	96.0	130.66667	150.66667	151.66667	164.0	185.33333	182.0	181.0	172.33333	162.33333	168.0	177.33333	153.33333	120.0	88.666664	75.333336	68.0	74.666664	88.666664	115.333336	121.0	122.333336	102.666664	61.666668	51.0	29.666666	30.333334	
35.666668	37.333332	30.333334	16.333334	62.0	65.333336	51.333332	130.33333	146.33333	62.333332	79.0	137.0	157.0	168.33333	186.66667	181.66667	177.66667	170.66667	175.66667	175.0	155.0	115.0	76.333336	87.333336	80.666664	32.666668	32.0	32.666668	51.0	71.0	92.333336	99.0	69.0	43.666668	34.333332	31.0	
44.333332	47.333332	38.666668	32.666668	84.333336	98.0	73.333336	129.66667	127.666664	50.666668	59.333332	109.0	166.66667	178.0	185.33333	176.66667	164.0	161.0	177.0	175.0	139.66667	91.666664	73.0	121.0	85.0	53.666668	64.0	51.333332	49.333332	53.666668	79.666664	107.0	103.0	49.666668	34.0	33.333332	
53.666668	58.333332	46.666668	45.333332	122.333336	146.66667	124.666664	125.0	119.0	106.666664	98.333336	118.333336	173.66667	180.66667	180.66667	168.33333	151.33333	152.33333	174.66667	178.33333	140.33333	92.333336	100.666664	120.666664	115.333336	110.333336	108.0	102.0	102.333336	112.0	127.333336	145.0	147.66667	94.333336	38.666668	33.0	
58.666668	66.0	54.0	54.0	145.33333	164.0	156.66667	153.33333	150.0	151.33333	152.0	169.66667	185.33333	180.0	176.0	160.33333	146.0	147.0	163.66667	179.0	156.66667	142.33333	144.33333	145.66667	142.66667	137.0	139.66667	139.33333	144.33333	157.0	166.66667	170.66667	167.0	127.0	65.666664	36.333332	
63.0	67.0	55.0	73.0	158.66667	170.66667	171.33333	167.66667	170.33333	174.33333	183.33333	194.0	186.0	176.66667	169.66667	153.66667	144.33333	142.33333	149.66667	167.66667	163.66667	166.66667	170.0	168.33333	160.66667	156.33333	156.0	160.0	166.0	171.0	172.33333	177.0	172.0	136.33333	83.666664	42.666668	
66.0	78.0	57.333332	104.666664	172.66667	178.66667	182.66667	184.0	190.0	193.66667	198.33333	195.66667	177.33333	172.33333	162.0	152.0	147.66667	143.0	146.66667	163.0	167.0	174.66667	181.33333	183.0	178.0	174.33333	174.66667	179.0	176.0	171.66667	170.66667	175.66667	172.66667	146.33333	94.0	49.333332	
65.333336	75.666664	60.666668	132.33333	185.0	192.33333	191.33333	191.66667	197.0	199.33333	198.0	187.0	174.66667	167.66667	157.0	149.66667	148.66667	146.33333	149.33333	164.0	173.66667	175.66667	179.33333	181.66667	180.66667	180.0	181.66667	184.0	180.33333	173.33333	170.33333	175.0	169.66667	149.33333	104.666664	59.333332	
59.0	66.666664	68.0	154.66667	190.0	196.0	191.66667	192.0	195.33333	196.66667	194.0	180.33333	176.66667	165.66667	154.33333	147.66667	149.66667	151.33333	153.0	164.0	176.33333	181.33333	180.0	178.66667	178.66667	180.0	180.33333	180.0	177.66667	174.66667	172.66667	172.0	167.33333	151.0	111.0	66.666664	
53.666668	57.0	77.0	169.0	191.0	193.33333	192.0	191.66667	192.0	192.33333	182.33333	174.33333	176.0	163.66667	153.0	145.0	147.66667	152.33333	156.33333	166.0	175.0	181.33333	181.33333	179.66667	179.66667	179.66667	179.66667	177.33333	175.33333	173.0	170.33333	169.33333	160.0	147.0	121.333336	79.0	
54.666668	52.0	89.0	179.33333	197.33333	198.0	193.66667	191.33333	191.33333	188.66667	175.0	174.33333	171.0	159.33333	147.0	138.33333	143.33333	152.33333	162.66667	174.0	178.0	181.0	182.66667	184.33333	184.66667	182.0	180.66667	178.66667	176.0	173.33333	167.66667	164.66667	154.33333	143.0	121.666664	92.333336	
42.0	39.0	98.0	186.33333	202.33333	204.33333	198.0	191.33333	187.66667	181.33333	177.33333	180.33333	170.33333	158.66667	150.33333	141.0	136.33333	138.66667	147.33333	161.66667	176.0	183.0	184.66667	187.66667	189.0	187.33333	185.0	182.0	182.0	180.0	171.66667	163.66667	150.66667	139.66667	121.333336	98.666664	
35.0	27.0	96.666664	186.0	201.33333	201.33333	194.66667	184.66667	173.66667	174.33333	191.66667	189.66667	176.0	166.0	157.0	143.66667	140.33333	139.33333	137.33333	137.66667	156.33333	175.0	182.33333	186.66667	188.66667	187.66667	188.33333	187.66667	191.0	189.0	176.33333	162.33333	147.33333	135.66667	124.333336	100.0	
36.0	24.333334	89.0	180.33333	192.66667	189.66667	182.0	171.0	166.33333	172.0	189.33333	187.0	182.0	179.33333	160.66667	152.66667	157.33333	158.0	148.66667	140.66667	144.0	160.0	171.33333	180.33333	184.33333	186.0	190.33333	194.33333	196.33333	190.66667	174.0	157.66667	144.33333	132.66667	125.0	104.0	
41.666668	26.666666	73.666664	168.66667	181.66667	177.66667	169.66667	161.0	160.0	156.33333	160.33333	159.0	158.33333	151.33333	143.33333	138.66667	140.33333	151.66667	153.33333	143.66667	141.33333	156.0	159.33333	170.0	178.33333	181.33333	185.0	191.0	187.0	176.66667	163.0	151.33333	141.66667	129.0	122.333336	113.0	
43.0	27.666666	52.666668	148.66667	172.0	166.0	161.33333	156.33333	166.33333	162.33333	149.33333	135.0	127.666664	129.0	140.0	151.33333	154.0	151.0	142.66667	144.66667	152.0	159.66667	158.33333	158.33333	169.33333	172.33333	174.33333	174.66667	173.0	164.33333	154.0	144.66667	136.33333	127.0	124.666664	118.666664	
40.333332	27.0	31.333334	109.333336	160.66667	158.0	153.66667	155.0	174.33333	178.33333	174.66667	161.66667	142.0	133.0	140.33333	152.33333	159.33333	161.33333	157.66667	159.0	160.33333	161.66667	160.0	155.0	156.66667	163.0	164.66667	164.0	160.66667	153.33333	146.33333	138.0	129.66667	128.0	126.0	123.0	
45.0	30.666666	28.333334	58.666668	136.33333	152.66667	148.33333	155.66667	172.0	179.33333	179.33333	175.66667	174.33333	165.0	158.66667	156.66667	159.0	159.66667	160.33333	160.0	161.0	160.33333	160.33333	158.33333	152.0	155.33333	158.0	156.0	152.66667	147.66667	143.33333	133.33333	129.0	130.0	130.33333	126.666664	
39.666668	32.666668	30.333334	31.333334	87.333336	147.66667	147.0	159.33333	169.33333	176.66667	179.0	179.33333	179.66667	178.0	176.33333	173.33333	168.0	164.66667	163.33333	162.66667	161.33333	159.33333	158.66667	159.33333	154.33333	153.33333	156.33333	154.66667	150.0	147.33333	140.66667	132.33333	136.66667	136.33333	136.33333	129.66667	
34.333332	34.666668	29.0	31.0	47.333332	130.33333	155.66667	163.66667	161.66667	166.33333	173.66667	179.33333	185.0	185.0	175.33333	171.33333	170.0	171.33333	173.33333	165.66667	157.33333	151.66667	150.66667	153.0	153.33333	150.33333	152.0	154.0	151.33333	148.0	141.66667	139.66667	139.33333	140.66667	140.66667	134.66667	
32.333332	36.0	31.333334	28.0	32.0	94.0	162.33333	168.0	153.66667	144.66667	157.33333	163.33333	171.33333	178.66667	164.66667	161.0	162.33333	167.33333	170.66667	154.66667	143.33333	141.0	139.33333	141.0	144.0	141.66667	144.33333	155.0	157.33333	152.0	144.33333	144.0	142.33333	144.0	140.66667	139.33333	
29.333334	32.666668	31.666666	27.333334	26.666666	59.666668	160.0	177.33333	162.66667	134.33333	136.0	158.0	166.0	163.0	156.66667	153.66667	150.33333	154.66667	149.66667	141.66667	137.33333	137.0	140.66667	135.0	153.0	135.33333	139.0	159.66667	167.33333	155.66667	148.0	146.33333	144.66667	144.0	142.33333	141.66667	
32.666668	31.666666	32.666668	27.333334	28.666666	37.666668	143.66667	182.0	176.33333	146.33333	142.33333	205.0	216.33333	205.0	196.0	195.0	182.0	191.33333	176.33333	177.66667	175.66667	175.33333	187.33333	175.0	185.33333	142.33333	139.66667	163.66667	174.33333	156.33333	150.33333	149.33333	149.0	146.66667	143.66667	140.66667	
36.333332	32.0	31.333334	25.0	29.0	25.666666	116.333336	182.0	179.33333	172.33333	160.33333	208.0	227.0	225.66667	225.33333	225.0	211.0	210.66667	196.33333	196.0	180.0	159.0	161.66667	140.0	143.66667	142.33333	144.66667	167.33333	172.66667	155.0	154.33333	152.0	151.0	149.33333	144.33333	140.0	
33.333332	30.333334	27.666666	24.333334	25.666666	19.333334	76.0	173.66667	181.66667	181.33333	169.66667	172.66667	191.0	196.33333	199.0	199.33333	182.0	181.66667	175.66667	174.33333	159.66667	142.0	138.0	138.0	146.33333	150.33333	155.0	172.33333	166.66667	156.0	155.0	152.66667	150.0	148.66667	144.0	138.0	
32.666668	30.333334	28.0	24.666666	26.333334	18.333334	40.0	151.33333	183.66667	184.0	169.33333	170.33333	177.66667	178.33333	175.0	171.33333	166.66667	165.0	163.33333	160.66667	153.0	148.0	148.33333	152.66667	158.33333	164.33333	174.33333	177.0	162.66667	155.66667	153.0	150.33333	147.0	144.33333	140.33333	135.33333	
39.0	33.333332	27.333334	24.333334	25.0	20.333334	24.0	112.0	179.33333	184.33333	168.33333	165.0	180.66667	185.0	189.33333	184.0	172.0	175.66667	177.0	165.33333	157.0	154.33333	155.0	158.0	166.66667	174.33333	179.0	174.0	161.0	154.33333	149.0	146.0	145.0	142.33333	139.66667	137.33333	
47.0	34.666668	27.0	24.0	22.333334	22.333334	20.666666	68.666664	166.66667	184.66667	175.66667	159.66667	158.33333	160.33333	162.0	157.66667	153.33333	157.0	167.33333	164.66667	161.0	160.0	160.0	163.66667	168.33333	173.66667	175.0	167.0	156.33333	149.0	145.66667	143.0	143.33333	138.66667	136.33333	136.66667	
44.666668	33.0	25.333334	21.333334	19.0	21.666666	23.0	40.666668	139.0	182.66667	180.0	172.0	164.66667	157.0	152.33333	150.0	152.0	159.33333	166.0	169.33333	169.0	166.0	166.66667	166.66667	168.66667	174.0	170.66667	159.33333	149.66667	146.66667	145.33333	143.66667	139.0	135.66667	132.66667	126.666664	
47.0	31.0	23.0	19.666666	18.0	23.333334	25.0	29.333334	98.333336	179.66667	183.0	180.0	174.0	168.66667	166.0	164.66667	166.0	167.33333	171.0	174.0	173.33333	171.0	168.0	165.66667	168.66667	168.66667	162.33333	153.33333	146.66667	147.66667	145.33333	141.0	135.0	133.33333	128.0	99.333336	
48.333332	32.666668	24.333334	19.666666	17.333334	24.666666	26.333334	31.333334	62.0	168.0	187.66667	185.33333	183.33333	180.0	177.66667	176.66667	177.33333	178.66667	180.33333	180.66667	177.66667	174.0	168.0	164.0	165.0	161.33333	154.66667	146.0	144.66667	145.66667	141.66667	137.33333	131.66667	126.0	104.0	61.0	
44.333332	32.666668	23.0	18.333334	15.666667	24.333334	28.0	31.666666	36.333332	137.33333	187.66667	189.33333	189.33333	188.0	186.33333	187.33333	189.0	188.33333	188.0	186.66667	180.33333	173.0	166.0	161.66667	158.0	152.33333	147.66667	141.33333	142.33333	141.66667	135.66667	130.33333	121.666664	104.0	63.333332	42.333332	
45.333332	31.666666	20.333334	15.333333	13.333333	25.333334	27.333334	30.333334	24.666666	90.333336	183.33333	191.0	189.66667	189.0	190.33333	194.33333	193.33333	188.33333	189.66667	188.33333	178.33333	169.33333	163.33333	157.33333	148.66667	141.66667	140.66667	139.33333	139.33333	133.66667	123.666664	113.666664	99.666664	65.0	40.666668	40.0	
44.333332	28.333334	20.333334	13.0	13.333333	26.0	27.666666	29.666666	25.0	44.0	154.0	189.33333	187.33333	185.0	190.0	194.33333	193.0	189.66667	188.33333	181.0	169.66667	163.0	157.0	150.66667	141.0	134.33333	135.66667	131.33333	124.666664	115.666664	100.0	83.666664	63.333332	44.333332	43.333332	54.666668	
34.666668	22.0	18.333334	12.0	12.666667	26.666666	28.666666	31.333334	25.666666	19.333334	86.0	169.0	181.66667	180.0	183.66667	185.0	182.66667	179.33333	174.66667	163.66667	156.0	151.33333	143.33333	131.0	124.666664	127.666664	126.0	110.666664	95.666664	86.0	78.666664	58.0	50.333332	65.0	58.0	89.333336	
