8.666667	9.333333	7.6666665	9.333333	7.0	9.0	17.333334	39.666668	47.0	42.333332	31.666666	27.0	28.0	21.0	24.0	26.666666	28.0	26.333334	22.0	22.0	28.0	25.333334	30.0	29.0	24.0	23.666666	20.0	19.666666	23.333334	27.333334	27.666666	24.666666	29.666666	32.333332	36.666668	31.333334	
8.0	7.3333335	7.3333335	10.333333	6.3333335	8.333333	29.333334	43.666668	41.333332	39.0	32.333332	29.666666	28.333334	29.0	26.666666	29.666666	29.0	26.666666	26.666666	18.666666	20.333334	19.333334	22.666666	22.666666	19.666666	22.666666	24.666666	22.666666	21.666666	23.0	28.0	25.666666	25.0	25.0	25.333334	33.0	
6.6666665	7.3333335	9.0	7.6666665	6.6666665	18.0	45.333332	44.666668	38.333332	34.333332	30.666666	27.666666	23.666666	27.666666	31.0	29.666666	28.666666	26.666666	26.666666	25.666666	22.0	22.666666	20.0	22.333334	20.666666	23.0	26.0	24.333334	25.0	21.0	19.666666	23.333334	29.0	29.333334	27.333334	31.666666	
7.0	7.6666665	9.0	9.666667	9.333333	28.666666	40.333332	37.666668	32.666668	30.333334	34.666668	34.333332	32.333332	31.666666	31.0	35.333332	34.666668	29.333334	24.0	27.666666	16.333334	17.0	23.0	23.666666	22.0	19.333334	22.333334	23.666666	25.333334	23.333334	19.333334	22.333334	25.0	28.333334	23.666666	28.333334	
8.333333	7.6666665	8.333333	9.0	15.333333	44.0	40.666668	38.0	44.666668	49.0	48.333332	55.0	58.666668	59.666668	64.666664	75.666664	55.0	36.666668	26.333334	25.666666	23.0	19.333334	19.333334	20.333334	23.0	19.666666	17.666666	17.666666	19.666666	23.666666	19.0	19.333334	19.333334	23.0	23.0	27.0	
7.3333335	6.6666665	8.333333	11.0	29.333334	80.333336	87.333336	93.0	105.333336	104.333336	101.0	108.666664	112.333336	116.666664	126.0	121.666664	69.0	43.666668	29.666666	25.333334	26.0	26.333334	19.666666	20.333334	22.666666	21.333334	20.0	18.0	18.333334	23.666666	23.666666	21.333334	21.333334	21.0	24.0	25.333334	
7.6666665	7.6666665	8.333333	15.0	81.666664	146.0	143.33333	138.66667	140.0	138.33333	137.0	137.66667	137.66667	138.0	140.0	137.0	86.0	55.333332	37.333332	30.666666	27.333334	24.0	22.333334	22.0	20.0	19.333334	20.333334	20.666666	18.333334	19.666666	23.0	21.0	19.333334	21.0	21.666666	19.0	
8.0	8.666667	8.333333	38.666668	122.0	145.66667	141.33333	140.0	140.33333	138.33333	137.0	137.0	137.0	139.0	141.33333	139.66667	91.0	63.333332	49.333332	36.333332	30.333334	26.333334	23.333334	22.666666	21.666666	19.0	17.666666	19.333334	24.333334	22.0	18.0	18.333334	21.0	18.0	19.666666	19.0	
8.333333	8.666667	13.0	71.333336	128.66667	136.0	135.66667	135.33333	136.66667	134.33333	133.33333	134.0	132.66667	134.66667	141.0	138.66667	96.666664	70.666664	57.666668	40.666668	42.333332	35.666668	23.0	20.0	24.666666	21.0	16.666666	15.0	20.666666	20.0	19.0	19.333334	21.666666	19.666666	19.0	20.0	
9.0	8.666667	24.666666	97.0	131.66667	136.0	141.0	137.66667	137.0	135.0	131.33333	129.0	128.0	130.0	138.0	139.33333	114.333336	88.0	68.333336	48.0	48.0	42.666668	30.0	22.0	24.333334	19.333334	16.333334	16.0	17.0	19.0	23.0	23.0	21.666666	17.333334	17.666666	19.333334	
8.333333	8.666667	45.0	115.666664	122.0	128.0	135.66667	134.0	131.66667	131.0	123.0	118.0	121.0	129.66667	138.0	143.66667	134.33333	116.333336	84.0	60.0	55.0	45.0	35.666668	30.333334	25.666666	22.333334	18.333334	19.666666	21.0	29.333334	28.666666	20.0	20.0	16.666666	20.0	18.666666	
9.0	15.0	78.0	117.666664	114.666664	126.333336	135.33333	133.33333	127.666664	130.0	125.333336	120.333336	121.0	127.0	135.0	135.0	129.0	127.0	105.333336	81.0	62.333332	45.0	38.666668	34.666668	28.666666	26.0	20.0	23.666666	27.0	27.666666	27.333334	19.333334	21.0	20.0	21.0	18.0	
8.666667	31.333334	103.333336	116.0	112.333336	116.666664	122.333336	128.66667	130.0	127.0	124.666664	127.666664	131.33333	136.66667	138.0	132.0	125.666664	129.66667	120.333336	96.0	68.0	57.0	48.666668	37.666668	32.666668	26.333334	27.666666	33.0	28.666666	24.333334	23.666666	19.666666	17.666666	19.0	20.666666	19.333334	
8.666667	44.333332	104.666664	107.666664	102.0	98.0	94.666664	94.333336	92.0	87.0	88.0	95.333336	109.333336	128.33333	140.0	139.0	135.33333	132.0	127.0	115.666664	90.0	67.333336	51.333332	48.666668	43.0	31.666666	30.333334	33.0	30.333334	27.333334	34.333332	29.0	21.333334	20.666666	20.666666	19.0	
8.333333	39.0	77.333336	91.333336	87.333336	75.0	52.333332	48.333332	51.666668	55.333332	62.666668	74.333336	88.666664	99.333336	114.0	127.0	133.33333	128.66667	128.33333	126.0	111.666664	85.333336	68.0	59.0	51.666668	43.0	42.0	39.0	39.666668	60.666668	97.0	111.666664	88.666664	39.666668	21.0	21.0	
8.333333	23.333334	46.0	64.333336	72.333336	63.666668	52.0	57.333332	56.333332	58.0	68.333336	80.666664	96.333336	103.666664	103.666664	111.666664	118.666664	119.0	123.333336	126.666664	120.666664	101.0	86.333336	80.666664	74.333336	66.0	58.0	53.333332	78.333336	103.666664	114.0	117.333336	120.0	98.0	33.666668	20.0	
9.666667	15.333333	39.666668	49.0	56.666668	65.666664	66.666664	67.0	50.333332	43.666668	52.0	56.0	63.666668	85.666664	96.666664	105.333336	113.0	117.666664	126.333336	133.0	130.0	116.0	102.0	93.333336	79.333336	79.0	78.666664	86.666664	97.333336	81.666664	80.0	81.0	78.0	104.666664	60.666668	21.0	
8.0	9.0	27.0	37.0	55.333332	86.333336	73.333336	64.0	42.666668	30.333334	40.0	61.333332	49.0	61.333332	81.0	94.666664	112.666664	128.0	136.66667	140.66667	139.66667	127.666664	109.0	100.333336	92.666664	100.666664	106.0	101.666664	95.333336	80.666664	96.666664	120.333336	112.666664	97.666664	78.333336	21.666666	
6.6666665	9.333333	22.333334	35.333332	88.666664	115.0	85.666664	65.0	51.0	39.333332	49.333332	69.333336	68.0	94.333336	108.666664	111.0	121.333336	136.0	139.66667	140.66667	135.66667	124.666664	110.0	100.333336	99.666664	116.0	118.666664	119.333336	98.0	79.0	97.0	124.333336	138.66667	102.666664	79.333336	27.333334	
6.6666665	7.6666665	15.0	55.333332	136.33333	140.33333	118.333336	88.666664	73.0	64.0	59.0	72.333336	96.333336	119.0	137.66667	139.66667	136.66667	140.66667	142.66667	140.66667	133.0	119.666664	104.333336	95.333336	100.333336	119.0	124.333336	138.66667	115.333336	89.0	75.0	89.0	131.0	110.666664	67.666664	25.333334	
6.6666665	8.666667	18.0	94.333336	154.66667	147.66667	140.0	117.666664	102.666664	92.666664	86.666664	101.0	119.333336	131.66667	141.0	140.0	135.33333	135.33333	136.66667	136.0	130.33333	113.0	97.0	94.666664	106.0	121.666664	123.666664	131.66667	114.666664	98.333336	107.333336	100.666664	125.666664	112.333336	51.0	27.333334	
8.0	11.666667	47.666668	140.0	164.0	155.0	140.0	123.0	117.0	118.333336	106.333336	107.666664	117.333336	124.666664	127.333336	128.0	126.333336	126.333336	127.0	127.666664	120.333336	106.333336	99.666664	99.333336	115.0	125.0	121.333336	116.666664	124.333336	111.666664	109.333336	126.0	132.33333	98.0	37.666668	24.0	
8.333333	20.666666	105.333336	168.66667	178.66667	171.33333	140.33333	124.0	117.666664	127.0	120.666664	112.0	111.666664	113.0	115.666664	119.0	118.666664	119.333336	120.0	118.333336	113.0	107.0	107.666664	107.666664	117.333336	121.0	113.333336	117.666664	143.0	146.33333	135.0	127.666664	123.666664	70.0	29.333334	22.333334	
11.0	45.666668	137.66667	169.66667	182.33333	171.66667	142.33333	118.0	113.333336	124.333336	122.0	114.0	106.333336	109.0	113.333336	115.333336	114.666664	115.666664	116.333336	110.666664	109.0	112.666664	115.0	114.666664	116.333336	116.333336	103.0	117.0	127.333336	143.0	151.66667	133.0	103.0	58.666668	31.0	24.0	
11.333333	57.0	120.666664	137.66667	157.66667	165.0	158.33333	129.0	114.666664	125.333336	120.666664	114.333336	108.333336	109.0	111.333336	114.0	114.333336	116.666664	113.666664	107.333336	108.666664	114.0	117.0	115.666664	118.666664	120.0	110.666664	126.666664	124.333336	134.33333	139.33333	113.666664	89.333336	56.666668	36.0	30.666666	
10.0	40.333332	92.0	94.0	88.0	104.333336	129.0	119.333336	124.666664	126.666664	123.0	118.666664	113.666664	108.666664	108.333336	110.666664	113.0	116.666664	109.666664	107.0	109.333336	112.333336	116.333336	113.0	113.666664	119.0	105.666664	130.33333	136.33333	124.0	103.0	95.333336	90.0	61.666668	43.0	35.666668	
12.0	15.666667	48.666668	68.333336	44.666668	46.666668	83.666664	113.0	136.66667	131.66667	125.333336	118.666664	112.333336	109.333336	109.333336	109.333336	109.0	111.666664	107.666664	109.0	110.333336	111.666664	113.0	111.333336	111.333336	112.666664	86.0	80.0	91.0	85.666664	87.333336	98.333336	94.333336	71.333336	57.333332	49.333332	
12.0	10.0	21.333334	65.666664	84.666664	96.666664	115.333336	131.66667	136.33333	131.33333	125.333336	120.0	114.0	111.666664	108.666664	106.666664	102.0	102.333336	102.666664	107.333336	110.0	108.0	108.333336	108.666664	109.666664	108.0	78.666664	57.0	65.333336	76.666664	91.0	103.333336	102.0	81.0	76.333336	65.333336	
11.333333	12.0	33.0	93.333336	110.333336	117.0	124.666664	128.0	127.0	122.666664	119.666664	118.0	114.666664	110.666664	105.333336	102.0	101.0	99.0	98.0	102.333336	104.666664	104.333336	104.666664	107.333336	109.333336	107.333336	81.666664	60.333332	74.666664	87.0	98.666664	110.0	107.0	93.666664	94.666664	77.333336	
13.666667	14.333333	59.0	112.666664	114.333336	111.333336	116.666664	114.666664	116.666664	115.333336	116.333336	119.333336	117.0	107.0	104.333336	103.333336	102.333336	100.0	98.333336	96.666664	98.333336	98.0	101.0	105.333336	104.666664	105.0	90.0	73.333336	82.0	91.666664	104.333336	112.666664	107.666664	101.333336	108.333336	85.0	
7.6666665	24.333334	96.333336	127.0	134.33333	129.33333	113.333336	98.333336	103.666664	113.0	118.333336	121.0	118.0	107.666664	104.666664	105.0	102.0	99.0	97.333336	92.333336	93.666664	94.666664	95.333336	98.666664	97.666664	97.666664	90.0	78.333336	84.0	97.333336	106.0	113.333336	108.666664	106.666664	114.333336	85.0	
7.3333335	24.0	72.0	81.0	96.333336	121.0	125.666664	104.0	92.0	102.0	114.0	122.666664	122.0	110.666664	105.666664	105.0	102.0	97.666664	93.0	87.333336	87.333336	91.0	91.666664	92.666664	90.0	87.666664	80.333336	76.666664	89.333336	100.0	107.333336	117.666664	116.0	113.333336	115.0	95.0	
9.666667	12.666667	45.666668	65.666664	55.666668	56.333332	81.666664	92.0	88.666664	94.666664	110.0	124.0	121.0	111.666664	104.666664	101.0	99.0	93.333336	84.333336	82.666664	80.666664	84.666664	88.0	85.666664	83.333336	78.333336	69.666664	78.333336	98.333336	104.666664	111.333336	120.0	122.666664	122.0	119.0	113.0	
7.6666665	7.3333335	16.333334	42.0	43.333332	40.333332	73.0	95.666664	97.666664	92.333336	103.333336	121.0	118.333336	110.0	101.666664	95.666664	92.333336	85.333336	79.0	78.333336	75.333336	77.333336	78.0	75.0	73.333336	65.666664	60.0	80.333336	102.666664	109.666664	113.666664	119.333336	122.0	121.0	122.333336	118.0	
8.666667	7.3333335	25.0	73.0	80.666664	98.666664	115.0	113.666664	107.0	95.333336	92.666664	105.666664	109.333336	102.666664	94.333336	90.0	86.0	78.333336	74.666664	72.666664	70.333336	64.333336	66.333336	66.333336	61.333332	55.333332	58.0	79.0	99.666664	109.333336	112.0	116.666664	118.666664	119.333336	118.333336	94.0	
7.3333335	9.666667	59.666668	148.0	131.0	107.0	93.666664	94.0	96.0	92.333336	86.333336	91.333336	100.666664	97.666664	89.666664	86.333336	84.0	76.0	70.666664	65.666664	64.333336	58.333332	58.0	57.0	53.333332	57.0	68.666664	79.333336	95.333336	107.0	109.0	108.666664	115.666664	118.0	90.333336	55.333332	
11.0	11.333333	61.0	120.666664	102.666664	83.0	73.666664	83.666664	88.333336	84.333336	82.0	88.666664	97.333336	95.666664	88.666664	84.0	81.0	75.0	70.0	61.0	56.333332	54.666668	51.0	49.333332	55.666668	62.333332	73.666664	81.333336	90.666664	102.0	106.0	105.0	108.666664	98.666664	53.333332	71.0	
12.333333	11.333333	31.333334	71.333336	71.0	66.0	69.0	78.0	85.333336	88.0	86.0	87.0	91.333336	92.333336	85.666664	78.333336	77.333336	70.0	64.666664	56.333332	48.666668	46.666668	46.333332	50.333332	58.333332	67.666664	78.333336	85.666664	90.666664	98.0	105.333336	104.666664	99.333336	69.333336	49.333332	92.666664	
17.0	16.0	15.333333	21.0	29.666666	54.333332	60.333332	70.333336	87.333336	95.666664	93.333336	90.666664	88.0	86.333336	77.666664	69.333336	68.333336	60.333332	55.0	50.0	46.0	44.666668	46.0	50.333332	60.666668	70.333336	79.333336	87.0	91.666664	96.666664	104.0	104.0	92.666664	46.333332	68.0	85.666664	
19.666666	17.666666	15.666667	13.0	14.666667	53.0	62.0	74.333336	84.333336	85.666664	86.333336	85.333336	81.666664	77.666664	69.0	62.666668	60.0	53.0	47.333332	46.0	46.666668	47.0	46.666668	50.666668	61.0	72.666664	82.666664	89.0	92.0	94.0	101.0	104.0	81.333336	41.0	85.0	69.333336	
19.0	17.0	13.666667	10.333333	10.666667	52.0	65.0	71.333336	71.666664	69.333336	70.333336	72.333336	69.666664	65.666664	61.0	57.0	55.333332	50.333332	46.333332	45.0	47.333332	49.666668	53.0	58.0	63.333332	76.333336	88.0	93.0	93.666664	94.0	97.666664	100.666664	62.0	49.0	83.666664	54.0	
16.0	14.333333	12.333333	13.333333	12.333333	36.0	63.333332	65.333336	63.0	61.666668	62.333332	61.0	58.333332	56.0	55.333332	52.0	49.666668	46.333332	44.666668	45.666668	49.0	54.666668	64.333336	68.0	69.0	76.666664	87.333336	93.333336	95.0	96.0	96.0	94.333336	47.333332	63.666668	77.666664	47.333332	
13.0	11.0	11.0	12.666667	12.666667	41.333332	94.0	66.333336	61.666668	60.666668	62.666668	60.333332	56.666668	58.666668	56.333332	50.0	48.0	45.666668	44.666668	46.0	57.666668	66.0	73.0	77.333336	81.0	83.333336	85.0	84.333336	90.0	97.0	96.333336	84.0	39.333332	79.333336	67.666664	49.0	
9.666667	9.0	11.666667	13.333333	29.666666	115.0	141.33333	67.0	49.666668	63.0	91.666664	79.333336	74.333336	64.666664	57.333332	50.666668	48.0	45.666668	47.333332	56.0	69.333336	78.666664	86.666664	93.0	90.666664	87.333336	88.666664	88.0	86.0	89.0	93.333336	69.0	41.333332	84.333336	58.333332	63.666668	
9.0	10.0	11.0	22.666666	88.333336	151.66667	105.333336	44.333332	30.666666	75.666664	148.33333	145.66667	140.0	81.0	53.0	47.333332	44.0	43.0	50.0	58.666668	69.666664	82.333336	95.0	101.666664	96.0	90.0	89.333336	89.333336	89.333336	91.666664	87.333336	50.0	50.0	84.0	50.0	94.666664	
22.333334	23.666666	31.333334	79.333336	142.66667	137.66667	71.666664	39.333332	29.333334	97.0	150.66667	161.0	155.66667	80.666664	46.666668	47.666668	42.333332	46.0	55.0	63.0	73.333336	84.0	95.666664	98.0	95.333336	94.666664	91.333336	87.666664	88.666664	93.333336	82.333336	38.333332	64.0	76.666664	46.333332	134.0	
64.0	114.666664	141.66667	143.33333	141.66667	114.333336	51.333332	33.666668	28.333334	115.666664	148.33333	163.33333	152.66667	76.333336	58.0	55.0	50.0	52.0	59.333332	66.333336	76.666664	83.0	88.0	92.666664	92.0	91.0	91.666664	90.333336	88.666664	84.333336	64.333336	33.666668	79.666664	64.333336	52.0	163.0	
116.333336	196.33333	162.66667	133.33333	127.333336	94.333336	42.333332	30.333334	34.666668	128.66667	150.33333	160.66667	150.33333	76.333336	65.666664	44.0	55.0	62.666668	65.0	69.666664	76.666664	81.0	83.666664	89.0	94.0	95.0	92.333336	91.666664	89.666664	78.0	49.0	42.666668	86.333336	50.666668	68.333336	184.0	
156.33333	181.33333	128.66667	121.666664	117.0	71.666664	36.666668	28.0	47.0	138.66667	153.33333	157.33333	154.0	76.666664	68.666664	36.666668	56.333332	70.0	69.333336	71.666664	74.0	76.666664	80.666664	90.333336	96.333336	93.666664	90.0	92.333336	87.0	69.0	37.0	57.333332	82.666664	45.0	89.333336	193.66667	
