94.0	99.0	107.0	111.0	116.333336	127.333336	135.66667	147.33333	156.66667	164.0	167.66667	168.33333	167.0	166.33333	163.66667	163.33333	164.66667	165.0	165.0	164.66667	165.66667	166.33333	166.0	168.0	169.66667	157.66667	145.66667	133.33333	126.0	123.0	118.666664	114.0	114.333336	124.666664	142.0	145.33333	
92.333336	95.0	105.333336	110.666664	116.333336	126.0	134.66667	147.0	156.66667	162.0	167.0	171.33333	170.66667	175.0	173.0	170.0	169.33333	170.0	172.33333	173.33333	173.66667	171.0	168.33333	167.33333	165.33333	157.33333	150.0	138.66667	130.0	127.0	121.666664	116.333336	119.666664	132.33333	148.33333	142.33333	
90.333336	94.666664	101.666664	110.333336	118.0	126.333336	136.33333	144.66667	155.66667	165.66667	173.0	181.33333	182.66667	185.66667	185.66667	178.66667	174.66667	175.66667	178.33333	179.66667	183.0	179.0	175.0	173.0	165.33333	157.0	149.66667	140.0	134.0	131.33333	123.0	117.0	122.333336	138.33333	153.66667	136.66667	
86.666664	93.666664	99.666664	107.666664	116.0	129.0	139.0	149.33333	159.0	175.66667	190.66667	194.66667	190.33333	191.0	190.33333	184.66667	184.33333	186.66667	184.66667	184.66667	184.66667	182.66667	179.0	173.0	160.33333	153.66667	151.0	144.66667	139.66667	134.33333	125.333336	117.333336	112.666664	125.0	146.66667	135.0	
83.333336	92.333336	98.333336	106.333336	115.333336	133.0	142.33333	151.33333	165.0	185.66667	201.0	203.66667	199.33333	198.0	194.66667	188.33333	185.66667	185.0	180.0	181.66667	185.0	185.66667	181.0	170.33333	158.0	153.66667	152.66667	147.0	141.0	135.33333	125.333336	114.666664	107.666664	114.0	130.66667	129.66667	
81.666664	89.333336	101.333336	110.333336	123.0	139.66667	148.33333	155.0	167.66667	182.0	193.33333	202.0	199.33333	194.33333	189.66667	185.0	181.66667	178.0	176.33333	181.0	183.33333	180.33333	179.66667	169.33333	159.66667	156.0	151.33333	145.33333	141.66667	136.0	123.666664	115.333336	109.666664	107.0	116.666664	124.0	
83.0	91.0	103.333336	115.0	124.666664	138.0	145.66667	154.66667	166.0	177.0	191.33333	196.66667	189.33333	186.33333	184.66667	178.66667	175.33333	176.0	180.66667	180.33333	176.66667	171.33333	174.66667	168.33333	159.33333	153.33333	148.0	144.33333	141.33333	135.66667	125.333336	119.666664	109.666664	98.0	101.666664	114.0	
86.333336	93.333336	102.0	117.0	122.0	134.66667	143.66667	151.33333	164.66667	174.66667	185.0	187.66667	180.33333	180.0	183.0	180.33333	177.0	178.66667	179.0	177.33333	171.66667	168.33333	167.66667	164.33333	159.33333	154.66667	149.33333	145.33333	141.33333	135.33333	128.33333	121.333336	109.333336	99.333336	93.666664	98.0	
87.0	94.0	99.0	112.666664	121.666664	137.66667	147.66667	151.33333	162.66667	170.0	174.0	178.66667	178.0	180.66667	181.66667	180.66667	179.33333	178.0	174.0	171.66667	165.66667	168.33333	167.33333	161.66667	158.33333	155.33333	150.66667	146.33333	141.33333	135.66667	129.0	120.333336	110.666664	106.666664	101.0	90.666664	
86.0	94.333336	102.333336	110.666664	120.333336	133.0	144.33333	149.66667	158.0	162.33333	167.0	172.0	176.0	181.0	180.0	177.33333	178.66667	180.66667	173.33333	173.0	173.66667	172.33333	168.0	162.66667	155.66667	154.33333	151.0	149.0	144.0	136.66667	130.33333	123.666664	115.0	110.333336	109.666664	103.666664	
79.333336	93.333336	108.666664	111.333336	114.0	123.666664	135.66667	145.33333	154.66667	159.66667	166.66667	172.33333	176.33333	182.66667	183.0	181.0	184.0	183.66667	169.66667	174.66667	178.66667	174.0	164.66667	158.33333	159.0	161.33333	159.33333	153.0	140.66667	128.33333	125.0	121.666664	117.333336	111.666664	109.666664	109.333336	
75.666664	90.666664	109.333336	112.0	111.333336	120.0	134.0	145.0	153.66667	161.66667	171.0	180.33333	182.0	184.0	185.66667	181.0	180.0	176.0	160.0	171.33333	180.66667	175.33333	164.0	160.0	164.66667	163.33333	152.33333	135.33333	106.0	81.666664	93.666664	108.333336	113.0	110.666664	109.666664	110.666664	
78.333336	89.0	104.333336	108.333336	111.666664	118.0	133.66667	147.33333	153.33333	161.0	167.0	177.66667	178.0	180.0	185.66667	177.33333	177.66667	176.0	157.33333	167.0	176.33333	169.33333	165.33333	156.33333	150.33333	131.0	102.0	75.333336	58.0	50.0	64.666664	85.333336	103.333336	110.333336	109.666664	113.0	
82.0	89.333336	99.666664	104.333336	108.333336	109.0	125.333336	140.66667	145.33333	153.33333	162.0	173.0	172.33333	168.66667	171.66667	166.66667	171.0	172.0	152.66667	155.66667	158.33333	153.66667	138.66667	114.0	91.0	66.666664	45.666668	37.0	46.0	63.333332	72.0	69.333336	80.0	102.0	111.666664	119.0	
83.333336	89.0	91.666664	96.0	82.333336	75.666664	91.666664	109.666664	117.0	126.666664	140.33333	158.33333	164.33333	156.0	153.0	152.33333	158.0	165.0	143.0	136.33333	134.0	120.333336	93.333336	64.666664	51.333332	53.666668	53.333332	59.0	70.0	86.333336	89.666664	79.0	68.333336	87.666664	112.0	119.666664	
81.333336	83.333336	84.0	65.666664	43.666668	40.333332	39.0	49.0	61.0	68.666664	81.333336	98.0	114.666664	122.0	131.0	132.0	141.0	158.0	134.33333	111.0	102.333336	82.0	67.0	79.666664	106.666664	107.666664	85.333336	64.333336	68.666664	89.0	105.333336	105.666664	88.666664	95.0	114.666664	114.666664	
82.0	78.333336	64.666664	45.333332	38.666668	42.0	29.333334	26.666666	32.333332	38.333332	47.666668	48.0	55.333332	75.333336	93.666664	106.0	127.333336	152.66667	137.33333	109.333336	87.0	78.666664	101.0	117.333336	123.0	89.666664	49.666668	38.0	65.333336	75.333336	70.0	90.0	112.666664	122.0	120.333336	110.0	
81.666664	66.0	46.333332	47.666668	53.333332	54.333332	54.0	60.0	73.333336	85.666664	94.333336	99.666664	88.0	82.666664	75.0	91.333336	121.666664	151.66667	147.66667	126.333336	103.333336	100.666664	111.666664	109.666664	129.0	127.333336	79.0	74.333336	114.666664	117.0	102.333336	116.0	131.66667	142.33333	135.0	117.666664	
88.666664	58.333332	48.0	65.333336	71.666664	69.666664	79.0	95.333336	70.666664	72.0	69.0	121.0	116.666664	127.0	108.666664	94.0	117.333336	160.66667	162.66667	132.66667	110.666664	111.0	102.666664	115.333336	127.666664	133.0	128.0	123.666664	127.666664	127.666664	141.66667	155.33333	148.33333	143.33333	140.0	113.333336	
98.666664	73.0	61.666668	74.333336	81.333336	68.666664	82.0	114.333336	81.666664	61.333332	84.333336	115.0	114.0	114.666664	108.666664	104.0	108.333336	149.66667	162.0	140.0	123.333336	139.0	138.0	148.33333	160.0	149.33333	136.0	122.666664	123.0	141.33333	161.0	163.33333	145.0	141.0	142.0	119.333336	
99.333336	98.0	97.666664	94.0	86.666664	77.666664	85.333336	109.0	120.0	119.666664	116.666664	127.666664	140.33333	126.666664	121.666664	119.0	115.0	138.66667	160.66667	139.0	123.666664	151.66667	166.66667	164.0	167.33333	163.66667	157.66667	149.0	148.66667	165.33333	167.66667	156.66667	140.66667	147.0	146.66667	119.666664	
88.0	100.0	125.333336	126.333336	113.666664	110.0	102.333336	103.0	112.666664	128.0	146.0	160.66667	153.33333	136.33333	138.0	134.33333	118.666664	129.66667	158.33333	145.33333	125.0	145.0	166.0	167.33333	163.0	163.66667	166.66667	169.66667	168.66667	168.66667	166.66667	156.33333	144.33333	148.66667	142.0	115.333336	
81.666664	95.333336	131.33333	136.33333	131.0	139.33333	139.0	135.0	141.33333	158.0	171.0	170.0	147.0	143.0	147.0	138.66667	113.0	123.0	157.0	160.0	131.0	130.33333	150.33333	159.0	165.0	165.0	165.66667	169.0	168.33333	165.0	160.33333	151.66667	145.0	143.66667	129.33333	108.0	
81.666664	92.333336	127.333336	132.33333	136.0	146.66667	155.33333	159.0	161.33333	172.0	175.33333	167.33333	152.66667	150.33333	141.66667	121.666664	104.666664	127.333336	159.33333	170.66667	156.66667	131.0	132.0	148.0	165.66667	170.33333	167.66667	168.66667	166.0	159.33333	148.66667	141.66667	140.33333	134.66667	117.333336	104.666664	
86.333336	94.666664	122.333336	131.0	138.0	150.0	160.66667	159.66667	161.0	166.0	164.33333	159.0	153.66667	147.66667	130.66667	110.0	108.333336	131.0	153.33333	163.0	163.33333	140.33333	122.333336	134.0	161.33333	175.0	171.33333	170.33333	165.66667	156.66667	146.33333	140.66667	138.66667	130.66667	117.666664	107.666664	
91.0	92.666664	111.666664	124.333336	135.33333	150.33333	165.0	164.0	162.66667	163.0	157.66667	155.0	153.33333	143.33333	123.0	104.333336	109.666664	128.0	146.0	159.0	159.33333	139.66667	115.0	127.0	147.33333	165.0	167.0	165.66667	160.33333	154.0	148.66667	144.0	135.33333	129.66667	119.666664	107.333336	
92.666664	91.0	102.666664	115.0	129.0	144.33333	159.0	165.0	167.0	164.66667	155.66667	157.0	161.0	139.66667	105.333336	95.666664	103.333336	122.333336	138.66667	159.66667	164.66667	147.0	124.0	127.666664	130.66667	142.33333	161.33333	162.33333	157.66667	154.0	150.33333	144.0	133.33333	129.0	119.0	104.666664	
91.333336	89.333336	97.666664	106.0	119.0	137.0	146.0	150.0	153.0	149.66667	146.33333	152.66667	156.0	130.0	100.333336	98.666664	103.666664	121.666664	142.33333	169.0	171.0	158.66667	136.66667	132.0	135.66667	129.33333	149.33333	160.66667	153.0	151.33333	148.0	137.66667	127.0	128.66667	122.666664	105.333336	
93.333336	86.666664	91.333336	105.0	115.0	128.0	137.66667	139.0	138.0	139.66667	143.0	147.33333	148.66667	122.666664	113.0	114.333336	111.666664	129.66667	152.33333	179.0	166.66667	151.66667	135.66667	129.33333	132.66667	131.33333	139.0	150.33333	154.33333	157.0	149.66667	138.0	124.666664	124.666664	124.0	106.0	
90.666664	88.666664	86.666664	102.333336	115.333336	120.333336	123.0	127.666664	136.33333	146.33333	152.33333	154.0	145.33333	118.666664	117.0	121.0	115.333336	126.333336	147.0	156.33333	145.0	134.0	119.666664	115.333336	112.666664	130.33333	139.66667	143.66667	152.33333	154.33333	147.0	139.0	127.666664	123.666664	125.0	107.666664	
85.666664	92.666664	85.0	94.333336	110.666664	116.0	115.0	120.0	132.0	139.66667	147.0	146.0	136.33333	119.666664	112.666664	106.333336	97.333336	104.666664	120.666664	122.0	116.0	111.666664	100.0	87.333336	97.333336	137.0	141.33333	140.33333	149.0	155.0	147.0	139.33333	130.66667	121.333336	123.666664	111.0	
77.333336	92.0	87.0	89.0	109.0	113.666664	110.333336	115.333336	126.333336	137.33333	148.33333	142.33333	127.333336	122.0	107.0	89.0	80.666664	93.333336	103.333336	96.333336	106.666664	121.333336	119.666664	103.0	102.333336	139.0	142.66667	135.33333	142.0	155.33333	149.0	137.66667	131.0	122.333336	122.333336	112.666664	
63.333332	88.0	91.0	83.333336	106.0	115.333336	109.0	113.333336	133.0	145.66667	149.66667	136.66667	127.0	131.0	116.333336	104.666664	107.666664	121.333336	125.0	101.666664	127.0	155.0	147.0	144.0	140.0	152.33333	145.0	137.0	145.0	153.33333	147.66667	137.0	129.66667	122.666664	121.666664	112.333336	
46.0	76.333336	89.333336	80.666664	97.0	111.666664	104.0	104.666664	134.0	147.33333	143.0	131.0	130.33333	140.66667	128.33333	126.0	133.66667	142.66667	144.66667	121.333336	141.0	167.0	165.0	157.66667	156.0	165.33333	156.0	147.66667	164.33333	171.66667	155.0	138.66667	129.0	121.666664	116.0	110.666664	
34.333332	64.666664	83.666664	84.0	86.0	106.0	104.666664	102.666664	129.0	143.0	134.33333	126.333336	141.66667	155.0	142.66667	130.66667	140.66667	150.33333	156.33333	136.0	137.66667	152.0	153.66667	152.0	145.0	153.33333	154.0	154.0	165.0	181.33333	164.0	141.0	128.66667	119.333336	110.666664	107.666664	
40.0	58.333332	80.0	83.0	78.666664	101.333336	106.0	107.333336	129.0	138.33333	131.33333	130.33333	154.66667	162.66667	161.33333	139.66667	141.0	141.33333	148.0	137.0	125.333336	140.33333	136.33333	137.66667	129.33333	133.33333	129.33333	139.33333	160.0	174.66667	166.0	145.66667	130.66667	118.0	107.333336	105.666664	
36.333332	44.333332	70.0	78.333336	71.0	89.333336	101.333336	111.666664	126.666664	134.66667	130.33333	143.0	156.0	149.66667	153.66667	143.0	127.666664	128.33333	140.0	150.66667	143.0	146.33333	132.66667	122.666664	114.333336	112.666664	103.0	101.0	114.333336	138.66667	143.0	138.33333	131.0	116.0	102.666664	102.666664	
30.0	32.666668	55.333332	74.0	68.666664	79.666664	96.666664	109.666664	121.333336	129.33333	134.0	158.0	160.33333	140.66667	120.666664	117.333336	116.333336	118.333336	123.0	135.0	133.33333	115.333336	95.666664	87.666664	84.0	83.0	84.666664	82.0	80.666664	92.333336	111.333336	128.66667	130.66667	111.333336	96.666664	102.333336	
27.0	24.333334	36.0	65.666664	68.333336	75.0	92.333336	107.0	117.666664	124.333336	133.0	141.0	141.33333	123.666664	101.0	97.0	89.333336	83.666664	80.666664	84.0	92.666664	99.666664	103.666664	103.0	101.666664	110.0	115.666664	110.333336	106.333336	104.333336	109.666664	127.666664	135.33333	112.333336	94.333336	101.0	
21.666666	20.333334	20.666666	43.333332	61.0	70.0	88.666664	105.333336	117.0	124.666664	132.33333	118.333336	115.333336	102.333336	83.333336	66.0	69.333336	75.666664	85.333336	103.333336	118.0	129.0	133.66667	133.66667	137.0	143.66667	141.33333	131.0	121.666664	115.666664	110.666664	123.0	133.0	110.0	94.333336	97.333336	
20.666666	19.0	21.0	28.0	49.666668	64.0	85.0	100.333336	113.333336	126.0	135.0	120.333336	107.333336	80.0	68.0	77.666664	90.666664	98.333336	107.0	127.666664	139.0	143.33333	142.0	139.66667	137.0	135.0	129.66667	121.666664	114.0	110.0	111.0	117.0	122.666664	102.0	94.333336	100.333336	
22.0	21.0	21.666666	29.666666	58.666668	62.666668	79.333336	91.666664	108.0	124.0	137.0	122.0	104.0	86.666664	86.666664	96.666664	108.666664	119.333336	123.0	125.666664	120.0	110.666664	109.0	105.333336	108.666664	112.666664	111.0	107.333336	102.666664	105.666664	111.333336	116.666664	112.0	92.333336	95.666664	106.333336	
22.333334	21.0	22.666666	34.333332	79.0	89.333336	78.333336	83.666664	101.0	119.666664	131.33333	123.666664	102.0	93.666664	94.666664	101.0	108.333336	112.0	109.666664	102.333336	96.666664	94.666664	100.333336	104.0	107.0	107.333336	101.333336	99.666664	104.333336	111.0	110.333336	115.333336	99.666664	89.666664	100.666664	123.333336	
22.0	21.666666	23.333334	37.0	85.333336	109.666664	93.0	78.666664	89.333336	108.666664	123.0	121.333336	104.0	93.333336	92.0	93.333336	95.0	96.666664	95.666664	93.0	101.666664	115.666664	126.666664	133.66667	132.66667	117.666664	110.0	112.666664	118.0	117.666664	107.666664	111.333336	94.333336	93.666664	107.0	142.66667	
22.333334	24.0	26.666666	43.0	90.333336	117.0	117.333336	83.666664	75.0	90.0	111.666664	117.0	110.666664	93.666664	87.333336	85.0	87.333336	94.666664	97.0	100.333336	117.666664	141.0	151.33333	152.33333	152.0	140.33333	127.0	121.333336	121.0	115.0	102.333336	98.666664	91.0	97.333336	125.333336	151.0	
22.333334	22.666666	25.333334	46.666668	95.333336	120.333336	136.66667	113.666664	79.666664	76.0	88.666664	105.333336	108.666664	99.666664	90.666664	85.666664	91.333336	98.333336	103.333336	110.0	129.33333	151.33333	158.66667	161.33333	161.0	149.66667	133.0	120.666664	118.0	113.666664	97.666664	81.666664	84.333336	110.333336	158.66667	146.0	
21.666666	22.0	25.333334	46.666668	95.666664	122.666664	148.0	156.66667	107.666664	84.666664	78.666664	84.0	92.0	98.0	96.666664	94.333336	102.0	106.666664	110.666664	118.0	133.66667	152.66667	154.0	160.33333	161.66667	146.66667	132.0	118.0	115.0	111.0	92.0	80.666664	107.666664	155.66667	178.0	126.333336	
22.333334	22.0	25.0	47.666668	100.0	129.0	156.33333	174.33333	150.33333	103.0	95.0	80.0	77.333336	89.666664	91.666664	96.333336	101.0	106.0	112.666664	123.0	133.0	142.0	139.66667	146.66667	149.33333	133.0	120.333336	111.666664	108.0	107.0	121.333336	157.66667	175.66667	188.66667	178.66667	103.0	
22.333334	23.666666	27.0	50.333332	102.666664	138.33333	163.66667	175.66667	180.0	139.0	101.0	91.0	74.666664	76.666664	81.333336	92.333336	96.0	103.0	111.0	120.0	131.33333	134.33333	131.0	130.66667	128.33333	119.333336	110.0	101.0	96.333336	106.0	173.0	204.33333	197.0	191.0	167.66667	74.333336	
