7.0	8.333333	24.0	38.0	53.0	71.333336	91.333336	107.666664	117.666664	121.333336	125.666664	133.0	136.0	138.66667	145.0	153.66667	158.66667	164.33333	170.66667	179.33333	182.33333	183.66667	182.33333	182.33333	178.66667	171.66667	154.33333	105.333336	54.666668	26.333334	22.333334	19.666666	14.666667	12.666667	12.0	22.666666	
12.0	18.666666	34.0	43.333332	59.0	76.666664	94.0	108.333336	119.0	122.333336	126.666664	134.0	139.33333	141.0	148.0	157.0	162.33333	169.33333	176.33333	182.66667	186.0	189.0	190.33333	189.0	187.33333	181.33333	174.66667	147.0	96.333336	59.666668	35.333332	20.333334	12.0	9.333333	6.3333335	11.0	
18.666666	25.0	37.333332	50.0	68.666664	82.0	97.0	111.333336	124.0	129.66667	130.33333	134.66667	140.66667	145.0	153.0	161.66667	167.33333	175.66667	183.33333	187.0	189.33333	189.33333	192.66667	193.33333	194.0	191.33333	183.33333	159.66667	121.666664	86.333336	66.333336	48.333332	27.333334	12.0	5.0	4.6666665	
21.666666	27.0	41.333332	60.666668	78.0	88.0	102.333336	114.666664	128.0	134.33333	133.0	137.0	142.33333	147.0	153.33333	162.33333	169.33333	178.0	185.0	189.0	190.66667	190.33333	192.0	193.66667	196.0	196.66667	192.0	173.66667	135.0	102.666664	78.333336	65.0	56.333332	35.666668	14.0	4.3333335	
22.333334	28.0	42.333332	64.333336	81.666664	93.666664	106.0	116.333336	128.66667	134.66667	135.66667	139.66667	142.66667	149.33333	156.33333	164.66667	172.0	180.0	186.0	189.33333	192.0	194.33333	193.66667	193.0	195.66667	198.66667	196.0	187.33333	161.66667	119.333336	88.0	66.333336	55.333332	50.666668	36.333332	18.333334	
19.0	29.0	42.666668	64.0	82.666664	95.0	105.0	114.666664	125.0	132.0	137.0	140.33333	144.66667	151.33333	157.66667	164.66667	172.33333	180.33333	185.33333	188.66667	192.0	195.33333	194.66667	194.0	195.66667	201.66667	201.33333	195.0	181.66667	155.33333	114.666664	80.0	57.333332	43.0	35.333332	29.0	
19.666666	28.666666	41.666668	64.0	83.666664	96.666664	104.666664	112.666664	121.0	130.66667	138.0	142.33333	147.33333	152.0	158.0	164.33333	172.33333	179.33333	185.66667	190.66667	195.0	197.66667	196.33333	195.33333	195.0	200.33333	202.33333	199.0	191.66667	182.66667	162.0	121.0	79.0	53.666668	36.333332	21.0	
22.666666	28.666666	41.666668	63.666668	82.333336	97.666664	106.333336	112.666664	120.0	131.0	137.0	141.33333	147.0	152.33333	159.33333	167.33333	175.0	180.33333	189.0	195.66667	197.66667	200.0	198.0	197.66667	199.66667	203.0	203.66667	199.0	195.33333	191.0	186.0	169.66667	129.66667	74.333336	39.333332	22.333334	
22.666666	27.666666	41.333332	63.0	82.0	97.333336	109.0	116.666664	123.0	130.33333	133.33333	136.33333	146.33333	153.0	160.0	167.33333	171.33333	175.66667	184.0	189.66667	190.66667	191.66667	194.0	196.33333	202.33333	207.0	205.0	199.33333	195.66667	194.33333	191.0	185.0	172.33333	131.66667	65.666664	31.0	
23.0	27.333334	40.0	59.666668	79.0	96.0	108.666664	118.333336	125.666664	130.33333	132.33333	134.0	145.0	153.0	159.66667	162.0	158.66667	154.0	149.66667	146.66667	140.66667	135.33333	137.33333	144.66667	162.33333	184.0	195.0	195.66667	194.0	193.0	190.33333	187.0	184.0	173.33333	121.333336	54.0	
22.666666	29.0	40.0	56.333332	75.666664	90.333336	105.333336	116.333336	126.0	131.33333	130.66667	131.66667	141.0	148.66667	152.0	134.66667	106.333336	89.333336	80.333336	86.0	99.666664	122.666664	147.0	166.0	167.0	165.66667	164.0	172.33333	184.33333	190.0	190.0	188.0	187.33333	182.0	164.66667	99.333336	
25.333334	35.333332	42.666668	56.333332	73.0	86.666664	100.333336	112.0	121.666664	128.0	129.0	129.33333	134.0	141.0	134.0	87.333336	60.666668	65.333336	84.333336	110.666664	137.0	161.33333	180.66667	196.66667	205.0	208.0	200.66667	191.0	186.0	190.0	190.66667	187.66667	188.66667	187.0	177.0	131.66667	
26.0	35.666668	37.333332	38.0	47.666668	70.333336	90.0	102.0	112.333336	121.666664	126.333336	128.33333	132.0	141.33333	133.0	91.333336	84.333336	102.666664	118.666664	131.33333	143.66667	156.66667	171.33333	185.66667	195.33333	199.66667	200.0	199.0	196.0	192.33333	190.0	188.0	189.0	189.66667	182.66667	143.66667	
15.333333	18.0	16.666666	14.0	16.0	32.666668	62.666668	86.0	97.0	110.666664	119.666664	127.333336	134.0	141.33333	143.0	127.333336	122.333336	118.666664	112.0	110.0	110.666664	121.333336	131.0	142.0	154.66667	167.33333	174.33333	178.33333	182.66667	187.0	189.33333	189.0	188.0	189.33333	185.33333	150.33333	
16.666666	30.333334	40.0	36.333332	30.333334	26.0	40.333332	63.333332	77.333336	94.333336	111.0	131.0	142.0	146.0	146.0	134.0	115.0	93.666664	70.666664	55.333332	51.666668	61.666668	71.666664	80.666664	87.333336	97.333336	123.0	148.0	168.0	181.66667	188.33333	188.66667	187.66667	189.0	187.66667	160.66667	
24.0	38.666668	54.0	62.0	61.666668	55.666668	46.0	42.666668	54.0	74.333336	100.0	133.33333	154.66667	161.0	157.0	130.33333	96.666664	63.333332	37.666668	34.333332	37.666668	30.333334	47.666668	50.333332	60.666668	65.333336	89.0	125.0	160.0	180.0	189.0	191.66667	190.0	188.0	186.0	166.66667	
19.666666	30.333334	37.666668	44.666668	49.666668	54.666668	51.666668	37.0	30.0	46.333332	84.666664	135.66667	171.66667	181.33333	171.66667	129.66667	82.0	43.666668	42.666668	71.666664	75.666664	53.0	66.0	72.333336	65.333336	81.666664	121.333336	149.0	165.66667	179.33333	190.0	194.0	191.66667	187.66667	185.0	173.0	
10.333333	14.0	12.0	17.333334	28.0	32.666668	41.333332	31.666666	14.0	24.666666	69.333336	137.66667	185.0	194.66667	187.33333	148.33333	94.0	52.0	56.333332	72.666664	68.333336	56.666668	67.0	82.333336	111.333336	148.66667	170.33333	173.66667	176.0	184.33333	191.66667	197.0	194.66667	188.66667	183.66667	177.66667	
5.0	5.3333335	3.3333333	15.0	32.333332	26.666666	26.0	29.0	12.0	15.666667	62.0	142.33333	191.66667	203.33333	196.66667	175.33333	132.66667	83.333336	68.666664	68.333336	71.666664	85.333336	114.666664	142.66667	165.66667	178.0	181.33333	177.0	179.0	187.66667	194.66667	200.0	197.66667	189.0	182.33333	178.0	
3.6666667	7.3333335	4.3333335	20.333334	41.333332	39.0	30.0	32.666668	21.333334	20.666666	65.666664	148.0	194.66667	206.66667	201.33333	190.0	164.66667	124.0	110.0	112.666664	118.0	132.66667	152.33333	167.33333	174.66667	176.66667	177.66667	177.0	183.0	191.0	198.33333	200.33333	198.33333	188.66667	181.0	176.33333	
5.6666665	16.0	12.666667	18.333334	30.666666	39.666668	54.666668	58.333332	38.333332	30.666666	80.0	158.0	195.66667	203.66667	203.0	194.0	178.66667	148.33333	127.666664	129.66667	136.33333	146.0	156.66667	162.66667	167.66667	172.33333	176.66667	180.66667	189.33333	196.0	200.66667	200.0	196.66667	187.66667	178.33333	171.66667	
6.3333335	20.666666	25.333334	38.333332	56.666668	69.666664	77.666664	69.0	39.666668	37.333332	98.0	168.66667	198.66667	203.66667	203.0	196.0	178.66667	159.33333	144.33333	139.0	138.66667	142.66667	148.66667	153.33333	162.66667	173.0	184.0	191.66667	196.33333	199.0	198.66667	198.66667	195.0	184.33333	174.33333	167.66667	
10.333333	30.666666	38.333332	53.666668	73.0	83.0	78.666664	58.333332	33.0	46.0	115.666664	175.66667	198.0	203.0	201.0	194.66667	176.66667	157.33333	146.0	142.33333	140.33333	143.33333	150.0	157.33333	170.0	180.66667	191.66667	198.66667	200.33333	200.0	198.33333	196.33333	193.0	183.0	170.33333	164.0	
14.333333	41.666668	53.666668	66.0	78.0	79.0	67.0	41.666668	29.0	56.333332	128.33333	179.0	194.0	198.0	196.33333	189.33333	173.0	157.66667	149.33333	148.33333	146.33333	145.66667	150.66667	160.33333	177.0	188.33333	197.33333	202.33333	203.66667	201.66667	198.33333	194.0	190.0	181.66667	171.0	166.33333	
15.666667	45.666668	67.333336	78.0	81.0	76.333336	57.666668	35.333332	32.333332	72.0	137.33333	178.0	192.0	197.33333	194.0	184.33333	171.33333	154.66667	144.0	148.33333	152.33333	154.66667	156.66667	165.0	181.0	191.0	198.66667	204.0	203.66667	200.66667	196.0	191.33333	187.33333	180.33333	174.0	170.66667	
15.333333	44.0	69.666664	81.666664	82.333336	73.333336	50.666668	33.0	38.0	84.666664	140.66667	176.66667	195.33333	199.0	188.0	173.66667	172.0	167.33333	140.33333	126.0	139.66667	151.66667	161.66667	170.0	180.33333	189.66667	197.33333	201.66667	199.33333	194.33333	189.0	185.0	184.0	180.0	176.66667	173.66667	
15.0	41.333332	68.666664	79.666664	79.0	66.666664	43.666668	30.333334	41.666668	96.0	146.33333	185.33333	205.33333	203.66667	190.0	184.66667	192.0	187.33333	159.0	115.666664	106.666664	131.0	151.0	164.33333	175.33333	184.33333	190.0	192.33333	189.33333	185.0	181.66667	180.0	181.33333	181.0	179.66667	176.33333	
12.333333	38.666668	65.333336	77.0	74.666664	60.0	36.666668	29.333334	45.0	101.0	143.0	185.66667	203.0	197.66667	178.0	159.66667	168.33333	176.0	164.0	143.66667	101.333336	98.0	126.0	149.33333	164.33333	174.0	180.66667	181.0	179.0	175.66667	174.0	174.0	179.66667	183.33333	182.33333	177.33333	
9.0	33.666668	59.666668	72.333336	69.333336	52.333332	31.666666	30.333334	40.0	82.666664	121.666664	159.66667	178.0	163.33333	135.33333	126.666664	139.33333	163.66667	175.0	171.0	139.33333	98.0	93.333336	121.333336	147.66667	162.0	168.66667	172.0	170.0	167.66667	167.66667	172.0	181.33333	188.0	187.0	180.0	
7.0	27.333334	53.0	65.666664	63.333332	47.0	29.0	24.333334	26.333334	42.0	78.0	107.333336	147.0	158.33333	162.0	168.33333	171.0	179.33333	182.66667	183.66667	173.33333	144.66667	102.0	90.333336	120.666664	145.33333	158.0	163.33333	165.0	165.66667	168.33333	175.33333	184.0	189.66667	189.33333	181.66667	
3.6666667	18.666666	45.0	60.333332	61.0	51.666668	36.666668	27.666666	27.333334	26.333334	42.0	64.333336	98.0	121.333336	138.66667	160.66667	170.0	178.66667	183.66667	186.66667	184.66667	177.0	155.0	116.0	93.333336	123.666664	151.0	158.0	163.66667	166.33333	171.66667	179.0	186.0	189.33333	188.66667	182.0	
1.6666666	9.0	34.0	52.0	61.333332	58.666668	43.0	31.0	30.333334	38.666668	59.0	86.0	103.333336	112.0	125.333336	150.66667	164.66667	174.0	183.33333	189.66667	192.33333	187.66667	178.66667	163.33333	120.333336	95.666664	143.33333	160.0	166.0	170.33333	174.33333	179.66667	185.33333	189.0	187.66667	181.66667	
1.0	4.0	20.333334	41.666668	60.0	58.333332	42.0	29.666666	35.0	54.0	73.333336	102.333336	118.333336	124.0	127.333336	138.66667	145.66667	152.66667	163.66667	169.0	173.33333	172.33333	162.33333	140.0	103.0	85.0	130.66667	169.0	172.33333	176.33333	178.0	180.33333	185.66667	187.66667	186.33333	181.0	
1.0	1.6666666	9.0	29.333334	52.666668	57.333332	36.333332	27.666666	36.666668	45.666668	54.333332	66.666664	81.666664	101.333336	113.0	118.666664	120.333336	124.333336	126.333336	128.0	131.0	133.33333	122.666664	81.333336	40.666668	79.0	136.33333	174.0	176.66667	178.0	178.33333	183.33333	186.33333	186.33333	184.0	179.66667	
2.3333333	1.6666666	4.0	20.333334	44.666668	59.0	34.666668	22.333334	24.666666	28.0	35.333332	42.666668	55.333332	78.666664	108.333336	135.33333	134.66667	155.0	151.66667	164.33333	163.0	173.0	152.33333	92.0	68.333336	90.666664	148.0	178.0	181.0	179.33333	179.66667	184.33333	186.66667	184.66667	180.0	176.33333	
3.6666667	2.6666667	2.3333333	13.333333	32.333332	54.0	48.666668	32.0	16.666666	13.666667	23.666666	42.0	81.666664	123.0	154.66667	206.0	196.33333	208.33333	197.66667	208.66667	194.0	185.66667	147.0	132.0	135.33333	113.666664	155.33333	179.33333	182.66667	181.66667	182.66667	184.66667	185.33333	182.0	176.66667	173.33333	
4.6666665	3.6666667	1.6666666	7.0	25.0	43.0	60.333332	60.333332	33.0	12.333333	23.0	56.333332	110.333336	173.0	185.0	221.0	217.66667	209.0	202.0	190.0	180.0	155.0	150.66667	170.0	156.66667	134.66667	161.66667	178.66667	182.33333	181.33333	182.33333	184.66667	183.33333	178.66667	173.0	170.0	
5.3333335	3.6666667	1.3333334	3.6666667	20.0	34.0	54.0	74.333336	52.666668	21.0	16.0	40.333332	91.666664	148.33333	164.66667	184.66667	184.0	169.66667	173.33333	162.33333	168.0	178.66667	184.0	182.66667	164.66667	154.0	167.66667	180.66667	182.66667	182.0	182.33333	182.66667	180.33333	175.66667	169.66667	165.66667	
9.333333	3.0	1.0	1.6666666	10.666667	27.666666	41.333332	67.666664	62.666668	29.333334	22.666666	32.666668	56.0	90.333336	114.0	131.66667	139.0	144.33333	155.0	185.66667	197.0	194.66667	193.0	181.66667	170.33333	167.0	178.0	186.33333	185.66667	182.33333	181.0	179.0	176.66667	172.66667	167.0	157.33333	
14.0	4.6666665	2.3333333	2.3333333	4.3333335	17.666666	33.0	50.666668	59.666668	31.666666	27.666666	52.666668	77.333336	99.666664	114.666664	125.0	136.0	142.66667	157.0	181.33333	192.33333	194.0	188.33333	178.0	173.66667	177.66667	186.0	190.66667	189.33333	184.33333	180.0	177.66667	175.33333	171.0	161.33333	144.33333	
16.666666	7.3333335	5.0	1.6666666	3.0	6.6666665	22.0	34.0	45.333332	31.333334	26.0	44.333332	70.0	87.333336	101.666664	112.666664	121.333336	135.33333	151.66667	175.0	189.0	187.0	180.66667	179.0	180.66667	187.33333	192.66667	193.33333	190.33333	184.66667	179.66667	177.66667	174.33333	165.0	150.0	141.33333	
17.666666	10.0	8.0	2.6666667	2.0	2.3333333	10.0	23.666666	32.666668	31.0	29.0	38.0	58.0	70.666664	83.666664	99.666664	114.0	137.0	158.33333	172.33333	179.66667	179.33333	179.66667	184.66667	188.0	192.33333	194.33333	191.66667	189.33333	184.33333	178.66667	173.66667	165.33333	151.66667	142.0	144.0	
21.0	12.666667	12.0	4.0	1.6666666	2.0	3.3333333	11.666667	26.666666	34.0	33.0	41.0	63.666668	83.333336	94.0	104.333336	113.333336	131.0	153.0	168.66667	178.0	179.66667	184.0	190.0	191.0	191.33333	189.66667	186.33333	183.66667	180.66667	172.66667	164.66667	152.66667	143.0	145.33333	141.66667	
25.0	14.666667	15.333333	4.6666665	1.0	1.6666666	3.0	4.3333335	16.0	34.666668	43.666668	47.333332	64.333336	88.333336	101.333336	110.333336	119.0	137.0	156.66667	171.66667	178.66667	184.66667	191.66667	194.0	190.66667	188.0	183.66667	179.0	174.66667	171.33333	161.33333	150.0	141.0	142.0	146.66667	133.33333	
27.666666	19.0	18.666666	4.3333335	1.3333334	1.6666666	2.3333333	2.3333333	5.6666665	22.666666	48.0	65.333336	75.0	94.666664	111.666664	120.333336	130.66667	145.0	163.33333	174.66667	179.66667	189.33333	195.66667	193.0	185.66667	179.33333	174.33333	170.0	163.33333	156.66667	145.33333	138.33333	138.0	144.66667	144.66667	121.333336	
29.666666	23.666666	20.0	3.3333333	1.0	1.3333334	1.6666666	1.3333334	2.3333333	10.333333	37.333332	67.0	79.0	96.333336	117.0	127.0	133.66667	146.0	165.33333	177.0	180.33333	189.0	192.33333	185.33333	176.66667	168.0	162.33333	157.33333	149.66667	141.33333	133.33333	132.66667	142.0	151.66667	142.33333	121.666664	
29.0	24.0	19.333334	3.6666667	1.3333334	1.6666666	2.3333333	1.6666666	1.0	2.6666667	18.0	49.0	69.666664	91.666664	116.333336	128.66667	133.33333	146.66667	166.0	177.0	181.0	183.0	181.33333	173.33333	162.0	149.66667	143.66667	141.0	134.0	128.33333	130.66667	139.33333	152.66667	156.0	143.66667	126.333336	
30.666666	25.666666	19.666666	3.6666667	1.0	1.3333334	2.3333333	1.0	0.33333334	1.0	5.0	27.333334	56.666668	82.0	107.666664	120.666664	122.666664	133.66667	152.33333	166.33333	170.66667	169.33333	161.66667	149.66667	139.0	132.0	127.0	122.0	121.666664	129.0	139.33333	150.66667	157.66667	154.33333	144.0	124.333336	
36.333332	28.666666	19.0	5.0	0.33333334	0.6666667	2.0	1.3333334	1.0	0.6666667	1.0	8.0	32.333332	62.666668	87.333336	102.0	102.666664	108.0	123.333336	140.33333	145.33333	137.66667	126.0	118.0	114.0	111.0	111.0	117.0	130.33333	142.66667	151.66667	158.66667	159.66667	152.33333	141.33333	125.0	
