38.666668	38.333332	37.333332	36.333332	34.0	31.666666	31.333334	33.333332	35.333332	39.666668	42.333332	42.666668	58.666668	91.666664	111.0	114.666664	135.0	151.66667	166.66667	164.66667	161.66667	143.0	132.0	117.0	130.66667	156.66667	150.33333	124.0	104.666664	104.333336	107.0	107.666664	104.333336	99.333336	95.666664	94.333336	
34.333332	35.333332	35.333332	36.333332	36.0	36.333332	37.333332	41.0	43.0	46.333332	57.333332	82.0	113.666664	99.666664	110.333336	137.0	157.66667	180.33333	179.66667	185.66667	187.66667	157.66667	137.0	130.0	92.333336	141.0	189.66667	179.0	142.33333	112.333336	97.0	94.0	91.0	86.666664	83.0	82.333336	
30.333334	33.666668	37.666668	40.666668	43.333332	46.666668	49.666668	50.666668	52.666668	74.333336	115.0	142.33333	116.666664	80.666664	129.66667	139.66667	159.0	176.0	180.33333	181.66667	183.66667	155.0	136.66667	143.66667	85.0	90.333336	162.33333	187.66667	188.66667	163.33333	116.666664	79.666664	71.666664	67.333336	64.666664	66.0	
28.333334	34.666668	41.666668	46.0	49.0	55.0	59.0	64.666664	89.333336	129.0	155.66667	153.33333	97.333336	71.333336	124.666664	138.66667	139.0	136.66667	151.66667	144.33333	147.33333	142.33333	142.33333	114.666664	65.333336	88.333336	145.0	163.0	180.0	189.0	170.33333	113.333336	65.333336	50.333332	47.0	46.666668	
27.0	34.666668	44.333332	51.333332	57.333332	60.666668	75.0	111.0	143.66667	156.0	159.66667	157.0	121.0	77.666664	80.666664	91.333336	97.0	103.0	107.0	93.333336	107.666664	98.333336	98.666664	74.666664	85.0	128.0	153.33333	154.33333	159.33333	171.33333	183.33333	179.0	131.66667	59.666668	33.333332	32.333332	
27.333334	35.666668	47.0	56.0	63.333332	73.333336	112.333336	150.0	157.33333	156.66667	158.33333	154.0	142.66667	123.0	100.666664	92.666664	88.0	96.0	99.666664	94.666664	96.0	100.0	118.0	131.0	145.33333	155.66667	157.33333	155.33333	152.66667	156.66667	161.0	178.0	188.0	136.0	54.666668	28.0	
29.666666	38.333332	51.666668	61.333332	69.333336	104.666664	150.0	158.0	157.66667	155.66667	155.66667	150.33333	145.33333	139.33333	137.0	136.33333	136.66667	143.0	147.0	148.66667	146.66667	152.0	154.33333	159.33333	157.66667	158.0	157.0	152.33333	151.0	151.66667	153.66667	160.66667	175.33333	187.0	116.666664	37.0	
31.666666	40.0	53.333332	61.333332	82.0	138.33333	163.0	158.66667	154.66667	150.66667	146.33333	143.66667	148.66667	136.0	120.666664	105.333336	103.666664	116.0	130.0	148.33333	158.33333	160.33333	156.66667	156.33333	158.66667	155.0	154.0	153.0	149.0	151.66667	149.66667	152.0	159.0	173.66667	153.33333	58.666668	
36.333332	42.0	52.0	60.666668	105.333336	168.66667	173.0	164.66667	158.0	156.33333	151.66667	157.33333	137.66667	77.333336	45.0	28.666666	23.666666	27.666666	34.666668	50.0	83.666664	124.333336	159.66667	172.0	167.33333	157.66667	153.66667	152.0	146.66667	148.0	150.0	148.33333	151.33333	154.0	174.33333	106.0	
37.666668	40.333332	48.666668	58.666668	126.666664	180.0	174.66667	171.66667	167.0	164.66667	168.33333	143.66667	73.666664	19.0	7.0	4.0	3.6666667	3.6666667	4.6666665	6.0	13.0	32.0	74.666664	134.66667	179.66667	184.0	166.0	154.0	148.66667	145.33333	144.0	148.33333	154.33333	163.33333	192.0	157.33333	
36.0	39.666668	45.333332	62.333332	145.66667	178.66667	176.33333	174.0	163.66667	158.33333	126.666664	56.333332	16.333334	5.0	5.0	4.0	4.0	4.6666665	5.6666665	5.0	5.0	5.6666665	14.333333	42.666668	101.666664	168.66667	197.0	181.0	160.33333	148.33333	148.66667	150.66667	158.33333	176.0	198.0	193.33333	
35.333332	38.333332	40.0	75.666664	159.66667	176.66667	176.0	167.66667	153.33333	106.666664	41.0	10.0	6.3333335	3.3333333	3.3333333	3.0	3.0	6.3333335	6.6666665	4.3333335	5.0	6.6666665	5.6666665	9.0	27.333334	86.666664	162.33333	203.0	193.0	164.66667	148.66667	152.66667	156.33333	158.33333	182.66667	212.33333	
37.0	37.333332	35.666668	90.666664	169.66667	175.0	167.66667	152.66667	103.0	36.0	9.333333	5.3333335	4.0	4.0	3.6666667	4.0	2.3333333	4.0	5.0	6.0	6.3333335	6.6666665	6.0	6.0	9.0	23.666666	78.0	159.0	209.33333	201.66667	167.66667	149.33333	154.0	149.66667	165.0	210.0	
38.333332	38.666668	39.333332	106.333336	173.33333	166.33333	157.33333	112.0	39.333332	7.0	5.0	3.6666667	3.3333333	3.3333333	3.6666667	4.3333335	4.0	4.3333335	4.6666665	5.6666665	5.0	4.6666665	5.0	5.0	7.0	7.0	21.0	72.0	164.66667	211.66667	208.0	170.66667	148.0	145.33333	155.66667	195.0	
37.666668	40.0	46.0	124.666664	166.66667	155.33333	132.0	53.0	8.666667	2.6666667	3.6666667	3.3333333	3.3333333	4.3333335	5.0	5.0	5.3333335	5.6666665	4.6666665	5.0	4.3333335	4.3333335	4.6666665	5.6666665	6.6666665	6.3333335	7.0	22.333334	78.0	167.66667	216.33333	211.0	182.66667	153.0	159.66667	184.66667	
42.666668	43.666668	53.0	135.33333	158.66667	148.66667	84.666664	16.333334	3.3333333	2.6666667	3.0	4.0	4.0	5.6666665	6.0	6.0	6.3333335	6.6666665	5.6666665	5.0	4.6666665	4.6666665	5.3333335	6.3333335	6.3333335	6.6666665	5.6666665	8.666667	21.333334	79.666664	162.0	211.33333	216.66667	197.66667	175.33333	181.33333	
43.666668	43.666668	65.666664	142.33333	156.0	112.0	32.666668	8.666667	3.6666667	3.6666667	3.6666667	4.0	5.3333335	6.0	7.0	7.3333335	8.333333	7.6666665	7.3333335	6.3333335	6.0	6.6666665	7.3333335	9.333333	9.0	6.6666665	4.6666665	4.6666665	8.333333	19.0	67.666664	147.66667	199.0	214.33333	196.66667	179.66667	
43.333332	45.333332	76.333336	135.66667	118.0	57.666668	32.0	15.333333	7.0	4.3333335	4.6666665	5.0	5.6666665	6.3333335	8.0	9.333333	10.0	11.0	10.0	9.666667	7.6666665	7.0	9.0	11.333333	12.333333	8.333333	6.0	5.0	6.0	7.6666665	18.0	46.666668	96.0	133.0	118.0	136.33333	
43.666668	48.333332	77.0	85.666664	55.666668	63.666668	107.0	61.0	12.333333	5.6666665	4.6666665	7.0	5.0	6.0	7.6666665	11.666667	13.0	15.0	14.666667	14.333333	13.333333	11.0	9.666667	10.0	9.666667	8.0	8.333333	6.0	5.3333335	6.3333335	12.0	33.666668	42.0	37.333332	30.666666	74.0	
45.333332	49.0	76.666664	57.666668	43.666668	116.666664	172.66667	99.0	27.0	10.0	7.3333335	6.3333335	6.3333335	8.666667	9.333333	11.333333	15.333333	20.666666	20.333334	17.666666	17.0	17.0	13.0	8.666667	7.3333335	6.6666665	6.6666665	6.3333335	9.333333	21.0	44.0	84.666664	86.333336	41.0	27.333334	40.666668	
46.0	46.666668	73.333336	58.333332	71.333336	159.0	183.66667	124.666664	76.0	42.333332	25.0	15.0	15.0	16.666666	21.0	23.666666	27.0	26.333334	22.666666	18.666666	18.0	19.666666	17.0	14.0	12.333333	10.0	10.0	15.0	30.0	57.333332	76.0	92.666664	106.666664	70.333336	35.0	27.666666	
45.0	58.0	75.333336	59.666668	92.333336	180.66667	177.66667	145.0	121.0	84.333336	45.666668	33.0	17.0	17.0	20.333334	29.0	31.0	46.333332	68.0	44.666668	23.666666	25.0	21.333334	17.333334	12.333333	10.333333	21.333334	35.333332	42.666668	58.0	87.0	105.0	119.666664	103.0	44.333332	26.0	
78.333336	116.666664	102.333336	57.0	106.333336	187.0	169.66667	140.33333	97.333336	66.666664	61.0	55.333332	22.666666	19.333334	18.333334	25.333334	44.333332	101.0	139.66667	82.0	27.333334	19.0	12.666667	8.0	7.6666665	8.333333	24.333334	47.0	66.666664	57.0	72.666664	112.333336	126.333336	116.0	57.666668	30.666666	
94.0	113.666664	121.666664	81.666664	123.666664	184.66667	160.0	141.66667	116.333336	111.666664	108.666664	76.333336	49.0	49.0	49.333332	67.666664	100.0	139.33333	147.66667	93.333336	37.333332	24.666666	14.666667	8.333333	10.333333	12.666667	17.666666	39.0	64.0	72.333336	85.333336	124.0	137.0	124.0	73.666664	44.333332	
90.0	83.0	127.0	110.333336	139.33333	184.33333	160.0	153.0	149.0	148.0	138.0	106.333336	74.333336	68.666664	88.0	124.0	150.0	154.66667	149.0	131.33333	106.333336	93.333336	55.333332	19.333334	15.666667	37.0	49.0	75.666664	106.333336	112.666664	114.333336	134.66667	141.0	138.33333	100.333336	56.666668	
96.0	90.666664	145.33333	129.66667	150.33333	187.0	173.66667	169.33333	157.33333	142.33333	125.666664	110.333336	104.0	115.333336	139.0	155.66667	159.33333	161.33333	159.33333	165.33333	155.33333	150.33333	128.33333	69.666664	38.333332	46.666668	63.0	80.333336	103.333336	125.0	138.33333	149.0	151.0	162.33333	115.0	69.666664	
99.666664	105.666664	157.66667	139.0	159.33333	194.0	185.0	180.0	170.66667	150.0	135.66667	129.0	132.0	144.66667	156.66667	159.0	169.0	174.0	164.0	172.0	159.66667	158.33333	159.66667	128.66667	97.333336	96.0	121.666664	133.0	143.66667	155.66667	159.66667	163.66667	155.0	159.0	111.666664	80.0	
96.666664	123.333336	149.33333	119.0	165.33333	192.0	190.0	188.0	182.66667	160.66667	140.33333	131.0	133.0	147.0	156.33333	162.33333	191.33333	186.66667	165.0	175.33333	163.33333	158.0	158.0	133.66667	112.666664	120.666664	153.66667	161.0	163.66667	170.0	176.0	171.0	154.0	142.66667	107.333336	79.666664	
87.666664	134.0	130.0	106.333336	162.0	185.66667	194.66667	190.66667	190.66667	173.66667	140.66667	126.666664	127.666664	126.0	138.0	163.66667	194.0	192.0	163.0	165.33333	173.0	155.0	152.66667	116.333336	87.0	105.666664	141.66667	156.0	160.66667	175.0	183.0	167.33333	151.0	136.0	113.0	59.666668	
78.0	137.33333	125.666664	107.0	155.0	181.66667	192.0	182.0	181.0	167.0	128.66667	103.333336	77.333336	87.0	135.0	161.0	180.0	195.33333	155.33333	153.33333	176.0	160.33333	158.0	108.0	46.666668	60.666668	105.0	139.66667	150.33333	166.0	175.0	163.0	152.0	138.33333	113.666664	72.333336	
69.0	129.33333	143.33333	118.333336	143.0	169.66667	175.66667	166.33333	156.0	136.33333	97.0	55.666668	47.0	111.666664	145.33333	127.0	139.66667	162.33333	124.333336	123.666664	127.0	115.333336	126.666664	96.666664	31.666666	26.0	53.0	100.0	128.66667	139.33333	144.66667	148.66667	146.66667	135.66667	107.0	98.666664	
64.0	123.333336	162.0	141.0	130.66667	158.0	156.66667	146.0	133.66667	102.0	57.0	36.666668	87.0	154.66667	150.66667	113.0	110.666664	120.0	88.333336	74.333336	57.333332	47.0	83.0	91.333336	29.333334	19.333334	26.333334	51.333332	86.333336	111.0	123.333336	135.33333	136.0	128.33333	91.666664	89.666664	
53.666668	121.0	174.0	157.66667	130.0	143.0	138.33333	126.666664	111.0	67.333336	34.0	66.333336	131.33333	157.66667	148.66667	132.33333	120.666664	100.333336	66.666664	43.0	35.333332	63.333332	112.0	117.333336	46.333332	16.333334	18.666666	27.0	45.666668	74.333336	101.333336	117.0	123.666664	114.666664	76.666664	88.333336	
48.333332	112.0	174.0	159.66667	125.666664	130.66667	121.666664	115.333336	95.666664	46.666668	58.333332	111.666664	133.66667	144.66667	152.66667	151.66667	132.0	96.666664	69.666664	52.666668	48.666668	75.666664	111.333336	132.66667	84.666664	24.333334	16.333334	19.0	29.666666	47.0	74.0	94.333336	112.333336	105.666664	82.0	118.0	
46.666668	91.333336	163.66667	160.33333	124.666664	125.333336	114.333336	116.0	90.0	61.333332	93.333336	109.666664	117.666664	114.333336	122.333336	135.0	135.33333	121.666664	104.666664	97.0	94.666664	97.333336	118.333336	131.33333	110.333336	50.666668	16.666666	16.0	32.333332	57.666668	62.666668	80.0	104.0	99.0	89.0	137.0	
43.666668	56.0	110.0	136.33333	115.666664	120.0	112.333336	119.666664	105.666664	90.333336	75.333336	61.0	59.333332	47.666668	79.333336	104.333336	114.0	124.0	90.333336	73.0	65.0	65.666664	74.333336	70.333336	72.333336	51.666668	20.666666	15.0	33.666668	77.666664	71.333336	80.666664	98.666664	96.666664	92.666664	138.0	
45.333332	44.0	53.0	62.333332	84.0	115.666664	110.666664	117.333336	126.666664	98.666664	70.333336	83.666664	71.666664	57.666668	128.33333	153.33333	158.0	171.66667	129.33333	131.0	111.666664	105.666664	106.333336	53.666668	24.666666	23.0	18.666666	16.0	30.333334	77.333336	69.0	77.666664	93.666664	91.333336	84.0	115.666664	
47.333332	46.333332	44.666668	48.333332	72.333336	110.0	111.333336	110.333336	125.0	109.333336	100.666664	137.66667	135.66667	111.333336	148.66667	170.66667	183.33333	203.33333	193.0	200.33333	180.0	165.66667	159.33333	104.666664	59.0	76.333336	57.0	23.0	40.333332	84.0	68.0	71.0	92.0	84.333336	74.333336	93.666664	
47.333332	46.333332	49.333332	58.666668	71.333336	94.333336	108.666664	104.666664	113.666664	114.333336	119.666664	144.0	157.33333	135.66667	123.333336	144.33333	154.66667	159.33333	171.33333	170.66667	160.33333	151.66667	153.0	135.66667	127.333336	136.33333	100.666664	42.666668	55.0	80.666664	64.333336	72.0	86.0	74.666664	71.666664	83.0	
47.333332	47.0	54.666668	68.0	75.0	88.333336	99.666664	95.333336	99.333336	109.333336	122.666664	144.33333	157.33333	152.0	135.33333	140.66667	133.66667	116.333336	118.333336	117.666664	113.666664	118.0	137.0	138.0	140.66667	132.33333	101.333336	59.666668	64.0	69.0	59.333332	70.333336	76.666664	72.333336	74.0	78.0	
47.666668	48.0	57.666668	69.666664	74.0	76.666664	84.0	86.333336	85.0	98.0	115.333336	135.0	149.66667	155.66667	147.0	127.0	108.0	86.333336	78.0	72.333336	71.0	77.0	97.666664	121.333336	130.0	125.0	95.0	67.666664	61.0	61.333332	57.666668	66.333336	72.0	77.333336	78.666664	81.666664	
48.333332	49.666668	57.333332	66.0	69.666664	67.666664	74.666664	85.0	82.333336	93.333336	105.333336	119.0	140.66667	150.33333	151.0	131.33333	97.333336	68.0	50.666668	39.0	36.333332	52.333332	84.0	117.333336	121.333336	108.666664	86.333336	69.0	55.333332	55.0	56.0	62.333332	69.0	76.333336	81.0	83.666664	
48.333332	49.0	53.666668	60.0	66.0	73.666664	80.666664	84.0	88.666664	90.333336	94.0	103.333336	125.666664	140.66667	146.33333	140.66667	122.666664	96.0	71.333336	56.0	54.0	69.666664	94.666664	117.0	115.0	100.0	80.0	66.333336	55.333332	52.0	54.0	58.333332	64.666664	74.333336	78.333336	80.0	
49.666668	50.0	53.666668	61.0	68.333336	83.666664	101.666664	80.0	90.666664	92.666664	92.666664	98.333336	117.0	134.33333	137.33333	139.0	136.33333	123.666664	117.0	114.333336	112.333336	117.333336	117.333336	120.666664	110.666664	90.0	73.0	62.333332	57.0	53.333332	49.666668	57.666668	66.0	72.333336	74.666664	76.666664	
51.0	53.0	59.666668	69.0	71.333336	90.666664	123.0	78.333336	84.333336	93.333336	95.666664	95.333336	104.666664	119.666664	127.0	136.66667	137.0	124.666664	124.666664	132.0	138.0	143.66667	135.0	128.66667	108.666664	79.666664	68.666664	59.333332	56.333332	53.666668	46.333332	61.0	71.0	68.666664	69.333336	70.666664	
51.666668	56.0	64.333336	71.666664	71.333336	93.0	139.33333	95.333336	77.666664	88.666664	93.0	85.0	87.333336	105.333336	118.666664	124.666664	120.333336	101.666664	99.333336	108.666664	117.0	124.666664	124.333336	119.0	93.0	65.0	65.666664	60.333332	53.666668	50.333332	48.333332	67.333336	68.666664	64.0	62.666668	64.666664	
54.666668	62.666668	70.0	74.333336	73.666664	99.0	150.0	117.333336	79.666664	83.666664	92.0	86.333336	80.333336	87.666664	95.333336	92.0	84.666664	70.666664	69.0	79.333336	80.0	82.666664	88.0	84.666664	70.0	53.666668	59.666668	57.0	48.666668	44.333332	59.0	79.0	63.0	57.333332	57.666668	58.666668	
63.0	70.0	76.0	75.333336	77.333336	106.0	156.66667	132.0	98.0	80.0	85.0	88.666664	80.0	72.666664	69.0	61.666668	53.666668	46.0	45.333332	51.0	46.666668	46.0	54.333332	54.333332	53.333332	55.666668	64.0	58.333332	48.333332	48.0	79.333336	88.333336	60.333332	53.0	53.333332	52.0	
72.666664	74.333336	90.333336	91.333336	87.333336	117.333336	162.66667	136.33333	116.666664	88.666664	79.333336	85.0	80.0	69.666664	61.333332	47.0	32.333332	25.666666	25.0	25.333334	25.666666	28.333334	38.0	45.333332	52.0	58.0	61.0	54.0	49.666668	65.0	99.666664	91.0	56.333332	49.666668	49.333332	48.666668	
