8.666667	9.0	9.666667	16.666666	21.333334	30.0	48.0	80.333336	123.666664	165.66667	181.66667	183.33333	181.33333	181.33333	184.33333	188.33333	193.33333	194.66667	195.0	198.33333	195.66667	194.66667	196.66667	196.66667	193.0	192.66667	188.0	183.33333	178.66667	173.33333	166.0	157.66667	151.0	125.333336	57.0	22.0	
7.0	8.0	14.333333	32.666668	52.0	72.0	100.333336	128.0	156.66667	180.33333	190.33333	186.0	179.0	181.0	184.66667	189.33333	195.66667	194.33333	191.0	194.0	196.0	196.33333	196.66667	196.66667	194.0	196.33333	192.66667	184.33333	181.33333	173.66667	167.66667	161.33333	153.66667	139.0	90.333336	25.333334	
8.333333	9.0	28.666666	67.333336	98.0	125.666664	144.66667	151.0	163.33333	174.33333	186.0	185.33333	181.66667	182.33333	186.33333	191.66667	198.33333	195.66667	191.33333	193.0	195.33333	194.33333	195.33333	195.66667	194.33333	195.0	193.33333	188.0	181.33333	173.33333	168.33333	163.33333	156.66667	147.66667	123.333336	41.666668	
12.0	15.333333	53.0	97.666664	128.0	146.0	153.66667	156.0	159.66667	169.0	180.66667	186.33333	183.33333	183.0	186.33333	191.33333	196.66667	194.66667	190.66667	192.33333	194.33333	195.33333	196.66667	195.66667	196.0	193.66667	192.0	192.66667	181.66667	172.0	168.0	165.66667	159.33333	152.0	136.33333	61.333332	
18.666666	27.333334	74.333336	116.666664	134.0	145.66667	153.33333	157.33333	161.66667	171.33333	186.0	188.0	183.0	183.33333	187.0	190.33333	195.66667	197.66667	194.0	190.33333	192.33333	196.66667	197.0	194.33333	195.0	197.0	195.0	196.33333	179.66667	169.33333	168.33333	165.66667	161.66667	155.0	139.0	74.333336	
26.333334	40.666668	85.0	116.333336	127.0	140.66667	153.66667	158.0	162.33333	167.66667	184.33333	190.33333	187.66667	185.66667	188.33333	190.0	192.33333	196.0	196.0	191.66667	192.66667	195.66667	197.0	195.33333	194.66667	196.0	193.66667	193.33333	176.33333	167.0	165.33333	163.66667	160.66667	152.66667	139.0	81.0	
33.333332	47.333332	88.333336	115.0	122.333336	135.0	152.66667	157.33333	163.66667	168.33333	175.33333	182.66667	184.66667	183.33333	187.0	190.0	191.33333	193.0	194.0	189.66667	191.33333	194.66667	195.0	195.0	194.33333	194.66667	194.0	188.33333	172.33333	164.0	162.33333	162.66667	160.66667	152.33333	136.66667	82.333336	
36.666668	48.333332	85.333336	115.0	123.666664	130.33333	147.33333	156.66667	161.33333	165.33333	168.66667	177.33333	184.0	185.0	187.0	187.33333	189.33333	190.66667	191.33333	191.33333	190.33333	193.66667	193.0	193.66667	196.0	196.33333	193.33333	183.66667	171.66667	164.66667	161.33333	160.0	159.33333	151.33333	134.33333	85.666664	
37.666668	52.0	83.0	114.0	125.666664	134.0	153.0	162.33333	164.66667	166.66667	171.0	177.66667	182.66667	186.33333	188.33333	188.66667	188.33333	191.33333	194.33333	196.33333	192.0	189.66667	189.66667	193.0	197.0	195.66667	192.66667	180.66667	171.0	164.0	162.0	162.0	157.66667	147.66667	131.33333	89.0	
42.0	53.0	83.333336	118.0	128.66667	139.33333	160.33333	171.33333	172.33333	168.66667	170.66667	174.33333	175.0	176.66667	177.66667	183.33333	185.0	187.66667	190.33333	192.0	187.66667	186.0	185.33333	185.66667	190.33333	189.66667	182.0	170.66667	164.0	164.0	166.33333	165.66667	160.66667	150.33333	133.66667	94.0	
40.333332	50.333332	80.666664	118.666664	128.66667	139.66667	159.66667	174.66667	182.66667	181.33333	178.33333	177.66667	172.0	164.66667	160.0	164.33333	166.66667	172.66667	171.33333	174.66667	172.33333	172.0	169.0	167.0	169.0	168.33333	163.66667	159.33333	161.33333	168.66667	170.33333	167.66667	163.0	152.66667	135.33333	101.666664	
33.666668	47.666668	78.0	119.0	126.666664	136.66667	157.0	172.0	181.66667	182.33333	177.66667	173.66667	164.33333	152.0	142.0	145.66667	145.66667	153.33333	154.66667	160.33333	159.66667	160.0	158.33333	154.0	152.33333	152.0	143.66667	143.0	154.0	161.0	159.0	157.0	159.0	153.33333	136.66667	105.333336	
34.333332	50.0	82.333336	122.666664	126.666664	134.33333	150.33333	162.66667	164.33333	151.33333	141.66667	138.33333	127.666664	122.0	121.0	126.0	129.33333	134.66667	142.33333	148.33333	151.0	154.66667	150.66667	142.0	140.33333	133.0	123.666664	122.666664	125.0	129.33333	128.33333	140.66667	157.33333	150.0	136.33333	110.0	
34.666668	53.333332	94.666664	126.333336	125.333336	128.0	138.0	141.0	134.66667	130.66667	125.333336	113.0	100.0	93.0	95.0	97.666664	103.333336	114.666664	127.0	140.66667	147.66667	149.66667	143.33333	127.333336	119.333336	107.0	102.333336	98.666664	101.666664	109.0	117.0	127.0	150.0	153.66667	139.0	115.666664	
30.0	55.666668	105.333336	129.66667	125.0	124.0	128.66667	128.66667	133.33333	151.66667	155.66667	151.66667	136.33333	120.333336	113.666664	102.666664	91.333336	93.333336	108.666664	133.0	156.0	161.0	143.0	119.333336	100.333336	86.0	89.0	102.0	115.0	117.666664	121.0	122.333336	130.66667	141.0	143.33333	134.0	
30.0	60.666668	114.666664	132.66667	126.333336	123.333336	124.0	126.333336	143.0	148.0	134.0	128.0	123.333336	129.0	123.666664	106.0	89.333336	93.0	116.666664	146.0	171.33333	178.0	140.0	125.333336	103.333336	94.666664	101.0	99.0	109.333336	115.0	106.666664	110.333336	120.666664	125.333336	136.33333	143.66667	
21.0	59.666668	111.0	116.666664	123.333336	130.33333	130.33333	119.666664	111.0	91.666664	81.333336	62.333332	55.333332	73.333336	99.0	116.333336	127.333336	132.33333	140.0	144.33333	176.33333	175.33333	124.333336	120.666664	104.0	94.666664	89.666664	56.0	44.666668	57.333332	85.333336	85.333336	112.0	125.333336	133.0	132.0	
14.0	55.0	100.0	109.333336	133.66667	133.66667	123.333336	98.666664	73.0	80.333336	85.0	54.333332	63.333332	111.666664	117.333336	118.666664	154.0	157.33333	115.666664	127.666664	171.66667	173.33333	135.66667	128.33333	133.33333	127.333336	133.33333	92.666664	60.666668	73.666664	85.333336	73.666664	100.0	124.333336	128.0	131.33333	
39.0	93.0	134.66667	147.33333	152.66667	141.33333	118.666664	94.0	104.666664	136.33333	147.66667	136.33333	142.0	163.0	148.0	118.666664	130.33333	140.0	115.333336	140.66667	177.0	178.33333	154.0	132.0	152.33333	154.33333	154.66667	156.66667	141.33333	144.0	126.333336	91.666664	94.333336	125.0	132.33333	136.0	
67.666664	111.666664	140.0	151.33333	157.33333	151.0	126.666664	123.0	141.66667	162.66667	169.33333	167.0	163.33333	165.33333	151.33333	115.0	96.666664	109.333336	120.0	159.33333	183.66667	181.33333	161.33333	136.33333	145.33333	150.0	155.33333	167.33333	168.33333	167.0	156.66667	126.0	123.666664	155.66667	147.33333	145.66667	
88.666664	117.333336	138.33333	149.33333	165.0	180.0	172.0	151.33333	144.66667	158.66667	170.33333	166.33333	163.33333	166.33333	167.66667	137.66667	119.666664	133.66667	146.33333	172.0	190.33333	185.33333	169.0	142.66667	145.66667	149.33333	159.66667	180.0	179.66667	179.0	171.0	157.66667	150.33333	169.33333	167.0	153.33333	
103.666664	119.333336	135.66667	147.0	174.0	199.33333	201.66667	185.33333	166.66667	162.0	163.33333	166.33333	162.33333	159.33333	155.33333	151.0	155.66667	132.33333	147.33333	163.33333	184.66667	192.33333	180.33333	149.33333	139.66667	157.33333	162.66667	164.33333	159.66667	161.66667	168.66667	169.66667	167.66667	175.33333	170.33333	151.66667	
102.0	116.0	127.333336	144.0	176.0	199.0	202.0	198.0	191.0	183.66667	179.0	182.33333	174.66667	166.33333	168.66667	179.0	155.66667	129.66667	144.0	152.33333	181.66667	194.0	182.0	161.33333	137.66667	145.66667	168.66667	170.33333	168.33333	174.33333	183.33333	181.0	169.33333	170.66667	165.66667	148.66667	
99.0	109.333336	120.666664	142.0	172.0	190.0	192.66667	196.66667	200.0	201.33333	199.33333	199.0	188.66667	186.66667	189.66667	185.0	133.33333	125.333336	143.66667	160.0	185.0	192.33333	180.0	161.33333	135.0	125.666664	151.33333	169.33333	177.66667	183.66667	186.0	177.0	164.66667	163.33333	160.33333	145.33333	
98.0	104.666664	113.0	137.33333	162.33333	175.33333	182.66667	186.33333	192.0	195.66667	181.66667	175.33333	180.66667	179.33333	178.0	158.66667	109.333336	124.333336	138.0	160.33333	183.33333	189.66667	183.0	161.66667	134.66667	130.33333	147.33333	149.33333	151.0	153.33333	155.33333	152.33333	152.66667	158.0	153.33333	141.33333	
97.333336	102.0	105.333336	117.333336	135.0	145.66667	152.66667	156.33333	160.0	165.0	154.0	150.66667	160.0	164.0	156.0	125.666664	113.666664	145.0	138.0	158.0	187.33333	193.33333	190.33333	165.66667	141.0	130.66667	148.0	173.0	173.66667	163.33333	156.66667	153.66667	159.33333	160.33333	150.0	136.66667	
96.0	99.0	98.333336	103.666664	112.666664	119.333336	127.0	137.33333	150.66667	168.0	177.33333	175.0	172.0	164.66667	142.0	99.666664	116.0	134.33333	137.0	148.0	171.33333	183.33333	189.33333	170.66667	143.33333	126.666664	122.333336	160.66667	178.0	174.66667	164.0	156.66667	159.0	158.0	147.0	133.66667	
94.666664	96.0	95.0	104.666664	120.666664	135.33333	143.33333	148.33333	159.0	171.66667	173.66667	172.66667	171.0	158.0	125.333336	77.0	93.333336	111.0	121.666664	134.66667	154.33333	161.0	162.0	150.33333	131.33333	121.0	103.666664	136.0	166.66667	171.66667	162.0	152.0	150.0	151.66667	143.33333	130.33333	
93.333336	94.666664	94.666664	103.0	124.666664	138.0	141.66667	145.33333	152.33333	158.66667	161.66667	163.0	162.66667	144.33333	112.0	70.0	81.333336	73.333336	73.0	90.666664	113.0	121.666664	111.333336	103.0	101.333336	128.66667	112.0	117.333336	151.33333	166.33333	162.0	152.0	145.0	146.66667	142.0	130.0	
89.333336	92.666664	94.333336	96.666664	120.0	136.33333	142.33333	143.33333	147.66667	153.66667	156.33333	153.0	144.33333	133.66667	115.0	93.333336	101.0	87.0	63.666668	53.333332	59.0	59.333332	53.666668	64.666664	104.333336	146.66667	128.0	110.0	137.66667	157.33333	154.33333	147.66667	140.33333	141.66667	139.0	126.333336	
85.0	92.333336	95.666664	94.666664	116.333336	134.33333	141.33333	138.0	144.66667	150.0	146.66667	143.0	132.0	137.0	138.0	125.666664	108.666664	100.0	90.333336	76.666664	54.666668	48.666668	68.333336	104.666664	138.33333	156.0	147.0	119.666664	131.0	145.33333	144.0	144.0	138.66667	140.66667	136.0	126.0	
81.666664	93.333336	98.0	95.0	113.666664	132.0	141.0	140.0	142.66667	145.33333	140.0	136.66667	139.0	151.0	159.0	149.0	132.33333	122.333336	109.666664	103.0	100.0	114.666664	131.33333	141.66667	146.33333	151.0	154.0	136.0	131.33333	137.66667	138.0	138.66667	138.0	137.0	132.33333	126.0	
77.0	91.0	97.333336	96.333336	107.333336	125.666664	140.0	144.66667	146.66667	145.0	139.0	140.33333	154.33333	160.66667	159.66667	160.0	149.33333	152.66667	158.66667	157.33333	157.66667	158.0	161.0	157.0	146.66667	146.0	153.33333	146.66667	136.66667	135.66667	136.33333	136.66667	138.0	137.0	129.66667	127.333336	
70.0	87.666664	94.0	94.333336	103.0	121.333336	138.66667	143.0	147.33333	146.33333	145.66667	153.33333	165.66667	166.0	160.33333	154.33333	145.66667	150.33333	155.33333	152.0	159.0	153.0	148.33333	150.66667	144.33333	143.0	149.66667	147.66667	147.0	143.33333	142.0	139.0	138.0	135.0	128.0	125.666664	
80.333336	84.333336	90.333336	89.666664	99.0	118.0	136.66667	142.33333	147.0	145.33333	152.33333	161.66667	170.0	167.33333	158.33333	146.66667	128.33333	108.333336	81.0	69.666664	75.0	73.666664	69.333336	86.666664	121.666664	144.0	150.66667	154.0	160.33333	156.0	147.33333	140.66667	141.0	134.66667	128.0	123.666664	
63.666668	76.0	87.666664	90.666664	100.0	115.666664	130.66667	136.66667	141.33333	146.33333	155.66667	165.66667	175.33333	169.0	156.0	136.33333	100.333336	60.333332	36.666668	36.0	37.333332	36.333332	29.333334	42.0	84.333336	123.666664	143.33333	156.33333	168.66667	161.0	147.33333	139.66667	138.66667	132.66667	127.333336	122.333336	
88.0	89.0	85.0	88.666664	101.0	116.0	128.33333	132.0	134.66667	142.66667	154.0	167.0	176.33333	170.0	153.33333	132.0	101.666664	72.333336	60.666668	52.0	46.0	42.666668	44.333332	55.333332	103.666664	135.0	146.33333	157.33333	173.33333	161.0	147.0	139.0	135.66667	135.33333	129.33333	118.333336	
106.666664	72.333336	81.333336	86.0	95.0	110.333336	124.666664	130.66667	133.33333	139.0	147.66667	163.66667	175.0	172.0	166.66667	158.66667	145.33333	126.0	126.333336	129.0	123.0	122.0	113.666664	115.666664	147.66667	157.66667	166.33333	166.33333	173.33333	158.66667	144.0	136.66667	134.33333	137.66667	128.0	115.333336	
15.0	27.666666	73.333336	81.666664	89.666664	105.666664	121.666664	129.33333	132.0	132.33333	141.33333	157.66667	170.66667	171.33333	173.33333	150.33333	137.66667	153.0	145.0	142.0	139.0	142.33333	143.0	152.0	146.66667	153.0	168.0	168.66667	170.33333	155.0	141.33333	136.33333	137.66667	134.66667	122.666664	112.0	
5.3333335	12.666667	58.0	79.666664	85.0	100.0	117.333336	128.66667	131.0	130.33333	134.66667	152.33333	163.66667	166.33333	171.33333	155.0	118.666664	129.66667	149.66667	156.33333	160.0	166.66667	163.33333	149.66667	133.33333	150.0	160.66667	160.66667	161.66667	153.0	141.66667	138.0	142.66667	136.66667	119.0	109.333336	
3.3333333	5.3333335	36.666668	74.666664	80.0	92.666664	111.666664	124.333336	130.33333	130.66667	134.0	147.33333	158.66667	165.33333	167.0	164.0	132.33333	98.666664	100.333336	112.333336	120.666664	118.0	112.0	112.666664	128.33333	151.0	157.66667	158.33333	155.66667	151.0	141.66667	138.0	142.0	137.0	115.666664	102.0	
2.3333333	2.6666667	19.0	66.666664	77.333336	85.666664	107.333336	121.333336	126.333336	127.333336	130.33333	140.66667	153.33333	161.66667	165.33333	165.66667	155.33333	130.66667	102.666664	86.0	86.333336	93.0	99.666664	119.0	140.33333	151.66667	157.66667	160.33333	154.0	149.0	141.33333	140.33333	141.33333	129.66667	111.666664	89.0	
1.6666666	2.3333333	12.0	60.666668	76.333336	79.666664	98.0	116.0	125.0	128.33333	130.0	138.33333	148.33333	158.33333	164.66667	168.33333	159.33333	151.66667	142.33333	127.666664	119.333336	121.0	129.66667	136.0	142.33333	151.0	159.66667	155.33333	149.0	146.0	139.33333	145.0	139.33333	117.666664	107.666664	64.333336	
1.6666666	1.6666666	7.6666665	53.666668	76.666664	77.0	87.666664	107.333336	121.333336	124.333336	125.666664	134.0	140.0	148.0	160.33333	170.33333	167.33333	163.33333	162.0	159.33333	161.0	165.0	164.66667	163.0	156.0	161.0	166.0	153.0	141.33333	141.66667	137.33333	138.33333	129.33333	108.666664	96.666664	39.0	
2.0	2.6666667	6.6666665	43.333332	75.666664	76.0	79.333336	91.666664	104.333336	110.333336	111.666664	121.0	134.33333	142.33333	151.66667	169.33333	176.66667	176.0	177.0	182.66667	188.0	190.66667	186.66667	185.0	178.0	176.0	174.66667	153.0	137.66667	133.33333	123.333336	127.0	116.333336	102.0	74.666664	20.666666	
2.3333333	4.3333335	9.0	39.0	76.0	78.0	77.666664	81.666664	88.333336	90.333336	92.0	101.333336	121.333336	133.33333	146.0	167.66667	177.33333	174.0	175.66667	186.33333	192.0	190.66667	186.0	183.0	181.66667	179.33333	171.0	145.66667	131.0	119.0	114.333336	114.666664	107.333336	92.333336	39.333332	15.0	
4.0	6.6666665	10.333333	43.666668	85.0	76.0	76.666664	77.0	82.333336	81.666664	76.333336	81.0	105.666664	120.666664	137.33333	159.66667	171.33333	169.33333	170.33333	181.33333	183.0	182.33333	185.66667	182.0	178.33333	176.0	156.33333	131.33333	116.333336	104.666664	110.0	109.0	97.666664	58.0	17.0	14.666667	
5.0	7.0	9.666667	47.0	112.333336	80.333336	78.0	75.0	75.333336	77.666664	74.333336	72.333336	82.333336	103.0	118.666664	139.0	156.66667	163.33333	169.33333	177.33333	176.0	169.33333	174.66667	170.33333	166.66667	152.66667	133.66667	114.0	98.333336	99.333336	106.333336	107.666664	74.333336	26.666666	13.666667	14.666667	
5.6666665	6.0	10.333333	39.666668	140.66667	106.666664	78.333336	73.666664	73.666664	78.333336	76.666664	75.333336	70.666664	76.666664	95.666664	110.666664	125.0	142.0	152.66667	164.66667	173.33333	163.0	158.33333	148.33333	140.33333	124.333336	106.0	88.333336	91.666664	105.0	105.333336	83.333336	35.0	14.333333	13.666667	15.0	
